receive_timestamp,source_vehicle,message_id,event_type,send_timestamp,latency_us
262796569819,108,1,receive,262794640838,1928981
262796570346,86,1,receive,262794641071,1929275
262796570818,234,1,receive,262794641428,1929390
262796571283,106,1,receive,262794641533,1929750
262796571735,428,1,receive,262794641957,1929778
262796572194,392,1,receive,262794641371,1930823
262796572635,422,1,receive,262794642630,1930005
262796681620,136,1,receive,262794642655,2038965
262796682111,142,1,receive,262794643116,2038995
262796682594,90,1,receive,262794644062,2038532
262796683073,278,1,receive,262794645016,2038057
262796696978,132,1,receive,262794645162,2051816
262796717667,96,1,receive,262794645700,2071967
262796718122,262,1,receive,262794646137,2071985
262796777970,82,1,receive,262794647666,2130304
262796778420,110,1,receive,262794648198,2130222
262796778858,12,1,receive,262794651507,2127351
262796779321,372,1,receive,262794651592,2127729
262796779788,156,1,receive,262794652107,2127681
262796780264,198,1,receive,262794652771,2127493
262796780757,186,1,receive,262794653417,2127340
262796885256,16,1,receive,262794654371,2230885
262796885708,376,1,receive,262794656043,2229665
262796886161,582,1,receive,262794656105,2230056
262796886607,380,1,receive,262794656620,2229987
262796887069,210,1,receive,262794657065,2230004
262796887541,580,1,receive,262794657773,2229768
262796979437,218,1,receive,262794659052,2320385
262796979904,596,1,receive,262794659861,2320043
262796980390,50,1,receive,262794660037,2320353
262796980855,76,1,receive,262794660045,2320810
262796981331,44,1,receive,262794661029,2320302
262796981799,592,1,receive,262794664405,2317394
262796982275,420,1,receive,262794665047,2317228
262796982747,588,1,receive,262794665889,2316858
262797098225,150,1,receive,262794668319,2429906
262797098711,632,1,receive,262794668908,2429803
262797099185,164,1,receive,262794669151,2430034
262797099644,384,1,receive,262794669749,2429895
262797100119,14,1,receive,262794650105,2450014
262797100580,542,1,receive,262794672968,2427612
262797207090,628,1,receive,262794676074,2531016
262797207544,52,1,receive,262794677035,2530509
262797207998,590,1,receive,262794679633,2528365
262797208456,170,1,receive,262794680405,2528051
262797208918,226,1,receive,262794680969,2527949
262797209402,364,1,receive,262794682340,2527062
262797209872,10,1,receive,262794651651,2558221
262797210351,88,1,receive,262794684352,2525999
262797210829,134,1,receive,262794684917,2525912
262797348963,358,1,receive,262794685038,2663925
262797349420,120,1,receive,262794685420,2664000
262797349871,758,1,receive,262794685979,2663892
262797350350,166,1,receive,262794688499,2661851
262797350809,208,1,receive,262794691855,2658954
262797351284,344,1,receive,262794693037,2658247
262797351751,832,1,receive,262794694048,2657703
262797458157,794,1,receive,262794695138,2763019
262797458609,442,1,receive,262794697452,2761157
262797459071,450,1,receive,262794698023,2761048
262797459526,162,1,receive,262794700773,2758753
262797459977,802,1,receive,262794702973,2757004
262797460437,812,1,receive,262794703956,2756481
262797460887,834,1,receive,262794704045,2756842
262797536441,126,1,receive,262794705053,2831388
262797536881,824,1,receive,262794709244,2827637
262797537353,818,1,receive,262794710825,2826528
262797537825,552,1,receive,262794712774,2825051
262797538312,752,1,receive,262794715035,2823277
262797538780,274,1,receive,262794718059,2820721
262797539254,830,1,receive,262794719284,2819970
262797539716,480,1,receive,262794719296,2820420
262797677606,822,1,receive,262794719860,2957746
262797678056,618,1,receive,262794721795,2956261
262797678512,520,1,receive,262794730338,2948174
262797678967,630,1,receive,262794730659,2948308
262797689495,500,1,receive,262794731099,2958396
262797689972,526,1,receive,262794732762,2957210
262797690449,348,1,receive,262794733707,2956742
262797690901,508,1,receive,262794734772,2956129
262797785367,836,1,receive,262794737218,3048149
262797785791,792,1,receive,262794738039,3047752
262797786236,762,1,receive,262794738054,3048182
262797786674,820,1,receive,262794738579,3048095
262797787119,168,1,receive,262794739068,3048051
262797830016,454,1,receive,262794739055,3090961
262797830467,354,1,receive,262794739204,3091263
262797830914,840,1,receive,262794739718,3091196
262797898462,388,1,receive,262794699467,3198995
262797898909,488,1,receive,262794741721,3157188
262797899371,92,1,receive,262794651844,3247527
262797899816,816,1,receive,262794745511,3154305
262797900273,202,1,receive,262794745539,3154734
262797900719,244,1,receive,262794745732,3154987
262797901181,212,1,receive,262794749217,3151964
262797901626,432,1,receive,262794657302,3244324
262798028093,178,1,receive,262794679202,3348891
262798028530,352,1,receive,262794747193,3281337
262798028977,610,1,receive,262794753207,3275770
262798029444,634,1,receive,262794756062,3273382
262798029890,540,1,receive,262794759061,3270829
262798030341,786,1,receive,262794759277,3271064
262798030782,494,1,receive,262794759442,3271340
262798031238,482,1,receive,262794759783,3271455
262798031682,838,1,receive,262794760973,3270709
262798156793,736,1,receive,262794761059,3395734
262798157259,712,1,receive,262794765916,3391343
262798157704,606,1,receive,262794767049,3390655
262798158155,594,1,receive,262794771037,3387118
262798158606,62,1,receive,262794771460,3387146
262798159053,236,1,receive,262794669024,3490029
262798159509,356,1,receive,262794775038,3384471
262798159958,724,1,receive,262794775084,3384874
262798273427,722,1,receive,262794775712,3497715
262798273881,788,1,receive,262794776734,3497147
262798274337,638,1,receive,262794777049,3497288
262798274780,466,1,receive,262794779063,3495717
262798275239,754,1,receive,262794779855,3495384
262798275682,744,1,receive,262794782098,3493584
262798276139,718,1,receive,262794784101,3492038
262798276586,58,1,receive,262794634580,3642006
262798401321,852,1,receive,262794785938,3615383
262798401789,842,1,receive,262794787098,3614691
262798402275,140,1,receive,262794705034,3697241
262798409028,874,1,receive,262794790712,3618316
262798426121,608,1,receive,262794791047,3635074
262798426582,740,1,receive,262794791185,3635397
262798427043,862,1,receive,262794791404,3635639
262798427507,586,1,receive,262794773034,3654473
262798427952,680,1,receive,262794800964,3626988
262798554383,556,1,receive,262794801210,3753173
262798554848,80,1,receive,262794753077,3801771
262798555326,810,1,receive,262794800687,3754639
262798555791,682,1,receive,262794803273,3752518
262798573981,848,1,receive,262794804357,3769624
262798574473,688,1,receive,262794805146,3769327
262798574946,670,1,receive,262794805425,3769521
262798677301,706,1,receive,262794805754,3871547
262798677794,532,1,receive,262794804039,3873755
262798678272,866,1,receive,262794807290,3870982
262798678855,846,1,receive,262794808433,3870422
262798702217,700,1,receive,262794808661,3893556
262798702687,666,1,receive,262794808832,3893855
262798792224,726,1,receive,262794809152,3983072
262798792685,886,1,receive,262794809654,3983031
262798793156,280,1,receive,262794804038,3989118
262798793612,534,1,receive,262794810019,3983593
262798794075,742,1,receive,262794810046,3984029
262798794535,734,1,receive,262794805975,3988560
262798795004,738,1,receive,262794804564,3990440
262798795468,578,1,receive,262794813571,3981897
262798795930,614,1,receive,262794818064,3977866
262798942413,766,1,receive,262794818592,4123821
262798942851,814,1,receive,262794819547,4123304
262798943325,760,1,receive,262794820818,4122507
262798943802,620,1,receive,262794817830,4125972
262798944276,864,1,receive,262794816273,4128003
262798944736,612,1,receive,262794824582,4120154
262799045325,768,1,receive,262794826059,4219266
262799045769,890,1,receive,262794828041,4217728
262799046205,472,1,receive,262794824203,4222002
262799046633,902,1,receive,262794828444,4218189
262799047063,878,1,receive,262794829373,4217690
262799047490,558,1,receive,262794826751,4220739
262799047932,882,1,receive,262794827769,4220163
262799048388,730,1,receive,262794831114,4217274
262799048827,780,1,receive,262794831798,4217029
262799188836,32,1,receive,262794664030,4524806
262799189277,174,1,receive,262794707028,4482249
262799189714,538,1,receive,262794831395,4358319
262799190168,774,1,receive,262794834551,4355617
262799190609,782,1,receive,262794831156,4359453
262799191060,636,1,receive,262794835757,4355303
262799191520,230,1,receive,262794836017,4355503
262799191976,568,1,receive,262794828903,4363073
262799319976,276,1,receive,262794718788,4601188
262799320456,184,1,receive,262794837518,4482938
262799320917,888,1,receive,262794838015,4482902
262799321397,708,1,receive,262794823509,4497888
262799321865,704,1,receive,262794836511,4485354
262799322337,536,1,receive,262794827439,4494898
262799322797,884,1,receive,262794818675,4504122
262799443748,880,1,receive,262794828803,4614945
262799444221,856,1,receive,262794841630,4602591
262799444677,674,1,receive,262794842731,4601946
262799445140,678,1,receive,262794849031,4596109
262799445599,868,1,receive,262794833809,4611790
262799446055,698,1,receive,262794848604,4597451
262799446513,806,1,receive,262794853081,4593432
262799446960,778,1,receive,262794855512,4591448
262799564604,720,1,receive,262794843242,4721362
262799565082,844,1,receive,262794842017,4723065
262799565540,900,1,receive,262794839300,4726240
262799565999,464,1,receive,262794827781,4738218
262799566467,804,1,receive,262794860983,4705484
262799566922,444,1,receive,262794861645,4705277
262799567390,790,1,receive,262794850137,4717253
262799567844,896,1,receive,262794858653,4709191
262799695688,870,1,receive,262794831029,4864659
262799696161,912,1,receive,262794858038,4838123
262799696611,116,1,receive,262794852130,4844481
262799697645,716,1,receive,262794853883,4843762
262799715188,876,1,receive,262794852260,4862928
262799715618,732,1,receive,262794852037,4863581
262799806314,854,1,receive,262794864460,4941854
262799806782,914,1,receive,262794874858,4931924
262799807251,828,1,receive,262794871988,4935263
262799807691,910,1,receive,262794873486,4934205
262799808151,892,1,receive,262794863422,4944729
262799808602,600,1,receive,262794874615,4933987
262799809053,924,1,receive,262794879157,4929896
262799897364,124,2,receive,262794780600,5116764
262799897814,918,1,receive,262794884191,5013623
262799898284,858,1,receive,262794875062,5023222
262799898730,628,2,receive,262794887482,5011248
262799899187,222,1,receive,262794858074,5041113
262799899630,826,1,receive,262794888886,5010744
262799900076,908,1,receive,262794887953,5012123
262799993746,916,1,receive,262794895909,5097837
262799994210,898,1,receive,262794897612,5096598
262799994665,206,1,receive,262794894084,5100581
262799997271,906,1,receive,262794896323,5100948
262799997710,176,1,receive,262794885163,5112547
262799998166,850,1,receive,262794880639,5117527
262799998618,702,1,receive,262794859037,5139581
262800097519,920,1,receive,262794906037,5191482
262800097955,904,1,receive,262794898967,5198988
262800098440,104,1,receive,262794693040,5405400
262800098907,894,1,receive,262794910035,5188872
262800099368,714,1,receive,262794869932,5229436
262800099814,432,2,receive,262794897567,5202247
262800100268,362,1,receive,262794890412,5209856
262800100717,74,2,receive,262794891949,5208768
262800216204,138,1,receive,262794906230,5309974
262800216655,872,1,receive,262794868647,5348008
262800217120,926,1,receive,262794922243,5294877
262800217577,860,1,receive,262794864783,5352794
262800218032,928,1,receive,262794926348,5291684
262800218484,922,1,receive,262794927383,5291101
262800218928,442,2,receive,262794921009,5297919
262800299362,172,1,receive,262794871811,5427551
262800299793,152,1,receive,262794921274,5378519
262800300256,820,2,receive,262794926445,5373811
262800300718,562,1,receive,262794948009,5352709
262800301174,378,1,receive,262794945663,5355511
262800301618,114,1,receive,262794899455,5402163
262800403096,758,2,receive,262794953280,5449816
262800403571,110,2,receive,262794921860,5481711
262800404023,148,1,receive,262794843310,5560713
262800404458,772,1,receive,262794960625,5443833
262800404897,212,2,receive,262794923249,5481648
262800405345,354,2,receive,262794884812,5520533
262800405781,938,1,receive,262794965518,5440263
262800492367,736,2,receive,262794901012,5591355
262800492841,934,1,receive,262794966837,5526004
262800493318,580,2,receive,262794955918,5537400
262800493774,888,2,receive,262794981489,5512285
262800494242,956,1,receive,262794984049,5510193
262800494694,508,2,receive,262794961472,5533222
262800495160,262,2,receive,262794986507,5508653
262800495625,962,1,receive,262794987230,5508395
262800606100,220,1,receive,262794979264,5626836
262800606532,838,2,receive,262794990251,5616281
262800606975,930,1,receive,262794990426,5616549
262800607439,700,2,receive,262794990760,5616679
262800607884,418,1,receive,262794895366,5712518
262800608345,12,2,receive,262794920545,5687800
262800608802,958,1,receive,262794999239,5609563
262800701236,964,1,receive,262795001085,5700151
262800701651,954,1,receive,262795002131,5699520
262800702082,948,1,receive,262795005276,5696806
262800702521,860,3,receive,262796616224,4086297
262800702960,894,4,receive,262796604007,4098953
262800703406,608,3,receive,262796613488,4089918
262800743146,520,5,receive,262796640159,4102987
262800743588,536,4,receive,262796584199,4159389
262800791922,1000,3,receive,262796674246,4117676
262800792381,392,4,receive,262796647882,4144499
262800792825,932,4,receive,262796496849,4295976
262800793298,990,3,receive,262796609500,4183798
262800793768,754,4,receive,262796701511,4092257
262800794235,186,5,receive,262796564005,4230230
262800794691,716,4,receive,262796566203,4228488
262800860304,722,4,receive,262796722616,4137688
262800860761,682,4,receive,262796646088,4214673
262800861243,450,4,receive,262796776010,4085233
262800861965,940,4,receive,262796704519,4157446
262800862425,376,4,receive,262796700351,4162074
262800862874,904,3,receive,262796734213,4128661
262800891829,134,5,receive,262796627617,4264212
262800936679,162,5,receive,262796767761,4168918
262800937147,612,4,receive,262796703388,4233759
262800937603,830,4,receive,262796816006,4121597
262800938097,942,3,receive,262796888008,4050089
262800938561,72,4,receive,262796760006,4178555
262800939029,24,5,receive,262796862009,4077020
262800939489,454,4,receive,262796838658,4100831
262800939945,290,4,receive,262796744006,4195939
262801031418,734,5,receive,262796903006,4128412
262801031840,280,3,receive,262796930006,4101834
262801032302,914,4,receive,262796942215,4090087
262801032753,394,2,receive,262796964541,4068212
262801033211,896,5,receive,262796973726,4059485
262801033663,640,4,receive,262797002008,4031655
262801034123,862,4,receive,262797003007,4031116
262801115284,870,4,receive,262796997078,4118206
262801115726,816,5,receive,262797137434,3978292
262801116174,60,4,receive,262797133713,3982461
262801116621,628,6,receive,262797116099,4000522
262801117101,288,3,receive,262797201006,3916095
262801117563,20,5,receive,262797138062,3979501
262801189041,380,5,receive,262797129006,4060035
262801189504,58,5,receive,262797220580,3968924
262801189963,864,4,receive,262797131258,4058705
262801190439,70,5,receive,262797136078,4054361
262801190906,358,8,receive,262797162534,4028372
262801191380,892,4,receive,262797139909,4051471
262801191847,96,4,receive,262797168011,4023836
262801192316,854,5,receive,262797203970,3988346
262801274176,762,4,receive,262797221217,4052959
262801274645,84,4,receive,262797210064,4064581
262801275115,998,5,receive,262797348013,3927102
262801275579,392,5,receive,262797347936,3927643
262801276050,110,8,receive,262797363249,3912801
262801276515,990,4,receive,262797343271,3933244
262801350839,124,7,receive,262797335011,4015828
262801351313,376,5,receive,262797370006,3981307
262801351760,508,7,receive,262797439737,3912023
262801352214,120,7,receive,262797439067,3913147
262801352672,724,4,receive,262797484349,3868323
262801353148,438,3,receive,262797406006,3947142
262801353611,138,5,receive,262797469791,3883820
262801434972,988,5,receive,262797474013,3960959
262801435423,100,5,receive,262797482067,3953356
262801435879,372,8,receive,262797494006,3941873
262801436348,1000,4,receive,262797491010,3945338
262801436798,950,7,receive,262797549450,3887348
262801467461,904,5,receive,262797530452,3937009
262801467950,496,2,receive,262797538303,3929647
262801468426,244,6,receive,262797541641,3926785
262801468888,274,6,receive,262797526987,3941901
262801542274,30,4,receive,262797461007,4081267
262801542709,600,5,receive,262797675682,3867027
262801543178,466,7,receive,262797591005,3952173
262801543627,866,7,receive,262797646296,3897331
262801544079,768,5,receive,262797671006,3873073
262801544533,762,5,receive,262797629082,3915451
262801544979,968,5,receive,262797623717,3921262
262801616439,402,2,receive,262797635847,3980592
262801616889,670,7,receive,262797701082,3915807
262801617351,712,6,receive,262797744490,3872861
262801617794,86,6,receive,262797751560,3866234
262801618255,706,5,receive,262797763565,3854690
262801618696,702,5,receive,262797764198,3854498
262801687204,434,5,receive,262797785302,3901902
262801687656,276,5,receive,262797626222,4061434
262801688152,596,7,receive,262797742734,3945418
262801688607,22,5,receive,262797691007,3997600
262801696690,422,6,receive,262797824784,3871906
262801697148,638,6,receive,262797904012,3793136
262801697596,290,6,receive,262797793356,3904240
262801762862,178,6,receive,262797904640,3858222
262801763318,12,6,receive,262797864006,3899312
262801763745,946,5,receive,262797842205,3921540
262801764797,948,6,receive,262797863448,3901349
262801765240,768,6,receive,262797908010,3857230
262801765664,170,6,receive,262798051079,3714585
262801766096,120,10,receive,262798051648,3714448
262801835030,364,8,receive,262797976793,3858237
262801835478,212,8,receive,262797992072,3843406
262801835908,618,6,receive,262798013082,3822826
262801836366,418,6,receive,262797999007,3837359
262801836821,670,8,receive,262797989220,3847601
262801847130,444,6,receive,262798059977,3787153
262801850467,500,5,receive,262797974010,3876457
262801850923,866,8,receive,262798178791,3672132
262801900403,184,8,receive,262798180788,3719615
262801900859,42,8,receive,262798090581,3810278
262801901348,982,7,receive,262798176814,3724534
262801901805,76,9,receive,262798165782,3736023
262801902278,778,7,receive,262798125924,3776354
262801902744,104,6,receive,262797993005,3909739
262801960555,406,2,receive,262798196439,3764116
262801960989,714,6,receive,262798322011,3638978
262801961439,766,6,receive,262798404075,3557364
262801961891,758,9,receive,262798373309,3588582
262801962353,420,6,receive,262798389131,3573222
262801962798,50,9,receive,262798345319,3617479
262801963256,54,5,receive,262798328528,3634728
262801963707,222,6,receive,262798280007,3683700
262802034199,918,8,receive,262798244421,3789778
262802034657,262,9,receive,262798403011,3631646
262802035132,966,5,receive,262798369377,3665755
262802035588,894,7,receive,262798406412,3629176
262802036048,792,7,receive,262798200198,3835850
262802063339,656,2,receive,262798308011,3755328
262802063770,724,6,receive,262798309035,3754735
262802110906,208,6,receive,262798422014,3688892
262802111368,924,7,receive,262798371229,3740139
262802111830,816,7,receive,262798395454,3716376
262802116019,826,6,receive,262798457009,3659010
262802116471,926,6,receive,262798545801,3570670
262802116926,592,8,receive,262798494468,3622458
262802117394,666,6,receive,262798563008,3554386
262802117846,72,6,receive,262798551378,3566468
262802185638,754,7,receive,262798478298,3707340
262802186085,962,7,receive,262798473008,3713077
262802186527,12,7,receive,262798523212,3663315
262802186961,22,6,receive,262798712313,3474648
262802187430,552,8,receive,262798674202,3513228
262802187876,58,9,receive,262798706383,3481493
262802188331,86,7,receive,262798676404,3511927
262802188780,892,8,receive,262798715010,3473770
262802272964,280,7,receive,262798742111,3530853
262802273418,68,6,receive,262798736133,3537285
262802273865,104,7,receive,262798816367,3457498
262802274339,232,4,receive,262798784149,3490190
262802274801,906,7,receive,262798771515,3503286
262802275272,316,1,receive,262798812316,3462956
262802275731,952,10,receive,262798785117,3490614
262802362023,606,6,receive,262798756010,3606013
262802362526,488,7,receive,262798751866,3610660
262802362975,742,6,receive,262798910534,3452441
262802363439,916,7,receive,262798873313,3490126
262802363894,556,8,receive,262798864476,3499418
262802364350,646,5,receive,262798897185,3467165
262802364810,888,7,receive,262798891586,3473224
262802443236,656,3,receive,262798938010,3505226
262802443660,68,7,receive,262799011008,3432652
262802444101,80,10,receive,262798967010,3477091
262802444525,910,7,receive,262799048108,3396417
262802444961,540,8,receive,262799010442,3434519
262802445416,684,1,receive,262799060607,3384809
262802445856,962,8,receive,262798950927,3494929
262802527336,102,7,receive,262798889354,3637982
262802527767,886,7,receive,262799019522,3508245
262802528227,778,9,receive,262799015708,3512519
262802528676,976,10,receive,262799148532,3380144
262802529142,922,8,receive,262799121072,3408070
262802529591,288,7,receive,262799142634,3386957
262802530050,682,8,receive,262799089005,3441045
262802530505,388,9,receive,262799111007,3419498
262802530953,628,11,receive,262799199133,3331820
262802623896,762,8,receive,262799112632,3511264
262802624355,986,8,receive,262799217009,3407346
262802624864,558,9,receive,262799334809,3290055
262802625344,932,7,receive,262799247010,3378334
262802625805,980,7,receive,262799307314,3318491
262802626278,790,9,receive,262799329900,3296378
262802626741,94,7,receive,262799231855,3394886
262802693051,356,10,receive,262799342814,3350237
262802693503,754,8,receive,262799334974,3358529
262802693958,454,8,receive,262799446258,3247700
262802694409,608,7,receive,262799400428,3293981
262802694856,688,6,receive,262799347133,3347723
262802695311,556,9,receive,262799456009,3239302
262802726674,482,8,receive,262799380084,3346590
262802763376,816,9,receive,262799382006,3381370
262802763829,288,8,receive,262799374818,3389011
262802764291,930,8,receive,262799464405,3299886
262802764751,1000,9,receive,262799539886,3224865
262802765206,974,8,receive,262799576301,3188905
262802765667,2,8,receive,262799576898,3188769
262802766123,716,8,receive,262799541288,3224835
262802766567,768,10,receive,262799486752,3279815
262802828298,124,10,receive,262799529083,3299215
262802828746,84,7,receive,262799517437,3311309
262802829173,24,9,receive,262799486795,3342378
262802829601,552,9,receive,262799681006,3148595
262802830056,152,8,receive,262799666006,3164050
262802830508,766,8,receive,262799632868,3197640
262802830953,160,8,receive,262799570932,3260021
262802831413,118,8,receive,262799777707,3053706
262802831864,760,11,receive,262799747332,3084532
262802903626,902,9,receive,262799765621,3138005
262802904080,568,8,receive,262799794646,3109434
262802904531,132,8,receive,262799701266,3203265
262802904979,144,7,receive,262799805040,3099939
262802905437,362,8,receive,262799716407,3189030
262802905877,994,9,receive,262799818266,3087611
262802906337,380,8,receive,262799747535,3158802
262802906787,344,11,receive,262799885259,3021528
262802967366,658,5,receive,262799843658,3123708
262802967823,198,8,receive,262799889198,3078625
262802968293,502,5,receive,262799869400,3098893
262802968743,562,9,receive,262799914562,3054181
262802969195,208,8,receive,262799810010,3159185
262802969639,152,9,receive,262799914445,3055194
262802970090,154,5,receive,262799972044,2998046
262802970535,520,10,receive,262800061167,2909368
262802970977,22,9,receive,262800035712,2935265
262803029942,668,4,receive,262800077713,2952229
262803030386,900,9,receive,262799974410,3055976
262803030829,658,6,receive,262800051467,2979362
262803031284,438,7,receive,262800076444,2954840
262803039836,212,13,receive,262800086087,2953749
262803040297,68,9,receive,262800077017,2963280
262803040742,914,7,receive,262800088754,2951988
262803086328,278,11,receive,262799945767,3140561
262803086759,646,7,receive,262800039009,3047750
262803087221,502,6,receive,262800094317,2992904
262803087652,986,9,receive,262800111764,2975888
262803088096,628,14,receive,262800125688,2962408
262803107129,588,9,receive,262800179274,2927855
262803107578,98,12,receive,262800226065,2881513
262803151677,946,10,receive,262800242547,2909130
262803152131,118,9,receive,262800236043,2916088
262803152570,362,9,receive,262800187005,2965565
262803152999,848,9,receive,262800217401,2935598
262803153460,606,8,receive,262800084067,3069393
262803153909,556,10,receive,262800352098,2801811
262803154398,592,10,receive,262800338010,2816388
262803154848,832,8,receive,262800383549,2771299
262803214911,116,8,receive,262800414333,2800578
262803215375,128,10,receive,262800238303,2977072
262803215825,802,10,receive,262800401019,2814806
262803216336,658,7,receive,262800424006,2792330
262803220411,480,10,receive,262800356007,2864404
262803220852,908,12,receive,262800377283,2843569
262803221314,402,7,receive,262800442011,2779303
262803221763,688,7,receive,262800414010,2807753
262803283424,8,10,receive,262800389547,2893877
262803283878,990,8,receive,262800340466,2943412
262803284356,794,12,receive,262800394667,2889689
262803284826,914,8,receive,262800542009,2742817
262803285311,578,12,receive,262800483672,2801639
262803285774,852,10,receive,262800615347,2670427
262803286251,352,10,receive,262800560205,2726046
262803343205,110,13,receive,262800569006,2774199
262803343650,102,9,receive,262800585504,2758146
262803344108,228,8,receive,262800587938,2756170
262803344549,32,10,receive,262800546171,2798378
262803344998,646,8,receive,262800601277,2743721
262803345467,968,8,receive,262800602819,2742648
262803345925,14,12,receive,262800554007,2791918
262803400810,54,8,receive,262800571272,2829538
262803401278,178,9,receive,262800544007,2857271
262803401734,960,9,receive,262800593126,2808608
262803402201,860,9,receive,262800708997,2693204
262803402673,402,8,receive,262800699649,2703024
262803403140,390,9,receive,262800729325,2673815
262803403592,50,12,receive,262800650397,2753195
262803465204,466,12,receive,262800702295,2762909
262803465666,508,11,receive,262800668102,2797564
262803466124,96,10,receive,262800713852,2752272
262803466578,892,12,receive,262800793214,2673364
262803467035,856,9,receive,262800680009,2787026
262803467491,738,10,receive,262800783183,2684308
262803485921,850,10,receive,262800726903,2759018
262803486397,866,11,receive,262800800475,2685922
262803486865,48,10,receive,262800779766,2707099
262803528595,978,10,receive,262800552829,2975766
262803529030,206,12,receive,262800709411,2819619
262803529461,820,12,receive,262800797249,2732212
262803529912,362,11,receive,262800835462,2694450
262803530364,722,13,receive,262800836016,2694348
262803530828,884,11,receive,262800838198,2692630
262803593238,698,10,receive,262800824193,2769045
262803593704,146,9,receive,262800899866,2693838
262803594157,388,12,receive,262800867670,2726487
262803594595,998,10,receive,262800951588,2643007
262803595044,356,13,receive,262800950011,2645033
262803595487,910,10,receive,262800932011,2663476
262803595927,390,10,receive,262800951083,2644844
262803596392,940,10,receive,262800923005,2673387
262803596850,496,6,receive,262800900863,2695987
262803661769,114,9,receive,262800906235,2755534
262803662235,970,8,receive,262800947249,2714986
262803662683,902,11,receive,262800844258,2818425
262803663143,842,13,receive,262800992368,2670775
262803663601,520,11,receive,262801039064,2624537
262803664059,812,12,receive,262800964008,2700051
262803664516,790,13,receive,262801022846,2641670
262803664968,826,12,receive,262801035009,2629959
262803722816,604,8,receive,262801029695,2693121
262803723278,994,11,receive,262800986325,2736953
262803723726,218,13,receive,262801152225,2571501
262803724186,974,10,receive,262801188865,2535321
262803724638,320,4,receive,262801160659,2563979
262803725109,678,12,receive,262801129006,2596103
262803725556,874,12,receive,262801171071,2554485
262803725997,908,14,receive,262801191552,2534445
262803778977,824,9,receive,262801201009,2577968
262803779436,480,11,receive,262801121191,2658245
262803779923,940,11,receive,262801144185,2635738
262803780425,960,10,receive,262801210578,2569847
262803780881,214,3,receive,262801116341,2664540
262803781338,192,1,receive,262801228469,2552869
262803781782,982,13,receive,262801152262,2629520
262803826586,268,3,receive,262801196443,2630143
262803827039,866,12,receive,262801224730,2602309
262803827488,654,9,receive,262801269413,2558075
262803827935,442,11,receive,262801278084,2549851
262803828381,646,9,receive,262801260416,2567965
262803828827,958,11,receive,262801286276,2542551
262803829281,508,12,receive,262801285090,2544191
262803868793,500,11,receive,262801302602,2566191
262803869253,772,13,receive,262801320622,2548631
262803869848,912,10,receive,262801319751,2550097
262803870306,658,8,receive,262801284038,2586268
262803879980,902,12,receive,262801255010,2624970
262803880439,54,9,receive,262801356788,2523651
262803918939,782,12,receive,262801269438,2649501
262803919421,708,14,receive,262801438137,2481284
262803919877,388,13,receive,262801421827,2498050
262803920338,44,10,receive,262801433461,2486877
262803920795,226,10,receive,262801431677,2489118
262803930959,892,13,receive,262801398683,2532276
262803936513,698,11,receive,262801432693,2503820
262803971031,244,12,receive,262801458715,2512316
262803971534,874,13,receive,262801432403,2539131
262803971990,910,11,receive,262801435365,2536625
262803972453,144,9,receive,262801545894,2426559
262803972903,324,4,receive,262801459953,2512950
262803973365,674,12,receive,262801541098,2432267
262803973812,406,9,receive,262801531631,2442181
262803974271,190,2,receive,262801465749,2508522
262803974723,614,11,receive,262801501751,2472972
262804021989,316,4,receive,262801536353,2485636
262804022470,908,15,receive,262801622605,2399865
262804022938,272,5,receive,262801611511,2411427
262804023427,872,11,receive,262801487642,2535785
262804023896,878,10,receive,262801586144,2437752
262804024373,178,10,receive,262801596678,2427695
262804024835,242,1,receive,262801630611,2394224
262804074323,782,13,receive,262801691145,2383178
262804074788,258,7,receive,262801624189,2450599
262804075244,58,13,receive,262801706622,2368622
262804075680,188,2,receive,262801674839,2400841
262804076495,908,16,receive,262801744843,2331652
262804076960,152,12,receive,262801722797,2354163
262804077433,856,10,receive,262801702133,2375300
262804077892,656,7,receive,262801765787,2312105
262804125784,470,7,receive,262801756649,2369135
262804126244,380,12,receive,262801773699,2352545
262804126688,714,14,receive,262801724718,2401970
262804127141,94,11,receive,262801713212,2413929
262804127588,362,13,receive,262801759194,2368394
262804128065,870,12,receive,262801741939,2386126
262804128534,438,10,receive,262801748657,2379877
262804128999,558,12,receive,262801838599,2290400
262804176500,918,14,receive,262801783767,2392733
262804176965,950,14,receive,262801795011,2381954
262804177433,948,11,receive,262801841950,2335483
262804177894,494,13,receive,262801797398,2380496
262804178357,86,11,receive,262801773072,2405285
262804178811,722,15,receive,262801839178,2339633
262804179280,272,6,receive,262801886839,2292441
262804224722,538,13,receive,262801911141,2313581
262804225167,874,14,receive,262801911854,2313313
262804225619,442,13,receive,262801877743,2347876
262804226084,954,11,receive,262801794012,2432072
262804226539,744,12,receive,262801915816,2310723
262804226988,424,1,receive,262801937415,2289573
262804227443,70,11,receive,262801920688,2306755
262804227891,146,11,receive,262801914759,2313132
262804277833,610,11,receive,262801919693,2358140
262804278297,726,13,receive,262801987619,2290678
262804278751,582,13,receive,262801977423,2301328
262804279212,952,14,receive,262801968318,2310894
262804279671,324,5,receive,262801920930,2358741
262804280133,10,12,receive,262802013914,2266219
262804280579,696,2,receive,262801970641,2309938
262804332025,190,3,receive,262801979005,2353020
262804332501,136,10,receive,262802022037,2310464
262804332964,402,10,receive,262802021009,2311955
262804333435,902,14,receive,262802066893,2266542
262804345807,786,13,receive,262802057069,2288738
262804346267,246,2,receive,262802089469,2256798
262804346714,74,14,receive,262802101446,2245268
262804388798,788,15,receive,262802125008,2263790
262804389273,444,13,receive,262802080341,2308932
262804389728,236,11,receive,262802084174,2305554
262804390199,174,15,receive,262802097765,2292434
262804390653,658,9,receive,262802103846,2286807
262804391135,244,13,receive,262802105010,2286125
262804391601,342,1,receive,262802177065,2214536
262804438454,172,10,receive,262802192142,2246312
262804438901,366,13,receive,262802186015,2252886
262804439370,336,2,receive,262802180570,2258800
262804440342,556,13,receive,262802200008,2240334
262804440791,382,11,receive,262802169867,2270924
262804441254,916,12,receive,262802155236,2286018
262804441699,218,14,receive,262802172220,2269479
262804490825,930,14,receive,262802217005,2273820
262804491306,744,13,receive,262802272663,2218643
262804491775,444,14,receive,262802286636,2205139
262804492252,578,14,receive,262802249070,2243182
262804492718,700,13,receive,262802281509,2211209
262804493209,276,11,receive,262802268010,2225199
262804493679,682,12,receive,262802279949,2213730
262804568128,360,1,receive,262802362939,2205189
262804568589,872,12,receive,262802315006,2253583
262804569101,622,11,receive,262802353009,2216092
262804569560,392,13,receive,262802319773,2249787
262804570019,320,6,receive,262802382009,2188010
262804570483,86,12,receive,262802390804,2179679
262804570939,662,6,receive,262802396010,2174929
262804571405,866,14,receive,262802294235,2277170
262804571856,816,14,receive,262802385031,2186825
262804619653,820,15,receive,262802359731,2259922
262804620078,10,13,receive,262802418398,2201680
262804620504,406,10,receive,262802389708,2230796
262804620973,684,6,receive,262802414746,2206227
262804621442,232,8,receive,262802445012,2176430
262804621885,320,7,receive,262802499625,2122260
262804622339,580,12,receive,262802501376,2120963
262804622786,996,13,receive,262802451322,2171464
262804675856,174,16,receive,262802464006,2211850
262804676308,862,14,receive,262802434726,2241582
262804678522,172,11,receive,262802547006,2131516
262804685481,126,13,receive,262802506007,2179474
262804695613,182,6,receive,262802498006,2197607
262804696085,146,12,receive,262802544375,2151710
262804696589,866,15,receive,262802616285,2080304
262804722384,594,14,receive,262802618172,2104212
262804722822,934,13,receive,262802638422,2084400
262804723277,58,15,receive,262802565798,2157479
262804723724,556,14,receive,262802624153,2099571
262804724196,816,15,receive,262802601547,2122649
262804724649,308,4,receive,262802650570,2074079
262804757204,654,12,receive,262802660348,2096856
262804757642,398,13,receive,262802629241,2128401
262804758077,722,18,receive,262802628815,2129262
262804758509,80,15,receive,262802703040,2055469
262804758938,284,1,receive,262802691522,2067416
262804759385,102,12,receive,262802622841,2136544
262804759840,656,8,receive,262802721290,2038550
262804760302,328,5,receive,262802768508,1991794
262804798458,694,4,receive,262802741939,2056519
262804798894,172,12,receive,262802740351,2058543
262804799386,256,2,receive,262802713009,2086377
262804799831,100,14,receive,262802737009,2062822
262804800285,836,12,receive,262802776069,2024216
262804800735,610,12,receive,262802730672,2070063
262804815431,802,13,receive,262802768304,2047127
262804815873,944,12,receive,262802779057,2036816
262804839699,352,13,receive,262802789335,2050364
262804840158,458,1,receive,262802834809,2005349
262804840598,812,14,receive,262802835562,2005036
262804849055,968,12,receive,262802786885,2062170
262804851298,934,14,receive,262802760774,2090524
262804859305,682,14,receive,262802819881,2039424
262804879030,594,15,receive,262802833027,2046003
262804879464,70,12,receive,262802861009,2018455
262804879897,556,15,receive,262802912668,1967229
262804880355,28,13,receive,262802912765,1967590
262804885096,246,3,receive,262802894068,1991028
262804885566,538,15,receive,262802909006,1976560
262804886030,824,12,receive,262802847010,2039020
262804886495,520,14,receive,262802880991,2005504
262804886955,696,3,receive,262802904012,1982943
262804922054,432,13,receive,262802873133,2048921
262804922517,946,15,receive,262802962006,1960511
262804922967,4,1,receive,262802882579,2040388
262804923430,600,12,receive,262802917236,2006194
262804923891,436,7,receive,262802974202,1949689
262804939196,332,4,receive,262802871165,2068031
262804939646,262,14,receive,262802970895,1968751
262804965123,298,1,receive,262802964745,2000378
262804965569,502,13,receive,262802959142,2006427
262804966021,328,6,receive,262802987408,1978613
262804966460,912,12,receive,262802962872,2003588
262804966890,986,15,receive,262803025481,1941409
262804967350,974,13,receive,262803000505,1966845
262804967790,50,17,receive,262803001005,1966785
262804999338,994,14,receive,262802999944,1999394
262804999788,960,12,receive,262803020122,1979666
262805000250,952,16,receive,262803051688,1948562
262805000699,658,12,receive,262803124863,1875836
262805001157,956,15,receive,262803110679,1890478
262805001601,772,17,receive,262803175005,1826596
262805002050,610,13,receive,262803101194,1900856
262805002500,380,14,receive,262803116006,1886494
262805002941,478,1,receive,262803176061,1826880
262805046234,152,15,receive,262803169078,1877156
262805046673,244,15,receive,262803161034,1885639
262805047130,166,15,receive,262803159579,1887551
262805047577,328,7,receive,262803139528,1908049
262805048024,190,5,receive,262803127119,1920905
262805048468,978,14,receive,262803155009,1893459
262805079065,22,15,receive,262803149587,1929478
262805079501,500,15,receive,262803199464,1880037
262805079926,786,15,receive,262803164745,1915181
262805080371,976,16,receive,262803182005,1898366
262805080799,270,3,receive,262803224551,1856248
262805089222,276,13,receive,262803113205,1976017
262805089674,342,4,receive,262803172009,1917665
262805112917,252,9,receive,262803209974,1902943
262805113356,360,2,receive,262803192337,1921019
262805113788,662,8,receive,262803228009,1885779
262805114253,660,11,receive,262803244094,1870159
262805114700,214,6,receive,262803283965,1830735
262805115159,394,11,receive,262803281473,1833686
262805115613,312,5,receive,262803282871,1832742
262805148588,324,7,receive,262803251007,1897581
262805149050,266,3,receive,262803286146,1862904
262805149504,20,15,receive,262803248427,1901077
262805149928,444,15,receive,262803248502,1901426
262805150359,188,5,receive,262803306658,1843701
262805150784,146,13,receive,262803325006,1825778
262805151241,304,4,receive,262803318146,1833095
262805151687,934,15,receive,262803343690,1807997
262805198577,110,17,receive,262803359004,1839573
262805199054,942,12,receive,262803315601,1883453
262805199523,80,16,receive,262803349006,1850517
262805199984,424,3,receive,262803379212,1820772
262805200455,604,11,receive,262803393130,1807325
262805200913,862,15,receive,262803388387,1812526
262805209793,526,14,receive,262803419768,1790025
262805238302,492,1,receive,262803373505,1864797
262805238761,368,1,receive,262803422628,1816133
262805239226,582,15,receive,262803421006,1818220
262805239679,296,6,receive,262803422417,1817262
262805240147,638,13,receive,262803447613,1792534
262805240596,508,16,receive,262803418199,1822397
262805241065,244,16,receive,262803428823,1812242
262805241518,816,16,receive,262803413126,1828392
262805241974,66,13,receive,262803454425,1787549
262805285223,232,9,receive,262803469654,1815569
262805285686,948,13,receive,262803451089,1834597
262805286159,580,13,receive,262803506157,1780002
262805286622,608,14,receive,262803457742,1828880
262805287091,388,16,receive,262803474669,1812422
262805287562,352,14,receive,262803517703,1769859
262805328535,316,7,receive,262803524007,1804528
262805328976,410,4,receive,262803491760,1837216
262805329414,504,1,receive,262803535059,1794355
262805329840,902,16,receive,262803570011,1759829
262805330273,302,3,receive,262803530649,1799624
262805330703,358,17,receive,262803537191,1793512
262805331162,172,13,receive,262803586614,1744548
262805331612,50,18,receive,262803576274,1755338
262805369975,272,8,receive,262803576576,1793399
262805370457,934,16,receive,262803599196,1771261
262805370910,696,4,receive,262803593721,1777189
262805371362,190,6,receive,262803615385,1755977
262805371817,210,14,receive,262803664836,1706981
262805372295,400,1,receive,262803641923,1730372
262805372744,726,16,receive,262803620299,1752445
262805413662,342,5,receive,262803643064,1770598
262805414101,28,14,receive,262803624639,1789462
262805414528,782,16,receive,262803678759,1735769
262805414957,694,5,receive,262803647003,1767954
262805415413,244,17,receive,262803661877,1753536
262805415858,310,2,receive,262803694545,1721313
262805416345,338,3,receive,262803736658,1679687
262805416785,246,4,receive,262803728262,1688523
262805456116,520,15,receive,262803741591,1714525
262805456565,432,14,receive,262803705661,1750904
262805457005,444,16,receive,262803703010,1753995
262805457444,916,14,receive,262803735847,1721597
262805457878,946,16,receive,262803731278,1726600
262805458322,514,1,receive,262803781293,1677029
262805458756,252,10,receive,262803747709,1711047
262805496662,374,2,receive,262803798743,1697919
262805497096,970,12,receive,262803748626,1748470
262805497526,192,4,receive,262803769735,1727791
262805497958,284,3,receive,262803766504,1731454
262805498405,332,5,receive,262803819643,1678762
262805498844,58,17,receive,262803809957,1688887
262805499287,980,18,receive,262803834131,1665156
262805499719,468,3,receive,262803790809,1708910
262805541805,398,15,receive,262803812010,1729795
262805542267,910,14,receive,262803807880,1734387
262805542705,298,3,receive,262803803186,1739519
262805543153,956,16,receive,262803807375,1735778
262805543603,308,7,receive,262803868473,1675130
262805544048,430,3,receive,262803821073,1722975
262805544483,20,17,receive,262803885063,1659420
262805544911,412,1,receive,262803872185,1672726
262805585909,312,6,receive,262803896007,1689902
262805586378,944,14,receive,262803898885,1687493
262805586824,478,3,receive,262803855127,1731697
262805587799,604,12,receive,262803919073,1668726
262805588252,190,7,receive,262803910178,1678074
262805588696,296,7,receive,262803878512,1710184
262805589149,502,14,receive,262803896488,1692661
262805589589,404,14,receive,262803906628,1682961
262805643052,360,3,receive,262803887666,1755386
262805643482,470,11,receive,262803925070,1718412
262805643902,968,15,receive,262803959485,1684417
262805644337,210,15,receive,262803972211,1672126
262805644772,524,1,receive,262803972335,1672437
262805645217,554,7,receive,262803974402,1670815
262805645653,708,18,receive,262803897311,1748342
262805656162,652,10,receive,262803985346,1670816
262805656583,824,14,receive,262803908477,1748106
262805681641,242,6,receive,262803980403,1701238
262805682119,664,1,receive,262804026262,1655857
262805682571,476,14,receive,262804026849,1655722
262805683038,310,3,receive,262804021289,1661749
262805690768,58,18,receive,262804007030,1683738
262805691210,836,14,receive,262804038744,1652466
262805691639,4,2,receive,262804008077,1683562
262805725848,294,3,receive,262804015092,1710756
262805726313,374,3,receive,262804054220,1672093
262805726770,940,16,receive,262804073842,1652928
262805727237,504,2,receive,262804072123,1655114
262805727690,182,8,receive,262804062765,1664925
262805728155,18,14,receive,262804071204,1656951
262805728608,646,13,receive,262804093509,1635099
262805764487,180,8,receive,262804084007,1680480
262805764933,980,19,receive,262804091042,1673891
262805765399,336,5,receive,262804117194,1648205
262805765850,342,6,receive,262804130886,1634964
262805766307,74,16,receive,262804101009,1665298
262805766753,442,16,receive,262804139597,1627156
262805767206,470,12,receive,262804139178,1628028
262805767649,410,5,receive,262804128006,1639643
262805818105,414,10,receive,262804134192,1683913
262805818533,338,4,receive,262804055258,1763275
262805818953,306,3,receive,262804168501,1650452
262805819379,612,15,receive,262804153128,1666251
262805819844,952,18,receive,262804187200,1632644
262805820293,978,16,receive,262804164457,1655836
262805820732,614,16,receive,262804167881,1652851
262805821180,538,17,receive,262804165566,1655614
262805866247,878,14,receive,262804171010,1695237
262805866696,258,11,receive,262804187689,1679007
262805867170,728,1,receive,262804234856,1632314
262805867620,302,5,receive,262804216129,1651491
262805872036,324,8,receive,262804212400,1659636
262805872476,20,18,receive,262804228771,1643705
262805872903,394,12,receive,262804226188,1646715
262805904924,520,16,receive,262804242208,1662716
262805905374,390,15,receive,262804238080,1667294
262805905815,2,16,receive,262804282480,1623335
262805906271,178,13,receive,262804331792,1574479
262805906717,338,5,receive,262804338863,1567854
262805916924,304,5,receive,262804322890,1594034
262805921712,492,2,receive,262804349416,1572296
262805949050,692,1,receive,262804357057,1591993
262805949489,448,8,receive,262804324888,1624601
262805949934,952,19,receive,262804350810,1599124
262805950387,812,16,receive,262804371747,1578640
262805950833,194,11,receive,262804375370,1575463
262805951290,270,5,receive,262804367006,1584284
262805951730,934,19,receive,262804381960,1569770
262805992427,862,16,receive,262804387321,1605106
262805992875,244,19,receive,262804367538,1625337
262805993335,188,7,receive,262804399297,1594038
262805993780,864,16,receive,262804390014,1603766
262805994244,522,1,receive,262804405369,1588875
262805994701,242,7,receive,262804393046,1601655
262805995165,948,14,receive,262804374925,1620240
262805995614,386,7,receive,262804413400,1582214
262806049538,316,8,receive,262804420378,1629160
262806049959,672,1,receive,262804446661,1603298
262806050399,608,15,receive,262804452583,1597816
262806050834,460,1,receive,262804461312,1589522
262806051281,320,11,receive,262804428137,1623144
262806051722,238,6,receive,262804441931,1609791
262806052177,304,6,receive,262804470971,1581206
262806052610,332,7,receive,262804414555,1638055
262806102076,594,18,receive,262804512456,1589620
262806102532,462,1,receive,262804496860,1605672
262806102993,444,17,receive,262804512010,1590983
262806103460,130,1,receive,262804516651,1586809
262806103908,2,17,receive,262804527010,1576898
262806104370,468,4,receive,262804536143,1568227
262806104816,350,2,receive,262804470144,1634672
262806150309,616,1,receive,262804585726,1564583
262806150732,192,5,receive,262804586076,1564656
262806151169,362,17,receive,262804586379,1564790
262806151609,84,17,receive,262804523004,1628605
262806152053,298,5,receive,262804542012,1610041
262806152520,302,6,receive,262804571822,1580698
262806152978,310,4,receive,262804601503,1551475
262806199952,336,6,receive,262804595287,1604665
262806200478,256,5,receive,262804578062,1622416
262806200912,342,7,receive,262804564252,1636660
262806201370,662,10,receive,262804598447,1602923
262806201819,86,17,receive,262804625563,1576256
262806202277,332,8,receive,262804597004,1605273
262806202724,266,5,receive,262804603079,1599645
262806221109,322,3,receive,262804587130,1633979
262806221540,300,6,receive,262804623394,1598146
262806221974,390,16,receive,262804643429,1578545
262806226041,546,1,receive,262804683864,1542177
262806230040,66,15,receive,262804663184,1566856
262806233347,460,2,receive,262804677249,1556098
262806239524,442,17,receive,262804663201,1576323
262806251044,654,15,receive,262804683736,1567308
262806251484,196,1,receive,262804708328,1543156
262806251915,548,1,receive,262804715067,1536848
262806252361,868,17,receive,262804757693,1494668
262806252790,430,4,receive,262804756961,1495829
262806253248,530,1,receive,262804756896,1496352
262806253699,710,2,receive,262804775071,1478628
262806281148,672,2,receive,262804746842,1534306
262806281583,440,1,receive,262804780053,1501530
262806282643,426,2,receive,262804774323,1508320
262806283127,4,3,receive,262804784270,1498857
262806283596,182,9,receive,262804781009,1502587
262806284066,332,9,receive,262804787948,1496118
262806284523,410,6,receive,262804785006,1499517
262806284972,694,7,receive,262804748843,1536129
262806328440,510,3,receive,262804780350,1548090
262806328869,406,13,receive,262804796933,1531936
262806329312,404,15,receive,262804803010,1526302
262806329736,910,15,receive,262804743563,1586173
262806330194,408,2,receive,262804802126,1528068
262806330625,446,1,receive,262804814426,1516199
262806331063,412,3,receive,262804796874,1534189
262806370983,458,4,receive,262804802773,1568210
262806371423,370,4,receive,262804804015,1567408
262806371854,502,15,receive,262804792791,1579063
262806372316,546,2,receive,262804823127,1549189
262806372757,692,2,receive,262804847010,1525747
262806373215,216,1,receive,262804830298,1542917
262806373658,334,3,receive,262804837010,1536648
262806410608,390,17,receive,262804859537,1551071
262806411080,980,20,receive,262804866319,1544761
262806411543,652,11,receive,262804839070,1572473
262806411993,294,4,receive,262804877832,1534161
262806412471,492,4,receive,262804901549,1510922
262806417303,192,6,receive,262804898386,1518917
262806417737,314,3,receive,262804905006,1512731
262806443025,180,9,receive,262804884631,1558394
262806443477,414,12,receive,262804909944,1533533
262806443919,696,6,receive,262804891467,1552452
262806444371,342,8,receive,262804931525,1512846
262806444815,686,10,receive,262804917440,1527375
262806445272,524,2,receive,262804908009,1537263
262806445717,648,1,receive,262804941804,1503913
262806482769,246,6,receive,262804950347,1532422
262806483237,302,7,receive,262804937007,1546230
262806483689,940,17,receive,262804929515,1554174
262806484146,404,16,receive,262804955802,1528344
262806484590,474,1,receive,262804965055,1519535
262806485041,200,2,receive,262804933237,1551804
262806485489,306,5,receive,262804970207,1515282
262806485943,470,13,receive,262804973755,1512188
262806525289,336,7,receive,262804971009,1554280
262806525715,238,7,receive,262804968728,1556987
262806526156,258,13,receive,262804986006,1540150
262806532315,350,3,receive,262804986662,1545653
262806532746,676,3,receive,262805005425,1527321
