receive_timestamp,source_vehicle,message_id,event_type,send_timestamp,latency_us
373683925,188,2,receive,373340656,343269
373684391,96,3,receive,373340772,343619
373684781,274,1,receive,373342284,342497
373685149,204,1,receive,373342449,342700
373685514,18,3,receive,373343300,342214
373685904,426,2,receive,373343822,342082
373686314,408,3,receive,373344177,342137
373686693,338,1,receive,373344313,342380
373687078,12,5,receive,373315677,371401
373687488,138,1,receive,373345262,342226
373687872,626,1,receive,373345494,342378
373688275,110,3,receive,373345744,342531
373688664,590,5,receive,373345797,342867
373689049,782,1,receive,373346124,342925
373689426,290,1,receive,373311159,378267
373689807,160,3,receive,373346421,343386
373865610,964,1,receive,373346825,518785
373866164,96,4,receive,373346856,519308
373866548,432,2,receive,373347684,518864
373866930,670,2,receive,373349026,517904
373867352,632,2,receive,373350024,517328
373867738,106,3,receive,373351343,516395
373868119,708,1,receive,373351772,516347
373868583,158,2,receive,373351916,516667
373869025,150,4,receive,373352784,516241
373869477,284,1,receive,373353815,515662
373869873,70,5,receive,373288342,581531
374116432,426,3,receive,373354781,761651
374116968,868,2,receive,373354805,762163
374117351,206,3,receive,373355353,761998
374117731,730,1,receive,373355393,762338
374118244,1000,1,receive,373355649,762595
374118629,382,1,receive,373356097,762532
374119007,320,3,receive,373357048,761959
374119413,80,2,receive,373357455,761958
374119840,36,2,receive,373357977,761863
374120254,56,3,receive,373241375,878879
374456510,490,1,receive,373358269,1098241
374457073,400,3,receive,373358854,1098219
374457591,554,1,receive,373359320,1098271
374458020,598,1,receive,373359649,1098371
374458437,212,1,receive,373360429,1098008
374458852,104,5,receive,373360476,1098376
374459264,818,2,receive,373360893,1098371
374459730,128,5,receive,373361359,1098371
374460181,764,1,receive,373362713,1097468
374460606,190,1,receive,373362713,1097893
374665525,210,2,receive,373363083,1302442
374666064,230,3,receive,373364522,1301542
374666731,778,4,receive,373364429,1302302
374667257,592,1,receive,373364608,1302649
374667705,488,1,receive,373367149,1300556
374668231,426,4,receive,373367583,1300648
374668803,332,1,receive,373367726,1301077
374669255,354,1,receive,373368455,1300800
374669693,114,5,receive,373368894,1300799
374670256,582,1,receive,373368957,1301299
374918031,86,4,receive,373369044,1548987
374918468,640,1,receive,373369448,1549020
374919019,166,2,receive,373358761,1560258
374919425,300,1,receive,373370044,1549381
374919888,192,1,receive,373370182,1549706
374920297,712,1,receive,373370313,1549984
374920683,486,3,receive,373371338,1549345
374921067,130,3,receive,373309045,1612022
374921451,524,1,receive,373374149,1547302
374921914,130,4,receive,373373933,1547981
374922313,530,1,receive,373374600,1547713
375159651,436,1,receive,373374829,1784822
375160135,130,5,receive,373375029,1785106
375160718,636,2,receive,373376013,1784705
375161178,90,5,receive,373376866,1784312
375161640,508,1,receive,373376887,1784753
375162093,130,6,receive,373376476,1785617
375162561,972,2,receive,373377276,1785285
375405369,426,5,receive,373377644,2027725
375405870,634,3,receive,373378345,2027525
375406553,918,1,receive,373378463,2028090
375406959,618,1,receive,373379066,2027893
375407349,166,3,receive,373380013,2027336
375407742,112,2,receive,373285041,2122701
375408194,8,5,receive,373278178,2130016
375408603,196,6,receive,373381922,2026681
375409005,868,3,receive,373382063,2026942
375409406,90,6,receive,373382316,2027090
375409908,340,1,receive,373296934,2112974
375639866,400,4,receive,373382781,2257085
375640354,432,3,receive,373383008,2257346
375641564,486,4,receive,373383975,2257589
375642008,126,2,receive,373305048,2336960
375642409,222,1,receive,373375932,2266477
375642790,316,1,receive,373386209,2256581
375643223,486,5,receive,373386787,2256436
375643648,730,2,receive,373387278,2256370
375644121,2,5,receive,373273391,2370730
375862392,154,3,receive,373388709,2473683
375862819,734,1,receive,373389539,2473280
375863416,444,1,receive,373334200,2529216
375863875,638,1,receive,373371725,2492150
375864283,436,2,receive,373390018,2474265
375864680,492,2,receive,373390020,2474660
375865070,366,1,receive,373390145,2474925
375865495,618,2,receive,373390437,2475058
375865912,62,4,receive,373250337,2615575
375866305,774,1,receive,373390624,2475681
375866772,756,1,receive,373390885,2475887
376103704,554,2,receive,373391272,2712432
376104155,196,7,receive,373391318,2712837
376104680,678,1,receive,373391717,2712963
376105071,964,2,receive,373391772,2713299
376105457,724,1,receive,373392160,2713297
376105844,64,4,receive,373354344,2751500
376106322,488,2,receive,373393759,2712563
376106742,798,3,receive,373393968,2712774
376107239,320,4,receive,373394395,2712844
376107655,222,2,receive,373395466,2712189
376108082,778,5,receive,373395541,2712541
376339739,778,6,receive,373395881,2943858
376340199,32,3,receive,373285087,3055112
376340729,206,4,receive,373396720,2944009
376341129,336,1,receive,373396941,2944188
376341654,2,6,receive,373393761,2947893
376342089,766,2,receive,373397603,2944486
376342499,352,1,receive,373355333,2987166
376342898,164,2,receive,373287511,3055387
376343292,434,1,receive,373398867,2944425
376343687,804,1,receive,373398932,2944755
376344113,456,2,receive,373399942,2944171
376561537,858,1,receive,373343766,3217771
376561972,612,2,receive,373391742,3170230
376562548,150,5,receive,373400589,3161959
376562983,330,1,receive,373400981,3162002
376563378,560,1,receive,373401198,3162180
376563765,204,2,receive,373401651,3162114
376564146,564,1,receive,373401672,3162474
376564613,222,3,receive,373402437,3162176
376565010,778,7,receive,373402673,3162337
376565404,230,4,receive,373403215,3162189
376565799,586,1,receive,373403229,3162570
376801952,670,3,receive,373403888,3398064
376802382,982,1,receive,373404064,3398318
376802943,592,2,receive,373404299,3398644
376803396,554,3,receive,373404704,3398692
376803821,994,1,receive,373404655,3399166
376804213,634,4,receive,373405133,3399080
376804602,634,5,receive,373405599,3399003
376805069,426,6,receive,373405950,3399119
376805549,964,3,receive,373407361,3398188
376806007,316,2,receive,373407547,3398460
376806592,844,1,receive,373407892,3398700
377028306,586,2,receive,373408806,3619500
377028764,566,1,receive,373360373,3668391
377029412,482,1,receive,373410119,3619293
377029798,370,1,receive,373410438,3619360
377030200,836,1,receive,373411253,3618947
377030637,836,2,receive,373411872,3618765
377031030,54,2,receive,373411868,3619162
377031414,150,6,receive,373412059,3619355
377031801,252,2,receive,373415349,3616452
377032184,312,3,receive,373415998,3616186
377032696,448,2,receive,373327134,3705562
377272271,238,1,receive,373416159,3856112
377272768,312,4,receive,373416340,3856428
377273311,396,1,receive,373416732,3856579
377273739,868,4,receive,373416750,3856989
377274135,640,2,receive,373417199,3856936
377274594,318,1,receive,373417412,3857182
377275018,746,1,receive,373420030,3854988
377275462,530,2,receive,373420076,3855386
377275861,192,2,receive,373420126,3855735
377276277,810,1,receive,373420516,3855761
377276657,502,1,receive,373422960,3853697
377277032,888,1,receive,373423157,3853875
377504526,892,1,receive,373424788,4079738
377505033,896,1,receive,373425194,4079839
377505567,244,1,receive,373425208,4080359
377505959,924,1,receive,373425571,4080388
377506346,82,3,receive,373387972,4118374
377506805,964,4,receive,373427070,4079735
377507192,300,2,receive,373427165,4080027
377507579,492,3,receive,373427954,4079625
377507960,166,4,receive,373430014,4077946
377508364,332,2,receive,373417168,4091196
377508784,428,1,receive,373430101,4078683
377750225,792,1,receive,373430663,4319562
377750668,450,1,receive,373431662,4319006
377751236,582,2,receive,373432544,4318692
377751626,506,1,receive,373432861,4318765
377752009,538,1,receive,373433495,4318514
377752388,478,1,receive,373433985,4318403
377752849,230,5,receive,373434750,4318099
377753234,498,1,receive,373436296,4316938
377753616,964,5,receive,373438204,4315412
377754003,166,5,receive,373438419,4315584
377754386,300,3,receive,373438927,4315459
377754800,224,1,receive,373439255,4315545
378000208,124,1,receive,373430406,4569802
378000607,860,1,receive,373336252,4664355
378001180,486,6,receive,373440016,4561164
378001572,136,1,receive,373374011,4627561
378001964,258,1,receive,373440131,4561833
378002400,788,1,receive,373440383,4562017
378002834,584,1,receive,373440677,4562157
378003227,860,2,receive,373442319,4560908
378003606,972,3,receive,373442573,4561033
378003984,352,2,receive,373443173,4560811
378004360,598,2,receive,373443786,4560574
378218718,312,5,receive,373444006,4774712
378219129,612,3,receive,373444252,4774877
378219660,868,5,receive,373446264,4773396
378220061,150,7,receive,373447583,4772478
378220573,730,3,receive,373448020,4772553
378221016,964,6,receive,373450038,4770978
378221474,358,1,receive,373450130,4771344
378222009,364,1,receive,373450269,4771740
378222496,430,1,receive,373450892,4771604
378222909,240,1,receive,373451132,4771777
378420461,312,6,receive,373451246,4969215
378420899,656,1,receive,373452049,4968850
378421449,284,2,receive,373428397,4993052
378421836,696,1,receive,373453421,4968415
378422211,362,1,receive,373453682,4968529
378422689,320,5,receive,373453829,4968860
378423122,252,3,receive,373455163,4967959
378423519,274,2,receive,373407508,5016011
378423974,338,2,receive,373455536,4968438
378424362,510,1,receive,373456262,4968100
378424806,730,4,receive,373457374,4967432
378601791,868,6,receive,373457618,5144173
378602276,420,1,receive,373457777,5144499
378602781,456,3,receive,373458002,5144779
378603185,240,2,receive,373458406,5144779
378603608,228,1,receive,373458664,5144944
378604017,404,1,receive,373458775,5145242
378604388,766,3,receive,373459094,5145294
378604763,606,1,receive,373459342,5145421
378605135,356,1,receive,373459582,5145553
378605567,908,1,receive,373460048,5145519
378605974,304,1,receive,373460382,5145592
378606381,236,1,receive,373460929,5145452
378792734,178,1,receive,373391181,5401553
378793125,500,1,receive,373461772,5331353
378793676,598,3,receive,373462312,5331364
378794078,616,1,receive,373463550,5330528
378794531,334,1,receive,373464651,5329880
378794939,360,1,receive,373465058,5329881
378795332,634,6,receive,373465210,5330122
378795726,252,4,receive,373467636,5328090
378796174,274,3,receive,373467950,5328224
378796580,282,1,receive,373468146,5328434
378796991,456,4,receive,373468388,5328603
378965808,352,3,receive,373468467,5497341
378966207,932,1,receive,373468666,5497541
378966790,204,3,receive,373469146,5497644
378967226,292,1,receive,373469744,5497482
378967659,818,3,receive,373470014,5497645
378968054,492,4,receive,373470026,5498028
378968445,458,1,receive,373470440,5498005
378968833,472,1,receive,373470774,5498059
378969300,516,1,receive,373471220,5498080
378969689,120,1,receive,373471753,5497936
378970101,54,3,receive,373474163,5495938
379146207,486,7,receive,373475225,5670982
379146651,408,4,receive,373392875,5753776
379147225,370,2,receive,373476086,5671139
379147633,766,4,receive,373476408,5671225
379148038,606,2,receive,373476561,5671477
379148449,982,2,receive,373476707,5671742
379148846,982,3,receive,373476867,5671979
379149401,228,2,receive,373477160,5672241
379149915,316,3,receive,373478532,5671383
379150339,392,1,receive,373478739,5671600
379314016,748,1,receive,373478888,5835128
379314419,54,4,receive,373479436,5834983
379315024,390,1,receive,373431611,5883413
379315410,490,2,receive,373480012,5835398
379315834,366,2,receive,373480020,5835814
379316219,226,1,receive,373480139,5836080
379316640,688,1,receive,373579110,5737530
379317121,634,10,receive,373579551,5737570
379317524,348,3,receive,373579720,5737804
379317921,312,9,receive,373579909,5738012
379318365,374,1,receive,373579869,5738496
379446123,654,1,receive,373580044,5866079
379446671,314,5,receive,373580059,5866612
379447207,660,1,receive,373581123,5866084
379447638,676,1,receive,373581305,5866333
379448022,498,5,receive,373581455,5866567
379448470,972,7,receive,373582048,5866422
379448994,690,2,receive,373582136,5866858
379449430,128,7,receive,373583338,5866092
379449852,656,2,receive,373554570,5895282
379450332,612,7,receive,373583542,5866790
379450828,270,2,receive,373584090,5866738
379580690,14,8,receive,373335093,6245597
379581291,400,8,receive,373586052,5995239
379581705,948,1,receive,373521118,6060587
379582223,880,1,receive,373533517,6048706
379582643,368,2,receive,373569498,6013145
379583068,312,10,receive,373587707,5995361
379583488,702,2,receive,373587874,5995614
379583889,556,2,receive,373588101,5995788
379584260,314,6,receive,373588256,5996004
379584689,670,6,receive,373589145,5995544
379585085,544,3,receive,373589156,5995929
379719663,508,4,receive,373589285,6130378
379720980,618,4,receive,373589420,6131560
379721522,890,1,receive,373530048,6191474
379721900,574,2,receive,373590012,6131888
379722291,640,5,receive,373590032,6132259
379722676,746,7,receive,373590081,6132595
379723141,664,4,receive,373687358,6035783
379723663,934,4,receive,373687540,6036123
379724074,264,5,receive,373687689,6036385
379724482,926,4,receive,373687721,6036761
379724894,682,7,receive,373687819,6037075
379885573,378,3,receive,373688138,6197435
379885985,442,2,receive,373688268,6197717
379886498,556,5,receive,373688298,6198200
379886887,450,3,receive,373688591,6198296
379887298,416,2,receive,373627808,6259490
379887702,744,5,receive,373694063,6193639
379888086,208,3,receive,373334114,6553972
379888464,408,10,receive,373694860,6193604
379888911,604,3,receive,373694959,6193952
379889352,612,11,receive,373695568,6193784
379889752,2,10,receive,373659963,6229789
380028508,966,7,receive,373817141,6211367
380028939,966,8,receive,373870261,6158678
380029512,394,3,receive,373661701,6367811
380029900,66,8,receive,373625726,6404174
380030332,636,4,receive,373786951,6243381
380030727,802,4,receive,373818365,6212362
380031123,866,1,receive,373709809,6321314
380031527,706,1,receive,373717534,6313993
380031916,394,4,receive,373872959,6158957
380032348,216,1,receive,373433119,6599229
380032742,372,5,receive,373734740,6298002
380170583,88,5,receive,373951021,6219562
380171004,680,3,receive,373925834,6245170
380171590,218,4,receive,373937361,6234229
380172102,508,11,receive,373884160,6287942
380172525,98,5,receive,373893109,6279416
380172924,416,9,receive,373865968,6306956
380173323,424,6,receive,373937894,6235429
380173760,968,3,receive,373910713,6263047
380174152,362,6,receive,373844562,6329590
380174530,290,3,receive,373878235,6296295
380174908,872,3,receive,374242560,5932348
380304573,580,7,receive,374256653,6047920
380305056,980,4,receive,374211106,6093950
380305579,642,4,receive,374260828,6044751
380306206,46,7,receive,374245423,6060783
380306732,616,7,receive,374264448,6042284
380307321,622,2,receive,374156793,6150528
380307711,784,5,receive,373999058,6308653
380308096,746,12,receive,374246609,6061487
380308485,734,13,receive,374257650,6050835
380308871,960,5,receive,374266330,6042541
380413415,576,4,receive,374301662,6111753
380414262,738,5,receive,374486350,5927912
380415612,996,6,receive,374438724,5976888
380416289,280,5,receive,374475500,5940789
380416770,520,9,receive,374442057,5974713
380417203,786,6,receive,374460721,5956482
380417678,662,9,receive,374435456,5982222
380517622,1000,8,receive,374470196,6047426
380518030,876,5,receive,374473669,6044361
380518588,988,7,receive,374456968,6061620
380519005,604,8,receive,374719227,5799778
380519419,180,8,receive,374704595,5814824
380519804,308,9,receive,374726523,5793281
380520241,526,6,receive,374718208,5802033
380520645,58,10,receive,374715124,5805521
380521038,932,7,receive,374725861,5795177
380521486,530,7,receive,374714515,5806971
380521924,108,9,receive,374706151,5815773
380634610,860,7,receive,374723804,5910806
380635710,134,7,receive,374691936,5943774
380636112,36,8,receive,374694240,5941872
380636536,334,8,receive,374941941,5694595
380636937,164,10,receive,374939602,5697335
380637317,568,7,receive,374919032,5718285
380637693,388,8,receive,374953818,5683875
380638071,588,4,receive,374729662,5908409
380638476,588,5,receive,375163805,5474671
380639077,656,13,receive,374953369,5685708
380742596,626,10,receive,375404752,5337844
380743073,366,12,receive,375200369,5542704
380743574,352,9,receive,375046732,5696842
380744012,300,10,receive,375150585,5593427
380744668,694,8,receive,375198592,5546076
380745135,992,8,receive,375167634,5577501
380745546,310,9,receive,375203151,5542395
380745942,952,7,receive,375159898,5586044
380746413,326,10,receive,375190450,5555963
380746839,666,7,receive,375183876,5562963
380855088,640,13,receive,375233311,5621777
380855616,508,17,receive,375428643,5426973
380856265,90,15,receive,375430765,5425500
380856704,962,9,receive,375427597,5429107
380857105,528,10,receive,375409296,5447809
380857537,938,11,receive,375413542,5443995
380857992,326,12,receive,375445521,5412471
380858817,510,13,receive,375406256,5452561
380859377,4,15,receive,375458807,5400570
380859782,694,10,receive,375448173,5411609
380978121,590,14,receive,375862210,5115911
380978743,152,15,receive,375649430,5329313
380979310,86,13,receive,375617519,5361791
380979725,958,13,receive,375626746,5352979
380980137,678,19,receive,375621897,5358240
380980629,570,12,receive,375616089,5364540
380981060,876,10,receive,375621688,5359372
380981485,662,15,receive,375637980,5343505
380981914,898,11,receive,375660407,5321507
380982377,158,11,receive,375637395,5344982
380982777,4,16,receive,375664666,5318111
381094748,786,15,receive,375858577,5236171
381095744,728,13,receive,375906536,5189208
381096440,948,10,receive,375872567,5223873
381096926,62,15,receive,375896024,5200902
381097351,608,11,receive,376106985,4990366
381097895,104,16,receive,375853693,5244202
381098334,104,17,receive,376108990,4989344
381099249,958,14,receive,375876928,5222321
381218448,4,17,receive,375908470,5309978
381219225,962,11,receive,375931754,5287471
381220073,506,17,receive,375836473,5383600
381220901,462,11,receive,376339602,4881299
381221321,668,12,receive,376100392,5120929
381221976,188,13,receive,376134787,5087189
381222405,754,12,receive,376135485,5086920
381222840,204,16,receive,376129474,5093366
381223269,408,23,receive,376106862,5116407
381327413,728,14,receive,376153016,5174397
381328227,754,13,receive,376343233,4984994
381328641,34,19,receive,376103214,5225427
381329039,562,12,receive,376129733,5199306
381329572,570,14,receive,376138763,5190809
381329981,704,14,receive,376336729,4993252
381330452,166,21,receive,376350816,4979636
381330849,734,21,receive,376335912,4994937
381331296,708,18,receive,376326867,5004429
381331709,962,13,receive,376374012,4957697
381416293,1000,17,receive,376356228,5060065
381417132,298,14,receive,376359980,5057152
381418536,824,16,receive,376363040,5055496
381419037,686,28,receive,376358766,5060271
381419481,254,13,receive,376355580,5063901
381419944,838,13,receive,376317132,5102812
381420422,504,16,receive,376570916,4849506
381524733,728,16,receive,376590751,4933982
381525897,700,13,receive,376623569,4902328
381526308,294,11,receive,376355810,5170498
381526881,254,14,receive,376574885,4951996
381527803,562,14,receive,376585310,4942493
381528602,30,15,receive,376627707,4900895
381529057,650,15,receive,376562731,4966326
381606636,310,15,receive,376579350,5027286
381607595,296,22,receive,376619124,4988471
381608472,900,16,receive,376631185,4977287
381608916,264,23,receive,377028713,4580203
381609372,728,17,receive,376839347,4770025
381609818,656,22,receive,376825105,4784713
381610334,646,18,receive,376835679,4774655
381610777,890,12,receive,376810194,4800583
381611214,974,17,receive,376794083,4817131
381691208,966,22,receive,376815203,4876005
381691737,454,17,receive,376804459,4887278
381692168,824,18,receive,376813230,4878938
381692659,734,23,receive,376816650,4876009
381693115,290,15,receive,376832430,4860685
381693698,478,29,receive,377057121,4636577
381694795,66,24,receive,377084805,4609990
381695385,928,21,receive,377087052,4608333
381783545,130,24,receive,377099205,4684340
381783978,254,16,receive,377067261,4716717
381784595,216,14,receive,377052632,4731963
381785065,266,25,receive,377089521,4695544
381785494,514,22,receive,377054756,4730738
381785918,66,25,receive,377276690,4509228
381786423,238,18,receive,377109935,4676488
381786843,66,26,receive,377277446,4509397
381787346,424,20,receive,377072792,4714554
381787779,280,18,receive,377302894,4484885
381788232,314,29,receive,377310360,4477872
381871346,482,18,receive,377292632,4578714
381871769,514,23,receive,377293491,4578278
381872322,290,17,receive,377311823,4560499
381872735,68,20,receive,377317188,4555547
381873155,808,21,receive,377305495,4567660
381873625,704,18,receive,377298894,4574731
381874021,256,24,receive,377314045,4559976
381874477,124,22,receive,377322946,4551531
381874913,750,21,receive,377283295,4591618
381875341,610,18,receive,377549860,4325481
381875855,140,22,receive,377541072,4334783
381876331,136,22,receive,377559280,4317051
381958130,816,23,receive,377533135,4424995
381958822,218,20,receive,377546824,4411998
381959507,152,23,receive,377568822,4390685
381960598,208,20,receive,377548183,4412415
381961243,408,29,receive,377541087,4420156
381962680,50,19,receive,377543720,4418960
382045077,602,19,receive,377566997,4478080
382045523,208,21,receive,377757713,4287810
382046033,624,16,receive,377587315,4458718
382046510,488,27,receive,377775081,4271429
382047092,668,20,receive,377790240,4256852
382047644,982,34,receive,377810873,4236771
382048076,246,20,receive,377801281,4246795
382048663,954,22,receive,377813108,4235555
382049166,276,21,receive,377798158,4251008
382122895,802,24,receive,377802432,4320463
382123740,542,16,receive,377665003,4458737
382124559,982,35,receive,378004805,4119754
382125090,958,22,receive,377817293,4307797
382125899,242,19,receive,377791753,4334146
382126381,166,28,receive,377986366,4140015
382126835,452,25,receive,378035901,4090934
382127319,954,23,receive,378036188,4091131
382217002,246,21,receive,378048304,4168698
382217444,718,20,receive,378005673,4211771
382217966,988,22,receive,378003961,4214005
382218390,574,30,receive,378017704,4200686
382218806,488,28,receive,378022081,4196725
382219329,496,24,receive,378010312,4209017
382219747,602,21,receive,378026451,4193296
382220169,850,22,receive,378244389,3975780
382220580,802,27,receive,378246513,3974067
382221021,136,26,receive,378242918,3978103
382221453,340,24,receive,378271162,3950291
382299138,850,23,receive,378423014,3876124
382299577,696,21,receive,378226233,4073344
382300109,526,22,receive,378205537,4094572
382300613,840,30,receive,378233233,4067380
382301116,886,27,receive,378241644,4059472
382301557,654,35,receive,378222700,4078857
382301999,612,32,receive,378259790,4042209
382302486,880,21,receive,378445596,3856890
382302918,954,25,receive,378436480,3866438
382303342,696,22,receive,378464057,3839285
382303744,124,28,receive,378409921,3893823
382304235,890,19,receive,378413561,3890674
382376189,748,26,receive,378454417,3921772
382376981,436,37,receive,378453846,3923135
382377697,414,22,receive,378407941,3969756
382378293,16,24,receive,378451677,3926616
382379036,112,26,receive,378414716,3964320
382379469,340,25,receive,378452843,3926626
382379916,80,26,receive,378474545,3905371
382380336,256,30,receive,378641422,3738914
382380772,436,38,receive,378643198,3737574
382423834,636,29,receive,378607136,3816698
382424579,664,32,receive,378668005,3756574
382425206,638,22,receive,378623342,3801864
382425657,602,24,receive,378635080,3790577
382426121,636,30,receive,378795922,3630199
382426553,140,28,receive,378624940,3801613
382427003,802,29,receive,378635934,3791069
382427442,76,27,receive,378624594,3802848
382427886,324,23,receive,378622853,3805033
382428332,988,26,receive,378828233,3600099
382428777,478,37,receive,378788671,3640106
382474101,854,31,receive,378803518,3670583
382474721,436,39,receive,378836054,3638667
382475286,166,34,receive,378827645,3647641
382475706,94,24,receive,378819258,3656448
382476159,22,29,receive,378791572,3684587
382476712,758,29,receive,378742446,3734266
382477282,636,31,receive,378840044,3637238
382477699,304,25,receive,378779218,3698481
382478117,16,26,receive,378793446,3684671
382478535,28,28,receive,378988869,3489666
382524404,448,29,receive,378998652,3525752
382524834,842,30,receive,378995169,3529665
382525449,596,20,receive,378957052,3568397
382525870,134,28,receive,378963292,3562578
382526372,996,28,receive,379003925,3522447
382527136,802,31,receive,379035415,3491721
382527809,450,30,receive,378983522,3544287
382528275,996,29,receive,379151665,3376610
382528750,318,26,receive,378963655,3565095
382529347,844,30,receive,379178669,3350678
382530030,866,24,receive,379121838,3408192
382578956,96,29,receive,379131663,3447293
382579689,802,32,receive,379175689,3404000
382580314,664,35,receive,379191243,3389071
382581166,548,30,receive,379148183,3432983
382581827,652,28,receive,379147155,3434672
382582240,828,27,receive,379156043,3426197
382582780,278,27,receive,379157585,3425195
382583327,326,28,receive,379157975,3425352
382629388,716,29,receive,379154437,3474951
382629919,364,28,receive,379301802,3328117
382630406,858,28,receive,379446582,3183824
382631122,686,42,receive,379284095,3347027
382632297,438,27,receive,379298949,3333348
382632884,56,28,receive,379312708,3320176
382633771,78,33,receive,379340077,3293694
382687052,226,30,receive,379279212,3407840
382687652,494,27,receive,379323045,3364607
382688188,230,35,receive,379319891,3368297
382688605,912,31,receive,379300963,3387642
382689022,496,31,receive,379450095,3238927
382689513,490,32,receive,379478801,3210712
382689933,178,30,receive,379457416,3232517
382694833,316,37,receive,379582206,3112627
382740243,544,30,receive,379421322,3318921
382740666,486,42,receive,379426340,3314326
382741214,48,32,receive,379420150,3321064
382741631,382,34,receive,379458306,3283325
382742042,276,29,receive,379436675,3305367
382742495,270,33,receive,379422701,3319794
382742911,276,30,receive,379585620,3157291
382743439,78,34,receive,379495588,3247851
382743864,512,26,receive,379586179,3157685
382744458,482,30,receive,379720680,3023778
382744887,520,34,receive,379601424,3143463
382788655,394,29,receive,379573737,3214918
382789159,624,26,receive,379592828,3196331
382789682,504,31,receive,379621281,3168401
382790187,694,30,receive,379586683,3203504
382790616,514,34,receive,379572280,3218336
382791091,874,34,receive,379597925,3193166
382791509,682,35,receive,379613655,3177854
382791934,982,44,receive,379568605,3223329
382792364,246,31,receive,379743757,3048607
382792825,416,37,receive,379791728,3001097
382793767,480,28,receive,379783470,3010297
382794249,676,29,receive,379728940,3065309
382835035,362,36,receive,379767552,3067483
382835458,276,32,receive,379755234,3080224
382836118,138,31,receive,379773927,3062191
382836601,254,30,receive,379795466,3041135
382837069,808,37,receive,379786709,3050360
382837532,48,34,receive,379759376,3078156
382838066,138,32,receive,379889948,2948118
382838581,634,35,receive,379924291,2914290
382839170,934,37,receive,379906165,2933005
382840361,852,41,receive,379934659,2905702
382879120,440,30,receive,379936409,2942711
382879537,440,31,receive,380031584,2847953
382880030,38,35,receive,379868143,3011887
382880433,778,40,receive,379892602,2987831
382880924,982,46,receive,379920101,2960823
382881345,874,36,receive,379911496,2969849
382881750,194,36,receive,379920452,2961298
382882161,38,36,receive,380032989,2849172
382882643,480,30,receive,380071060,2811583
382883057,624,29,receive,380052339,2830718
382883466,726,35,receive,380035789,2847677
382883880,500,33,receive,380077016,2806864
382884285,500,34,receive,380173120,2711165
382884737,928,38,receive,380033692,2851045
382885166,842,36,receive,380019748,2865418
382885580,360,30,receive,380065187,2820393
382930055,996,36,receive,380058277,2871778
382930538,624,30,receive,380174842,2755696
382931154,402,32,receive,380044127,2887027
382931570,448,36,receive,380173445,2758125
382931973,460,39,receive,380193393,2738580
382932383,130,40,receive,380181343,2751040
382932782,278,33,receive,380161027,2771755
382933207,64,40,receive,380148657,2784550
382933690,46,36,receive,380209242,2724448
382934136,628,39,receive,380160106,2774030
382934539,194,38,receive,380214254,2720285
382934934,356,36,receive,380195819,2739115
382935358,898,36,receive,380227916,2707442
382935763,602,37,receive,380302707,2633056
382976507,996,39,receive,380312890,2663617
382976909,806,41,receive,380288190,2688719
382977497,794,38,receive,380297536,2679961
382978004,798,30,receive,380332497,2645507
382978418,764,37,receive,380307334,2671084
382978825,580,37,receive,380338906,2639919
382979225,214,35,receive,380420560,2558665
382979657,494,34,receive,380432280,2547377
382980084,470,36,receive,380403600,2576484
382980519,484,33,receive,380438976,2541543
382981042,128,39,receive,380432866,2548176
383021777,642,37,receive,380410909,2610868
383022263,30,38,receive,380461275,2560988
383022772,366,42,receive,380427928,2594844
383023162,738,38,receive,380416998,2606164
383023556,218,36,receive,380482339,2541217
383024023,492,44,receive,380542605,2481418
383024452,364,36,receive,380546176,2478276
383024877,642,38,receive,380542659,2482218
383025365,668,36,receive,380533080,2492285
383025810,354,39,receive,380558753,2467057
383026215,484,34,receive,380555094,2471121
383026614,962,36,receive,380565191,2461423
383027017,494,35,receive,380567940,2459077
383066574,304,37,receive,380530606,2535968
383067018,504,38,receive,380538647,2528371
383067557,870,33,receive,380519246,2548311
383068081,298,39,receive,380670513,2397568
383068528,446,38,receive,380666123,2402405
383068942,898,40,receive,380655028,2413914
383069345,270,42,receive,380662845,2406500
383069745,858,37,receive,380663366,2406379
383070243,668,37,receive,380666602,2403641
383070716,418,48,receive,380676566,2394150
383071133,530,38,receive,380673084,2398049
383071539,214,37,receive,380672869,2398670
383109947,1000,43,receive,380662144,2447803
383110409,720,34,receive,380753737,2356672
383110942,192,42,receive,380855050,2255892
383112110,218,40,receive,380856205,2255905
383112809,842,42,receive,380781966,2330843
383113291,446,39,receive,380783798,2329493
383113782,530,39,receive,380788694,2325088
383114203,1000,45,receive,380858056,2256147
383115069,326,40,receive,380764837,2350232
383154428,318,39,receive,380767354,2387074
383154873,722,38,receive,380783510,2371363
383155420,238,42,receive,380920012,2235408
383155844,694,40,receive,380909104,2246740
383156282,994,42,receive,380900875,2255407
383156730,714,40,receive,380869514,2287216
383157233,952,37,receive,380881188,2276045
383157723,192,43,receive,380869400,2288323
383158141,366,46,receive,380918983,2239158
383158627,428,39,receive,380883197,2275430
383159051,858,39,receive,380888188,2270863
383159480,220,41,receive,380906808,2252672
383159907,394,38,receive,380888597,2271310
383160385,796,42,receive,381022012,2138373
383160832,254,40,receive,380982660,2178172
383161288,446,41,receive,380998863,2162425
383216104,712,45,receive,381003577,2212527
383216599,796,43,receive,381097011,2119588
383217138,72,46,receive,381011892,2205246
383217644,248,43,receive,381010798,2206846
383218123,64,47,receive,381014788,2203335
383218549,134,45,receive,381218510,2000039
383218968,712,46,receive,381139533,2079435
383219475,548,45,receive,381220831,1998644
383221161,156,45,receive,381160836,2060325
383251915,962,41,receive,381140205,2111710
383252424,886,47,receive,381152622,2099802
383252993,720,37,receive,381132220,2120773
383253512,220,43,receive,381125171,2128341
383253998,956,45,receive,381244740,2009258
383254486,124,52,receive,381268737,1985749
383254969,906,45,receive,381292561,1962408
383255472,564,49,receive,381284255,1971217
383255960,440,42,receive,381213928,2042032
383256454,1000,49,receive,381229713,2026741
383271468,106,42,receive,381247718,2023750
383273673,684,49,receive,381223537,2050136
383276147,672,48,receive,381243093,2033054
383279108,210,51,receive,381252122,2026986
383282242,716,44,receive,381244864,2037378
383284887,136,48,receive,381395184,1889703
383288211,480,42,receive,381370173,1918038
383290646,650,45,receive,381373857,1916789
383294224,898,46,receive,381350060,1944164
383296890,350,46,receive,381367512,1929378
383299743,746,53,receive,381362265,1937478
383302278,844,50,receive,381499839,1802439
383304841,96,49,receive,381469809,1835032
383307638,232,45,receive,381468745,1838893
383309727,572,49,receive,381484199,1825528
383311617,62,52,receive,381514815,1796802
383313746,804,58,receive,381468445,1845301
383315305,684,51,receive,381435158,1880147
383317652,492,53,receive,381539484,1778168
383319770,770,47,receive,381541385,1778385
383321791,572,50,receive,381542023,1779768
383324386,588,43,receive,381539346,1785040
383326855,144,54,receive,381541150,1785705
383328703,226,48,receive,381575303,1753400
383330517,952,42,receive,381504008,1826509
383332063,106,46,receive,381570932,1761131
383333362,682,54,receive,381530672,1802690
383334250,714,48,receive,381613749,1720501
383335193,878,44,receive,381651445,1683748
383335692,392,49,receive,381691824,1643868
383336208,428,48,receive,381628638,1707570
383336745,144,56,receive,381693519,1643226
383337292,46,49,receive,381625777,1711515
383337863,734,55,receive,381651230,1686633
383338344,984,48,receive,381661245,1677099
383338872,298,49,receive,381623773,1715099
383339422,492,56,receive,381724303,1615119
383339905,520,54,receive,381744327,1595578
383340498,282,52,receive,381741687,1598811
383341008,708,54,receive,381735367,1605641
383341584,232,48,receive,381723104,1618480
