receive_timestamp,source_vehicle,message_id,event_type,send_timestamp,latency_us
18841362146,140,2,receive,18841322159,39987
18841362559,84,1,receive,18841323743,38816
18841362945,66,1,receive,18841324019,38926
18841363319,70,1,receive,18841326788,36531
18841363703,70,2,receive,18841327272,36431
18841364088,34,2,receive,18841328992,35096
18841364469,100,1,receive,18841329814,34655
18841364870,136,1,receive,18841330056,34814
18841365256,126,1,receive,18841330084,35172
18841365645,96,1,receive,18841331263,34382
18841366029,96,2,receive,18841331899,34130
18841366433,140,3,receive,18841332856,33577
18841366863,102,1,receive,18841332884,33979
18841367263,122,1,receive,18841333860,33403
18841367668,76,2,receive,18841334009,33659
18841368069,120,2,receive,18841334414,33655
18841368486,118,1,receive,18841335105,33381
18841368913,118,2,receive,18841335873,33040
18841369328,140,4,receive,18841337258,32070
18841369729,138,1,receive,18841338523,31206
18841603802,120,3,receive,18841338815,264987
18841604173,56,2,receive,18841339254,264919
18841604541,28,2,receive,18841340023,264518
18841604905,80,2,receive,18841341130,263775
18841605265,6,1,receive,18841341213,264052
18841605640,34,3,receive,18841341509,264131
18841606017,86,3,receive,18841341639,264378
18841606388,38,1,receive,18841341795,264593
18841606789,86,4,receive,18841342029,264760
18841607221,118,3,receive,18841342899,264322
18841607671,140,5,receive,18841345630,262041
18841608059,76,3,receive,18841345913,262146
18841608449,64,1,receive,18841346302,262147
18841608895,10,1,receive,18841346504,262391
18841609343,92,2,receive,18841347742,261601
18841609792,52,2,receive,18841348572,261220
18841786226,140,6,receive,18841348951,437275
18841786614,142,1,receive,18841349378,437236
18841787019,54,2,receive,18841349713,437306
18841787407,120,4,receive,18841350221,437186
18841787797,16,1,receive,18841352218,435579
18841788192,48,1,receive,18841352766,435426
18841788579,8,1,receive,18841353060,435519
18841788986,110,1,receive,18841353267,435719
18841789387,86,5,receive,18841353353,436034
18841789820,158,2,receive,18841354631,435189
18841790242,50,1,receive,18841354700,435542
18841790665,36,2,receive,18841354783,435882
18841791078,154,2,receive,18841355166,435912
18841791503,76,4,receive,18841355306,436197
18841791916,156,1,receive,18841356683,435233
18841792328,20,2,receive,18841357182,435146
18841792764,40,2,receive,18841357689,435075
18841793179,24,1,receive,18841357913,435266
18841793589,192,1,receive,18841358295,435294
18841794001,26,2,receive,18841359280,434721
18841794409,66,2,receive,18841359433,434976
18841794836,30,1,receive,18841360804,434032
18841795243,150,1,receive,18841360895,434348
18841795662,96,3,receive,18841361211,434451
18842020267,132,1,receive,18841361305,658962
18842020662,42,2,receive,18841362809,657853
18842021052,46,1,receive,18841362920,658132
18842021441,114,1,receive,18841364200,657241
18842021843,88,1,receive,18841364557,657286
18842022232,20,3,receive,18841365456,656776
18842022636,96,4,receive,18841365704,656932
18842023042,84,2,receive,18841366799,656243
18842023673,40,3,receive,18841366904,656769
18842024072,120,5,receive,18841367514,656558
18842024461,136,2,receive,18841367664,656797
18842024849,2,1,receive,18841369372,655477
18842025237,80,3,receive,18841369642,655595
18842025623,34,4,receive,18841370016,655607
18842025979,112,1,receive,18841370738,655241
18842026371,78,1,receive,18841372617,653754
18842026784,104,1,receive,18841373015,653769
18842121652,98,2,receive,18841373202,748450
18842122118,184,1,receive,18841373484,748634
18842122533,180,1,receive,18841374003,748530
18842122982,86,6,receive,18841374688,748294
18842123395,60,1,receive,18841375025,748370
18842123849,12,1,receive,18841375431,748418
18842124263,128,1,receive,18841376126,748137
18842124708,136,3,receive,18841376934,747774
18842125108,80,4,receive,18841377901,747207
18842125561,154,3,receive,18841378095,747466
18842125963,126,2,receive,18841378314,747649
18842181364,192,2,receive,18841378700,802664
18842181804,190,1,receive,18841380050,801754
18842182248,124,1,receive,18841380566,801682
18842182666,6,2,receive,18841380910,801756
18842183111,28,3,receive,18841381006,802105
18842183564,146,1,receive,18841381406,802158
18842184021,166,1,receive,18841381576,802445
18842184459,144,1,receive,18841381709,802750
18842184893,62,1,receive,18841382102,802791
18842185511,134,1,receive,18841382195,803316
18842186022,140,7,receive,18841382284,803738
18842253195,164,1,receive,18841382545,870650
18842253677,36,3,receive,18841383315,870362
18842254124,76,5,receive,18841383766,870358
18842254586,76,6,receive,18841383973,870613
18842255044,106,1,receive,18841384342,870702
18842255486,38,2,receive,18841384942,870544
18842255931,102,2,receive,18841385390,870541
18842256376,122,2,receive,18841385759,870617
18842256832,188,1,receive,18841385938,870894
18842257277,92,3,receive,18841386262,871015
18842308143,170,1,receive,18841388448,919695
18842308594,52,3,receive,18841389199,919395
18842309034,6,3,receive,18841390009,919025
18842309490,152,1,receive,18841390024,919466
18842309944,28,4,receive,18841391342,918602
18842310393,156,2,receive,18841392769,917624
18842310836,168,1,receive,18841393182,917654
18842311296,14,1,receive,18841394788,916508
18842311747,56,3,receive,18841394879,916868
18842312191,154,4,receive,18841395438,916753
18842312632,6,4,receive,18841396300,916332
18842362765,86,7,receive,18841396895,965870
18842363232,54,3,receive,18841397175,966057
18842363672,126,3,receive,18841398254,965418
18842364210,156,3,receive,18841398552,965658
18842364669,120,6,receive,18841398863,965806
18842365128,36,4,receive,18841399133,965995
18842365567,42,3,receive,18841399372,966195
18842366123,70,3,receive,18841399851,966272
18842366571,48,2,receive,18841400154,966417
18842367028,118,4,receive,18841400269,966759
18842367467,158,3,receive,18841402023,965444
18842423211,178,1,receive,18841402480,1020731
18842423663,70,4,receive,18841404117,1019546
18842424121,84,3,receive,18841404244,1019877
18842424593,146,2,receive,18841404704,1019889
18842425097,138,2,receive,18841405178,1019919
18842425725,26,3,receive,18841405602,1020123
18842426202,120,7,receive,18841406062,1020140
18842426643,76,7,receive,18841406334,1020309
18842427097,80,5,receive,18841407310,1019787
18842427543,136,4,receive,18841408450,1019093
18842477691,118,5,receive,18841409639,1068052
18842478149,74,1,receive,18841409941,1068208
18842478597,34,5,receive,18841409983,1068614
18842479044,192,3,receive,18841410163,1068881
18842479506,40,4,receive,18841410392,1069114
18842479955,142,2,receive,18841410654,1069301
18842480408,86,8,receive,18841411176,1069232
18842480852,6,5,receive,18841411424,1069428
18842481326,144,2,receive,18841411857,1069469
18842481767,16,2,receive,18841412216,1069551
18842532923,180,2,receive,18841412571,1120352
18842533376,150,2,receive,18841412613,1120763
18842533824,94,1,receive,18841412614,1121210
18842534282,64,2,receive,18841413663,1120619
18842534774,126,4,receive,18841415105,1119669
18842535222,38,3,receive,18841415464,1119758
18842535698,96,5,receive,18841415720,1119978
18842536152,194,1,receive,18841415814,1120338
18842536595,200,1,receive,18841415786,1120809
18842537050,98,3,receive,18841416110,1120940
18842537494,158,4,receive,18841416244,1121250
18842537939,114,2,receive,18841417053,1120886
18842538386,66,3,receive,18841417220,1121166
18842538847,46,2,receive,18841417578,1121269
18842588887,120,8,receive,18841418274,1170613
18842589345,36,5,receive,18841418363,1170982
18842589806,136,5,receive,18841418779,1171027
18842590272,46,3,receive,18841419594,1170678
18842590731,56,4,receive,18841419746,1170985
18842591189,122,4,receive,18841419853,1171336
18842591640,188,2,receive,18841420914,1170726
18842592085,162,1,receive,18841420931,1171154
18842592529,152,2,receive,18841421553,1170976
18842592989,52,4,receive,18841421620,1171369
18842644540,102,3,receive,18841422110,1222430
18842645032,76,8,receive,18841422313,1222719
18842645495,26,4,receive,18841423914,1221581
18842645949,140,8,receive,18841424670,1221279
18842646432,176,1,receive,18841425565,1220867
18842646895,84,4,receive,18841425678,1221217
18842647359,164,2,receive,18841427217,1220142
18842647824,168,2,receive,18841427524,1220300
18842648283,172,1,receive,18841427625,1220658
18842648728,158,5,receive,18841428464,1220264
18842649188,132,2,receive,18841428579,1220609
18842699934,118,6,receive,18841429393,1270541
18842700399,150,3,receive,18841429975,1270424
18842700868,140,9,receive,18841430860,1270008
18842701319,140,10,receive,18841431015,1270304
18842701773,64,3,receive,18841431338,1270435
18842702217,28,5,receive,18841431670,1270547
18842702656,78,2,receive,18841433479,1269177
18842703119,186,1,receive,18841434160,1268959
18842703566,184,2,receive,18841434274,1269292
18842704024,106,2,receive,18841434815,1269209
18842704471,46,4,receive,18841435295,1269176
18842754754,6,6,receive,18841435479,1319275
18842755216,64,4,receive,18841435682,1319534
18842755665,30,2,receive,18841436304,1319361
18842756163,92,4,receive,18841436913,1319250
18842756620,132,3,receive,18841439057,1317563
18842757068,112,2,receive,18841439377,1317691
18842757543,60,2,receive,18841440018,1317525
18842758005,122,5,receive,18841440303,1317702
18842758451,110,2,receive,18841440292,1318159
18842758894,200,2,receive,18841440539,1318355
18842805622,102,4,receive,18841440645,1364977
18842806126,174,1,receive,18841441323,1364803
18842806585,22,1,receive,18841442093,1364492
18842807039,168,3,receive,18841442346,1364693
18842807485,76,9,receive,18841442614,1364871
18842807982,180,3,receive,18841442729,1365253
18842808430,154,5,receive,18841442939,1365491
18842808877,194,2,receive,18841443033,1365844
18842809323,14,2,receive,18841444078,1365245
18842809781,84,5,receive,18841444999,1364782
18842860991,140,11,receive,18841445235,1415756
18842861470,170,2,receive,18841445630,1415840
18842861947,70,5,receive,18841447520,1414427
18842862402,94,2,receive,18841448245,1414157
18842862890,138,3,receive,18841448355,1414535
18842863390,152,3,receive,18841448425,1414965
18842863856,158,6,receive,18841449746,1414110
18842864366,156,4,receive,18841449772,1414594
18842864820,42,4,receive,18841450340,1414480
18842865310,26,5,receive,18841451198,1414112
18842915838,16,3,receive,18841451391,1464447
18842916311,80,6,receive,18841452503,1463808
18842916794,66,4,receive,18841453576,1463218
18842917245,66,5,receive,18841453741,1463504
18842917710,24,2,receive,18841448067,1469643
18842918164,158,7,receive,18841453944,1464220
18842918632,88,2,receive,18841453971,1464661
18842919086,54,4,receive,18841454004,1465082
18842919551,104,2,receive,18841454291,1465260
18842920019,178,2,receive,18841454596,1465423
18842920492,48,3,receive,18841454817,1465675
18842971016,4,1,receive,18841455267,1515749
18842971541,162,2,receive,18841455911,1515630
18842972047,136,6,receive,18841456378,1515669
18842972567,132,4,receive,18841458545,1514022
18842973065,116,1,receive,18841458675,1514390
18842973588,80,7,receive,18841458793,1514795
18842974124,38,4,receive,18841459804,1514320
18842974623,114,3,receive,18841460010,1514613
18842975112,80,8,receive,18841460010,1515102
18842975619,30,3,receive,18841460014,1515605
18843031354,46,5,receive,18841460061,1571293
18843031834,124,2,receive,18841460306,1571528
18843032352,144,3,receive,18841460404,1571948
18843032827,86,9,receive,18841460496,1572331
18843033287,36,6,receive,18841460778,1572509
18843033784,36,7,receive,18841460926,1572858
18843034250,102,5,receive,18841460907,1573343
18843034719,34,6,receive,18841461034,1573685
18843035185,92,5,receive,18841461229,1573956
18843035662,76,10,receive,18841461908,1573754
18843086519,142,3,receive,18841462051,1624468
18843086981,40,5,receive,18841462518,1624463
18843087448,96,6,receive,18841462581,1624867
18843087903,146,3,receive,18841445866,1642037
18843088381,186,2,receive,18841464273,1624108
18843088845,56,5,receive,18841464548,1624297
18843089296,52,5,receive,18841465177,1624119
18843089749,142,4,receive,18841465292,1624457
18843090226,146,4,receive,18841465413,1624813
18843090682,70,6,receive,18841465807,1624875
18843091137,164,3,receive,18841466073,1625064
18843091603,56,6,receive,18841466766,1624837
18843142489,120,9,receive,18841467642,1674847
18843142986,118,7,receive,18841467833,1675153
18843143461,116,2,receive,18841468028,1675433
18843143923,48,4,receive,18841469240,1674683
18843144375,150,4,receive,18841469460,1674915
18843144831,114,4,receive,18841470010,1674821
18843145299,122,6,receive,18841470009,1675290
18843145758,24,3,receive,18841470696,1675062
18843146213,14,3,receive,18841472058,1674155
18843146683,164,4,receive,18841472296,1674387
18843147153,106,3,receive,18841472359,1674794
18843147607,64,5,receive,18841473159,1674448
18843198293,66,6,receive,18841473980,1724313
18843198811,12,2,receive,18841474171,1724640
18843199303,4,2,receive,18841474744,1724559
18843199780,76,11,receive,18841475188,1724592
18843200255,184,3,receive,18841475362,1724893
18843200722,14,4,receive,18841475441,1725281
18843201195,88,3,receive,18841475477,1725718
18843201675,28,6,receive,18841475984,1725691
18843202137,58,1,receive,18841477068,1725069
18843202599,12,3,receive,18841477429,1725170
18843252858,168,4,receive,18841477870,1774988
18843253318,112,3,receive,18841478966,1774352
18843253769,188,3,receive,18841480010,1773759
18843254252,94,3,receive,18841480009,1774243
18843254704,176,2,receive,18841480316,1774388
18843255173,38,5,receive,18841482074,1773099
18843255632,156,5,receive,18841482489,1773143
18843256099,106,4,receive,18841482810,1773289
18843256564,180,4,receive,18841483696,1772868
18843257018,134,2,receive,18841454589,1802429
18843257501,172,2,receive,18841484065,1773436
18843307815,180,5,receive,18841484890,1822925
18843308279,102,6,receive,18841485708,1822571
18843308749,78,3,receive,18841485852,1822897
18843309221,134,3,receive,18841485922,1823299
18843309670,106,5,receive,18841486074,1823596
18843310131,38,6,receive,18841486237,1823894
18843310591,92,6,receive,18841486565,1824026
18843311071,26,6,receive,18841486611,1824460
18843311522,92,7,receive,18841486773,1824749
18843311973,36,8,receive,18841487170,1824803
18843363598,124,3,receive,18841487563,1876035
18843364128,24,4,receive,18841487568,1876560
18843364581,16,4,receive,18841490023,1874558
18843365099,150,5,receive,18841490256,1874843
18843365557,48,5,receive,18841490373,1875184
18843366031,118,8,receive,18841490458,1875573
18843366512,84,6,receive,18841491411,1875101
18843366978,48,6,receive,18841491606,1875372
18843367455,146,5,receive,18841491771,1875684
18843367913,162,3,receive,18841492037,1875876
18843414147,28,7,receive,18841493230,1920917
18843414622,34,7,receive,18841493323,1921299
18843415240,154,6,receive,18841493365,1921875
18843415703,76,12,receive,18841493501,1922202
18843416155,186,3,receive,18841493599,1922556
18843416610,140,12,receive,18841493723,1922887
18843417048,40,6,receive,18841493863,1923185
18843417439,4,3,receive,18841494259,1923180
18843417896,38,7,receive,18841494423,1923473
18843418364,40,7,receive,18841495035,1923329
18843469071,54,5,receive,18841495395,1973676
18843469589,96,7,receive,18841496054,1973535
18843470066,42,5,receive,18841496142,1973924
18843470523,134,4,receive,18841497883,1972640
18843471008,12,4,receive,18841498154,1972854
18843471473,174,2,receive,18841498346,1973127
18843471942,48,7,receive,18841498843,1973099
18843472424,136,7,receive,18841498920,1973504
18843472870,132,5,receive,18841499405,1973465
18843473327,186,4,receive,18841499788,1973539
18843473801,120,10,receive,18841499893,1973908
18843524556,178,3,receive,18841500596,2023960
18843525020,26,7,receive,18841500840,2024180
18843525490,124,4,receive,18841500880,2024610
18843525951,140,13,receive,18841500933,2025018
18843526418,74,2,receive,18841471475,2054943
18843526892,96,8,receive,18841501222,2025670
18843527400,192,4,receive,18841466300,2061100
18843527852,178,4,receive,18841501778,2026074
18843528307,86,10,receive,18841501849,2026458
18843528765,138,4,receive,18841502033,2026732
18843583749,172,3,receive,18841502322,2081427
18843584211,158,8,receive,18841502289,2081922
18843584689,168,5,receive,18841502511,2082178
18843585159,134,5,receive,18841503120,2082039
18843585634,122,7,receive,18841504033,2081601
18843586101,70,7,receive,18841505238,2080863
18843586590,96,9,receive,18841505408,2081182
18843587065,128,2,receive,18841451092,2135973
18843587536,14,5,receive,18841506824,2080712
18843587999,80,9,receive,18841507479,2080520
18843637412,128,3,receive,18841508148,2129264
18843637888,28,8,receive,18841508538,2129350
18843638363,2,2,receive,18841478221,2160142
18843638836,64,6,receive,18841510539,2128297
18843639376,26,8,receive,18841511030,2128346
18843639857,154,7,receive,18841511583,2128274
18843640340,4,4,receive,18841511611,2128729
18843640794,118,9,receive,18841511777,2129017
18843641252,30,4,receive,18841512035,2129217
18843641733,94,4,receive,18841512680,2129053
18843642201,114,5,receive,18841512876,2129325
18843642681,46,6,receive,18841514651,2128030
18843677536,88,4,receive,18841514878,2162658
18843680638,124,5,receive,18841514983,2165655
18843705079,8,2,receive,18841515097,2189982
18843705534,8,3,receive,18841515283,2190251
18843705999,184,4,receive,18841515603,2190396
18843706450,122,3,receive,18841410490,2295960
18843706941,116,3,receive,18841508921,2198020
18843707398,128,4,receive,18841516592,2190806
18843708107,114,7,receive,18841517257,2190850
18843708561,122,8,receive,18841518240,2190321
18843709028,24,5,receive,18841518855,2190173
18843754468,140,14,receive,18841519145,2235323
18843754922,162,4,receive,18841520028,2234894
18843755379,86,11,receive,18841520079,2235300
18843755833,76,13,receive,18841520782,2235051
18843756324,64,7,receive,18841520789,2235535
18843756908,180,6,receive,18841521117,2235791
18843757382,48,8,receive,18841521129,2236253
18843757848,96,10,receive,18841521628,2236220
18843758335,174,3,receive,18841522068,2236267
18843758795,70,8,receive,18841522470,2236325
18843804660,136,8,receive,18841524167,2280493
18843805156,164,5,receive,18841524328,2280828
18843805737,42,6,receive,18841524508,2281229
18843806218,192,5,receive,18841524910,2281308
18843806681,156,6,receive,18841525765,2280916
18843807156,128,5,receive,18841526827,2280329
18843807622,178,5,receive,18841526988,2280634
18843808107,118,10,receive,18841528989,2279118
18843808565,84,7,receive,18841529671,2278894
18843808951,150,6,receive,18841531116,2277835
18843809414,40,8,receive,18841531365,2278049
18843809863,146,6,receive,18841531387,2278476
18843860990,38,8,receive,18841531695,2329295
18843861461,188,4,receive,18841531881,2329580
18843861928,42,7,receive,18841532761,2329167
18843862419,120,11,receive,18841533253,2329166
18843862977,188,5,receive,18841534140,2328837
18843863461,78,4,receive,18841535175,2328286
18843863916,114,8,receive,18841535472,2328444
18843864650,24,6,receive,18841536082,2328568
18843865116,76,14,receive,18841537023,2328093
18843865576,150,7,receive,18841537333,2328243
18843866045,148,1,receive,18841537877,2328168
18843866551,96,11,receive,18841537926,2328625
18843867001,168,6,receive,18841538653,2328348
18843867446,154,8,receive,18841538835,2328611
18843913953,134,6,receive,18841539377,2374576
18843914429,146,9,receive,18841600075,2314354
18843914910,140,16,receive,18841600882,2314028
18843915381,122,10,receive,18841601136,2314245
18843915850,14,8,receive,18841601473,2314377
18843916328,76,16,receive,18841601874,2314454
18843916822,26,12,receive,18841601983,2314839
18843917293,192,8,receive,18841602249,2315044
18843917922,128,8,receive,18841602719,2315203
18843964126,96,14,receive,18841602857,2361269
18843964593,128,9,receive,18841602922,2361671
18843965051,150,10,receive,18841603277,2361774
18843965534,122,11,receive,18841603429,2362105
18843965986,116,6,receive,18841603814,2362172
18843966436,56,8,receive,18841604020,2362416
18843966889,140,17,receive,18841604135,2362754
18843967356,24,8,receive,18841605910,2361446
18843967805,122,12,receive,18841607661,2360144
18843968256,186,5,receive,18841524036,2444220
18843968708,184,6,receive,18841608202,2360506
18844014465,132,8,receive,18841608378,2406087
18844014940,36,9,receive,18841535781,2479159
18844015420,64,10,receive,18841609526,2405894
18844015903,112,6,receive,18841609804,2406099
18844016378,142,5,receive,18841499817,2516561
18844016848,44,3,receive,18841609890,2406958
18844017310,104,3,receive,18841509649,2507661
18844017805,8,5,receive,18841611055,2406750
18844018270,146,10,receive,18841611300,2406970
18844018740,8,6,receive,18841612305,2406435
18844069893,44,4,receive,18841613081,2456812
18844070523,120,14,receive,18841613134,2457389
18844071004,6,7,receive,18841467879,2603125
18844071466,78,6,receive,18841613968,2457498
18844071929,68,1,receive,18841614228,2457701
18844072399,146,11,receive,18841615470,2456929
18844072872,24,9,receive,18841616099,2456773
18844073354,140,18,receive,18841616320,2457034
18844073836,134,10,receive,18841616670,2457166
18844074318,54,8,receive,18841616954,2457364
18844120481,194,3,receive,18841492562,2627919
18844121010,136,10,receive,18841619025,2501985
18844121529,46,11,receive,18841619468,2502061
18844122010,126,5,receive,18841433446,2688564
18844122495,158,12,receive,18841621580,2500915
18844122955,78,7,receive,18841622119,2500836
18844123435,166,4,receive,18841622271,2501164
18844123903,130,3,receive,18841622963,2500940
18844124385,98,6,receive,18841623227,2501158
18844124864,30,7,receive,18841624208,2500656
18844171539,132,9,receive,18841624692,2546847
18844171993,190,3,receive,18841625080,2546913
18844172463,96,15,receive,18841625129,2547334
18844172934,118,14,receive,18841625155,2547779
18844173407,124,6,receive,18841544081,2629326
18844173860,168,8,receive,18841625747,2548113
18844174332,106,8,receive,18841626172,2548160
18844174806,104,4,receive,18841626236,2548570
18844175265,184,7,receive,18841626464,2548801
18844175728,14,9,receive,18841626725,2549003
18844176182,38,11,receive,18841627627,2548555
18844221864,178,8,receive,18841627759,2594105
18844222356,42,10,receive,18841629756,2592600
18844222814,10,4,receive,18841630008,2592806
18844223285,162,9,receive,18841630808,2592477
18844223776,14,10,receive,18841630907,2592869
18844224257,138,7,receive,18841631178,2593079
18844224742,44,5,receive,18841631384,2593358
18844225243,154,12,receive,18841631539,2593704
18844225729,192,9,receive,18841633530,2592199
18844226216,34,11,receive,18841633706,2592510
18844226683,38,12,receive,18841635776,2590907
18844273085,80,12,receive,18841635817,2637268
18844273582,132,10,receive,18841635962,2637620
18844274069,14,11,receive,18841636058,2638011
18844274536,158,13,receive,18841636768,2637768
18844275022,26,13,receive,18841637182,2637840
18844275477,114,10,receive,18841637372,2638105
18844275991,102,7,receive,18841537843,2738148
18844276441,96,16,receive,18841638378,2638063
18844276914,96,17,receive,18841638584,2638330
18844277388,36,10,receive,18841638591,2638797
18844277866,60,4,receive,18841638825,2639041
18844278349,64,11,receive,18841638839,2639510
18844324170,48,11,receive,18841639009,2685161
18844324665,82,5,receive,18841639206,2685459
18844325155,160,1,receive,18841639352,2685803
18844325630,30,8,receive,18841639485,2686145
18844326095,140,19,receive,18841639526,2686569
18844326563,22,2,receive,18841524382,2802181
18844327052,170,3,receive,18841477321,2849731
18844327542,8,7,receive,18841640654,2686888
18844328006,166,5,receive,18841641497,2686509
18844328475,154,13,receive,18841641715,2686760
18844374733,112,7,receive,18841642235,2732498
18844375227,146,12,receive,18841642736,2732491
18844375691,30,9,receive,18841643674,2732017
18844376156,116,7,receive,18841643883,2732273
18844376606,122,13,receive,18841644032,2732574
18844377067,130,4,receive,18841644181,2732886
18844377521,114,11,receive,18841645541,2731980
18844377989,150,11,receive,18841645893,2732096
18844378452,142,6,receive,18841646053,2732399
18844378933,74,3,receive,18841544086,2834847
18844379400,54,9,receive,18841646286,2733114
18844430010,52,6,receive,18841512631,2917379
18844430482,166,6,receive,18841646753,2783729
18844430955,158,14,receive,18841646942,2784013
18844431440,76,17,receive,18841647204,2784236
18844431920,132,11,receive,18841648242,2783678
18844432593,28,14,receive,18841649052,2783541
18844433077,22,3,receive,18841649886,2783191
18844433550,100,2,receive,18841369790,3063760
18844434060,86,12,receive,18841549382,2884678
18844434545,104,5,receive,18841650583,2783962
18844480564,142,7,receive,18841651232,2829332
18844481078,120,15,receive,18841651893,2829185
18844481677,118,15,receive,18841652429,2829248
18844482147,136,11,receive,18841653291,2828856
18844482774,140,20,receive,18841653792,2828982
18844483232,126,6,receive,18841653949,2829283
18844483687,28,15,receive,18841654258,2829429
18844484118,48,12,receive,18841655293,2828825
18844484585,116,8,receive,18841656211,2828374
18844530422,194,4,receive,18841656437,2873985
18844530876,44,6,receive,18841656647,2874229
18844531334,48,13,receive,18841657511,2873823
18844532343,158,15,receive,18841658145,2874198
18844532806,46,12,receive,18841659816,2872990
18844533261,36,11,receive,18841660988,2872273
18844533725,6,8,receive,18841661968,2871757
18844534190,190,4,receive,18841662468,2871722
18844534667,118,16,receive,18841662614,2872053
18844535135,102,8,receive,18841664379,2870756
18844587495,106,9,receive,18841664534,2922961
18844587988,112,8,receive,18841665521,2922467
18844588482,154,14,receive,18841665902,2922580
18844588960,60,5,receive,18841666202,2922758
18844589575,80,13,receive,18841666381,2923194
18844590056,162,10,receive,18841667086,2922970
18844590521,100,3,receive,18841667245,2923276
18844591004,184,8,receive,18841667787,2923217
18844591676,104,6,receive,18841667833,2923843
18844592249,184,9,receive,18841667983,2924266
18844641102,42,11,receive,18841668104,2972998
18844641638,112,9,receive,18841668761,2972877
18844642078,118,17,receive,18841669760,2972318
18844642528,138,8,receive,18841670480,2972048
18844642995,96,18,receive,18841670935,2972060
18844643446,96,19,receive,18841671119,2972327
18844643897,10,5,receive,18841671389,2972508
18844644350,106,10,receive,18841671696,2972654
18844644858,98,7,receive,18841672527,2972331
18844645305,118,18,receive,18841673931,2971374
18844693944,34,12,receive,18841674075,3019869
18844694375,102,9,receive,18841674644,3019731
18844694846,190,5,receive,18841674718,3020128
18844695429,120,16,receive,18841675074,3020355
18844695915,30,10,receive,18841675063,3020852
18844696405,100,4,receive,18841675452,3020953
18844696874,80,14,receive,18841676143,3020731
18844697340,118,19,receive,18841677132,3020208
18844745110,150,12,receive,18841677171,3067939
18844745598,48,14,receive,18841677371,3068227
18844746064,76,18,receive,18841677472,3068592
18844746524,170,4,receive,18841677614,3068910
18844747003,184,10,receive,18841678197,3068806
18844747480,64,12,receive,18841678270,3069210
18844748411,28,16,receive,18841678595,3069816
18844748866,18,1,receive,18841679593,3069273
18844795447,68,2,receive,18841641526,3153921
18844795930,134,11,receive,18841646934,3148996
18844796417,114,6,receive,18841516092,3280325
18844796896,36,12,receive,18841680327,3116569
18844797378,198,1,receive,18841680913,3116465
18844797899,112,10,receive,18841681015,3116884
18844798381,34,13,receive,18841681236,3117145
18844798850,26,14,receive,18841681561,3117289
18844799315,10,6,receive,18841681583,3117732
18844799784,132,12,receive,18841681666,3118118
18844842230,36,13,receive,18841683581,3158649
18844842693,100,5,receive,18841683659,3159034
18844843174,54,10,receive,18841683696,3159478
18844843638,8,8,receive,18841684301,3159337
18844845002,162,11,receive,18841684373,3160629
18844845473,200,3,receive,18841478907,3366566
18844845938,126,7,receive,18841684580,3161358
18844891417,98,8,receive,18841684736,3206681
18844892349,140,21,receive,18841685036,3207313
18844892913,32,1,receive,18841685113,3207800
18844893474,38,13,receive,18841685203,3208271
18844894078,114,12,receive,18841685903,3208175
18844894694,190,6,receive,18841685999,3208695
18844895156,80,15,receive,18841686387,3208769
18844895633,66,7,receive,18841513223,3382410
18844896089,96,20,receive,18841686434,3209655
18844941713,162,12,receive,18841686521,3255192
18844942202,114,13,receive,18841687084,3255118
18844942645,128,10,receive,18841626169,3316476
18844943102,34,14,receive,18841687437,3255665
18844943543,128,11,receive,18841689253,3254290
18844944033,108,2,receive,18841587673,3356360
18844944490,176,3,receive,18841512925,3431565
18844944937,68,3,receive,18841690190,3254747
18844945456,154,15,receive,18841690334,3255122
18844945931,136,12,receive,18841690573,3255358
18844946437,130,5,receive,18841690581,3255856
18844994516,96,21,receive,18841690695,3303821
18844995030,76,19,receive,18841690725,3304305
18844995545,36,14,receive,18841690817,3304728
18844996022,74,4,receive,18841691162,3304860
18844996464,52,7,receive,18841692736,3303728
18844996934,26,15,receive,18841692795,3304139
18844997416,200,4,receive,18841693632,3303784
18844997900,152,4,receive,18841495786,3502114
18844998371,122,14,receive,18841694742,3303629
18844998956,86,13,receive,18841695423,3303533
18845047833,112,11,receive,18841696330,3351503
18845048284,80,16,receive,18841697724,3350560
18845048739,22,4,receive,18841698228,3350511
18845049198,58,2,receive,18841486358,3562840
18845050783,118,20,receive,18841698422,3352361
18845051257,140,22,receive,18841699260,3351997
18845051766,142,8,receive,18841699541,3352225
18845052344,46,13,receive,18841701724,3350620
18845098459,122,15,receive,18841701954,3396505
18845098956,102,10,receive,18841702147,3396809
18845099427,116,9,receive,18841702450,3396977
18845099918,96,22,receive,18841702967,3396951
18845100606,112,12,receive,18841703541,3397065
18845101190,194,5,receive,18841703772,3397418
18845101747,126,8,receive,18841703854,3397893
18845102217,10,7,receive,18841704865,3397352
18845102691,138,9,receive,18841704952,3397739
18845149995,80,17,receive,18841704966,3445029
18845150640,82,6,receive,18841650553,3500087
18845151137,76,20,receive,18841705945,3445192
18845151621,114,15,receive,18841725565,3426056
18845152123,158,18,receive,18841725698,3426425
18845152622,106,13,receive,18841726329,3426293
18845153097,130,6,receive,18841726878,3426219
18845153581,46,14,receive,18841727030,3426551
18845154048,100,6,receive,18841727108,3426940
18845154505,38,14,receive,18841727476,3427029
18845155169,136,13,receive,18841727885,3427284
18845201470,130,7,receive,18841728050,3473420
18845201947,128,12,receive,18841728580,3473367
18845202461,154,16,receive,18841728638,3473823
18845203802,120,18,receive,18841729573,3474229
18845204264,182,2,receive,18841597197,3607067
18845205003,72,1,receive,18841730066,3474937
18845205463,66,8,receive,18841730855,3474608
18845205931,8,10,receive,18841730015,3475916
18845253005,60,7,receive,18841732018,3520987
18845253483,70,13,receive,18841613963,3639520
18845253952,28,19,receive,18841733323,3520629
18845254420,94,6,receive,18841636130,3618290
18845254962,22,5,receive,18841733772,3521190
18845255413,184,12,receive,18841733892,3521521
18845255879,84,10,receive,18841601736,3654143
18845256447,118,21,receive,18841734778,3521669
18845256973,34,15,receive,18841734828,3522145
18845257583,152,6,receive,18841735194,3522389
18845302127,134,14,receive,18841735797,3566330
18845302622,60,8,receive,18841736232,3566390
18845303146,68,5,receive,18841736824,3566322
18845303626,110,3,receive,18841486367,3817259
18845304349,74,5,receive,18841737428,3566921
18845304920,102,11,receive,18841737553,3567367
18845305383,64,14,receive,18841737585,3567798
18845305870,52,9,receive,18841737705,3568165
18845306398,84,11,receive,18841738132,3568266
18845347682,134,15,receive,18841738972,3608710
18845348155,92,8,receive,18841535245,3812910
18845348632,74,6,receive,18841740622,3608010
18845349133,74,7,receive,18841740775,3608358
18845349598,38,15,receive,18841741098,3608500
18845350079,50,2,receive,18841428319,3921760
18845350545,96,23,receive,18841741323,3609222
18845351025,194,6,receive,18841741433,3609592
18845351488,98,11,receive,18841741440,3610048
18845351959,198,3,receive,18841741593,3610366
18845402859,120,19,receive,18841741782,3661077
18845403341,122,16,receive,18841742237,3661104
18845403821,80,18,receive,18841742320,3661501
18845404295,6,9,receive,18841680190,3724105
18845404769,184,13,receive,18841743119,3661650
18845405246,56,9,receive,18841646408,3758838
18845405734,26,16,receive,18841744425,3661309
18845406219,128,13,receive,18841744784,3661435
18845406685,142,11,receive,18841746438,3660247
18845407167,170,6,receive,18841747203,3659964
18845452676,182,3,receive,18841747346,3705330
18845453148,42,15,receive,18841747358,3705790
18845453625,140,24,receive,18841747667,3705958
18845454091,22,6,receive,18841747969,3706122
18845454560,116,10,receive,18841748621,3705939
18845455037,120,20,receive,18841749952,3705085
18845455508,178,9,receive,18841674209,3781299
18845455980,144,5,receive,18841578180,3877800
18845456447,156,7,receive,18841563112,3893335
18845456910,144,6,receive,18841750197,3706713
18845457387,80,19,receive,18841751534,3705853
18845503782,54,12,receive,18841753341,3750441
18845504272,144,7,receive,18841753414,3750858
18845504750,56,10,receive,18841753733,3751017
18845505229,76,21,receive,18841754251,3750978
18845505755,72,2,receive,18841754525,3751230
18845506552,88,6,receive,18841725339,3781213
18845507059,100,7,receive,18841755410,3751649
18845507561,90,2,receive,18841588707,3918854
18845508089,36,17,receive,18841755746,3752343
18845549531,22,7,receive,18841756122,3793409
18845550030,66,9,receive,18841756187,3793843
18845550493,144,8,receive,18841756638,3793855
18845550968,142,12,receive,18841756681,3794287
18845551432,170,7,receive,18841757388,3794044
18845551913,134,16,receive,18841758188,3793725
18845552381,186,6,receive,18841635373,3917008
18845552842,192,10,receive,18841684669,3868173
18845553301,114,16,receive,18841758855,3794446
18845600982,118,22,receive,18841759044,3841938
18845601438,130,8,receive,18841759316,3842122
18845601859,118,23,receive,18841760230,3841629
18845602326,174,8,receive,18841650794,3951532
18845602796,22,8,receive,18841761292,3841504
18845603262,54,13,receive,18841765061,3838201
18845603743,34,16,receive,18841765135,3838608
18845604214,170,8,receive,18841765568,3838646
18845604695,10,10,receive,18841765594,3839101
18845605167,60,9,receive,18841765772,3839395
18845652209,16,5,receive,18841548173,4104036
18845652693,120,21,receive,18841766172,3886521
18845653176,110,4,receive,18841766644,3886532
18845653642,110,5,receive,18841766802,3886840
18845654124,34,17,receive,18841767301,3886823
18845654615,168,9,receive,18841633887,4020728
18845655008,140,25,receive,18841767836,3887172
18845655380,42,16,receive,18841768576,3886804
18845655825,16,6,receive,18841769344,3886481
18845656293,66,10,receive,18841769483,3886810
18845656837,190,9,receive,18841770238,3886599
18845657312,86,15,receive,18841772101,3885211
18845702918,28,20,receive,18841771263,3931655
18845703388,110,6,receive,18841772976,3930412
18845703869,8,11,receive,18841773292,3930577
18845704359,122,17,receive,18841774795,3929564
18845704830,80,20,receive,18841774838,3929992
18845705296,56,11,receive,18841775020,3930276
18845705772,118,24,receive,18841775424,3930348
18845706240,198,4,receive,18841775833,3930407
18845706731,140,26,receive,18841776021,3930710
18845707208,158,19,receive,18841776064,3931144
18845707682,186,7,receive,18841776432,3931250
18845778525,46,15,receive,18841776504,4002021
18845778802,136,14,receive,18841777287,4001515
18845779050,96,24,receive,18841777676,4001374
18845779305,102,12,receive,18841779002,4000303
18845779559,152,7,receive,18841779502,4000057
18845779808,30,11,receive,18841708602,4071206
18845780074,52,10,receive,18841781709,3998365
18845780316,68,6,receive,18841781988,3998328
18845780550,186,8,receive,18841782606,3997944
18845780788,182,4,receive,18841782657,3998131
18845781023,186,9,receive,18841783766,3997257
18845781319,186,10,receive,18841783886,3997433
18845781564,8,12,receive,18841785508,3996056
18845978924,156,8,receive,18841785524,4193400
18845979191,82,7,receive,18841711636,4267555
18845979473,148,2,receive,18841574296,4405177
18845979731,74,8,receive,18841788111,4191620
18845979996,120,22,receive,18841788415,4191581
18845980253,76,22,receive,18841788601,4191652
18845980500,46,16,receive,18841788733,4191767
18845980741,180,8,receive,18841572803,4407938
18845980983,186,11,receive,18841789019,4191964
18845981226,110,7,receive,18841789210,4192016
18845981484,120,23,receive,18841790597,4190887
18845981727,80,21,receive,18841781050,4200677
18845981967,4,7,receive,18841603874,4378093
18845982208,90,3,receive,18841792901,4189307
18845982466,116,11,receive,18841793037,4189429
18845982710,36,18,receive,18841793156,4189554
18845982952,48,15,receive,18841720731,4262221
18845983207,190,10,receive,18841794878,4188329
18845983448,52,11,receive,18841797002,4186446
18845983690,136,15,receive,18841797441,4186249
18845983933,88,7,receive,18841797956,4185977
18845984177,68,7,receive,18841798193,4185984
18846041698,34,18,receive,18841798535,4243163
18846041967,42,17,receive,18841798872,4243095
18846042404,100,8,receive,18841799816,4242588
18846042645,170,9,receive,18841799852,4242793
18846042887,196,2,receive,18841600169,4442718
18846043130,78,8,receive,18841636304,4406826
18846043366,96,25,receive,18841800192,4243174
18846043605,68,8,receive,18841800365,4243240
18846043840,166,7,receive,18841676492,4367348
18846044106,66,11,receive,18841800892,4243214
18846044348,108,3,receive,18841727853,4316495
18846044587,182,5,receive,18841802918,4241669
18846133552,180,9,receive,18841804194,4329358
18846133812,168,10,receive,18841805096,4328716
18846134053,144,9,receive,18841805106,4328947
18846134313,116,12,receive,18841805200,4329113
18846134562,144,10,receive,18841805309,4329253
18846134805,136,16,receive,18841805682,4329123
18846135060,42,18,receive,18841806058,4329002
18846136227,86,16,receive,18841807179,4329048
18846136483,114,17,receive,18841807187,4329296
18846136744,22,9,receive,18841807576,4329168
18846136986,42,19,receive,18841809249,4327737
18846137235,130,9,receive,18841809656,4327579
18846137474,122,18,receive,18841811199,4326275
18846137716,186,12,receive,18841811246,4326470
18846137955,100,9,receive,18841811997,4325958
18846138202,118,25,receive,18841812705,4325497
18846179391,116,13,receive,18841813388,4366003
18846180567,56,12,receive,18841813357,4367210
18846180932,96,26,receive,18841813572,4367360
18846181323,152,8,receive,18841813765,4367558
18846181715,170,10,receive,18841814060,4367655
18846182096,34,19,receive,18841814778,4367318
18846182477,198,5,receive,18841815174,4367303
18846182909,162,13,receive,18841727344,4455565
18846183321,74,9,receive,18841815425,4367896
18846183702,140,27,receive,18841815698,4368004
18846221377,56,13,receive,18841816624,4404753
18846221777,90,4,receive,18841817159,4404618
18846222145,140,28,receive,18841817899,4404246
18846222942,8,13,receive,18841818877,4404065
18846223485,126,9,receive,18841739219,4484266
18846224035,140,29,receive,18841820599,4403436
18846224431,158,20,receive,18841822474,4401957
18846224893,28,21,receive,18841822963,4401930
18846225285,78,9,receive,18841824553,4400732
18846226259,104,7,receive,18841699199,4527060
18846226718,104,8,receive,18841825131,4401587
18846316349,68,9,receive,18841825431,4490918
18846316623,118,26,receive,18841825919,4490704
18846316996,24,10,receive,18841641426,4675570
18846317248,110,8,receive,18841826548,4490700
18846317495,20,5,receive,18841591400,4726095
18846317742,34,20,receive,18841828009,4489733
18846317983,126,10,receive,18841828263,4489720
18846318247,180,10,receive,18841828478,4489769
18846318499,116,14,receive,18841828612,4489887
18846318772,4,8,receive,18841829214,4489558
18846319018,58,3,receive,18841742824,4576194
18846319260,68,10,receive,18841829569,4489691
18846431986,150,14,receive,18841717712,4714274
