receive_timestamp,source_vehicle,message_id,event_type,send_timestamp,latency_us
262804573543,82,1,receive,262794647666,9925877
262804574261,110,1,receive,262794648198,9926063
262804576602,12,1,receive,262794651507,9925095
262804579943,372,1,receive,262794651592,9928351
262804586306,156,1,receive,262794652107,9934199
262804600628,198,1,receive,262794652771,9947857
262804601296,186,1,receive,262794653417,9947879
262804601954,16,1,receive,262794654371,9947583
262804602616,376,1,receive,262794656043,9946573
262804603277,582,1,receive,262794656105,9947172
262804603950,380,1,receive,262794656620,9947330
262804631388,210,1,receive,262794657065,9974323
262804632072,580,1,receive,262794657773,9974299
262804632745,218,1,receive,262794659052,9973693
262804633434,596,1,receive,262794659861,9973573
262804651881,50,1,receive,262794660037,9991844
262804652552,76,1,receive,262794660045,9992507
262804653238,44,1,receive,262794661029,9992209
262804657383,592,1,receive,262794664405,9992978
262804661606,420,1,receive,262794665047,9996559
262804668588,588,1,receive,262794665889,10002699
262804669296,150,1,receive,262794668319,10000977
262804669988,632,1,receive,262794668908,10001080
262804670656,164,1,receive,262794669151,10001505
262804685553,384,1,receive,262794669749,10015804
262804686238,14,1,receive,262794650105,10036133
262804686919,542,1,receive,262794672968,10013951
262804692146,628,1,receive,262794676074,10016072
262804698021,52,1,receive,262794677035,10020986
262804703520,590,1,receive,262794679633,10023887
262804706574,170,1,receive,262794680405,10026169
262804707236,226,1,receive,262794680969,10026267
262804716656,364,1,receive,262794682340,10034316
262804724055,10,1,receive,262794651651,10072404
262804736758,88,1,receive,262794684352,10052406
262804737437,134,1,receive,262794684917,10052520
262804739041,358,1,receive,262794685038,10054003
262804744083,120,1,receive,262794685420,10058663
262804747613,758,1,receive,262794685979,10061634
262804754986,166,1,receive,262794688499,10066487
262804755674,208,1,receive,262794691855,10063819
262804763956,344,1,receive,262794693037,10070919
262804764624,832,1,receive,262794694048,10070576
262804765273,794,1,receive,262794695138,10070135
262804765929,442,1,receive,262794697452,10068477
262804784633,450,1,receive,262794698023,10086610
262804785305,162,1,receive,262794700773,10084532
262804785959,802,1,receive,262794702973,10082986
262804786604,812,1,receive,262794703956,10082648
262804787274,834,1,receive,262794704045,10083229
262804804425,126,1,receive,262794705053,10099372
262804805106,824,1,receive,262794709244,10095862
262804809394,818,1,receive,262794710825,10098569
262804812866,552,1,receive,262794712774,10100092
262804819993,752,1,receive,262794715035,10104958
262804823586,274,1,receive,262794718059,10105527
262804827023,830,1,receive,262794719284,10107739
262804830185,480,1,receive,262794719296,10110889
262804830842,822,1,receive,262794719860,10110982
262804841581,618,1,receive,262794721795,10119786
262804843237,520,1,receive,262794730338,10112899
262804843891,630,1,receive,262794730659,10113232
262804844553,500,1,receive,262794731099,10113454
262804851520,526,1,receive,262794732762,10118758
262804862047,348,1,receive,262794733707,10128340
262804862726,508,1,receive,262794734772,10127954
262804863416,836,1,receive,262794737218,10126198
262804864097,792,1,receive,262794738039,10126058
262804864757,762,1,receive,262794738054,10126703
262804879831,820,1,receive,262794738579,10141252
262804880517,168,1,receive,262794739068,10141449
262804881204,454,1,receive,262794739055,10142149
262804889004,354,1,receive,262794739204,10149800
262804895302,840,1,receive,262794739718,10155584
262804897305,388,1,receive,262794699467,10197838
262804899524,488,1,receive,262794741721,10157803
262804902542,92,1,receive,262794651844,10250698
262804905908,816,1,receive,262794745511,10160397
262804910215,202,1,receive,262794745539,10164676
262804911812,244,1,receive,262794745732,10166080
262804915634,212,1,receive,262794749217,10166417
262804919201,432,1,receive,262794657302,10261899
262804921920,178,1,receive,262794679202,10242718
262804926044,352,1,receive,262794747193,10178851
262804934102,610,1,receive,262794753207,10180895
262804935577,634,1,receive,262794756062,10179515
262804939204,540,1,receive,262794759061,10180143
262804943020,786,1,receive,262794759277,10183743
262804947722,494,1,receive,262794759442,10188280
262804951308,482,1,receive,262794759783,10191525
262804955074,838,1,receive,262794760973,10194101
262804959515,736,1,receive,262794761059,10198456
262804960195,712,1,receive,262794765916,10194279
262804960875,606,1,receive,262794767049,10193826
262804970244,594,1,receive,262794771037,10199207
262804975440,62,1,receive,262794771460,10203980
262804976104,236,1,receive,262794669024,10307080
262804982519,356,1,receive,262794775038,10207481
262804986625,724,1,receive,262794775084,10211541
262804991458,722,1,receive,262794775712,10215746
262804995857,788,1,receive,262794776734,10219123
262804998868,638,1,receive,262794777049,10221819
262804999535,466,1,receive,262794779063,10220472
262805010175,754,1,receive,262794779855,10230320
262805010844,744,1,receive,262794782098,10228746
262805022133,718,1,receive,262794784101,10238032
262805026325,58,1,receive,262794634580,10391745
262805027639,852,1,receive,262794785938,10241701
262805037349,842,1,receive,262794787098,10250251
262805037995,140,1,receive,262794705034,10332961
262805041022,874,1,receive,262794790712,10250310
262805045918,608,1,receive,262794791047,10254871
262805046973,740,1,receive,262794791185,10255788
262805049985,862,1,receive,262794791404,10258581
262805055232,586,1,receive,262794773034,10282198
262805057876,680,1,receive,262794800964,10256912
262805062871,556,1,receive,262794801210,10261661
262805063546,80,1,receive,262794753077,10310469
262805074789,810,1,receive,262794800687,10274102
262805075656,682,1,receive,262794803273,10272383
262805078382,848,1,receive,262794804357,10274025
262805082017,688,1,receive,262794805146,10276871
262805084774,670,1,receive,262794805425,10279349
262805092930,706,1,receive,262794805754,10287176
262805097087,532,1,receive,262794804039,10293048
262805103535,866,1,receive,262794807290,10296245
262805106022,846,1,receive,262794808433,10297589
262805132942,700,1,receive,262794808661,10324281
262805133647,666,1,receive,262794808832,10324815
262805134335,726,1,receive,262794809152,10325183
262805135021,886,1,receive,262794809654,10325367
262805135703,280,1,receive,262794804038,10331665
262805187247,534,1,receive,262794810019,10377228
262805187926,742,1,receive,262794810046,10377880
262805188585,734,1,receive,262794805975,10382610
262805202862,738,1,receive,262794804564,10398298
262805203551,578,1,receive,262794813571,10389980
262805236258,614,1,receive,262794818064,10418194
262805236944,766,1,receive,262794818592,10418352
262805237630,814,1,receive,262794819547,10418083
262805238325,760,1,receive,262794820818,10417507
262805239015,620,1,receive,262794817830,10421185
262805285211,864,1,receive,262794816273,10468938
262805285891,612,1,receive,262794824582,10461309
262805286574,768,1,receive,262794826059,10460515
262805287254,472,1,receive,262794824203,10463051
262805287933,890,1,receive,262794828041,10459892
262805333652,902,1,receive,262794828444,10505208
262805334346,878,1,receive,262794829373,10504973
262805335030,558,1,receive,262794826751,10508279
262805335717,882,1,receive,262794827769,10507948
262805336410,730,1,receive,262794831114,10505296
262805354124,780,1,receive,262794831798,10522326
262805354784,32,1,receive,262794664030,10690754
262805355439,174,1,receive,262794707028,10648411
262805356113,538,1,receive,262794831395,10524718
262805356771,774,1,receive,262794834551,10522220
262805360370,782,1,receive,262794831156,10529214
262805361122,636,1,receive,262794835757,10525365
262805362318,230,1,receive,262794836017,10526301
262805363753,568,1,receive,262794828903,10534850
262805369696,276,1,receive,262794718788,10650908
262805370454,184,1,receive,262794837518,10532936
262805372737,888,1,receive,262794838015,10534722
262805374920,708,1,receive,262794823509,10551411
262805377093,704,1,receive,262794836511,10540582
262805380838,536,1,receive,262794827439,10553399
262805381564,884,1,receive,262794818675,10562889
262805383772,880,1,receive,262794828803,10554969
262805386495,856,1,receive,262794841630,10544865
262805390026,674,1,receive,262794842731,10547295
262805392143,678,1,receive,262794849031,10543112
262805392892,868,1,receive,262794833809,10559083
262805394517,698,1,receive,262794848604,10545913
262805400082,806,1,receive,262794853081,10547001
262805403415,778,1,receive,262794855512,10547903
262805410280,720,1,receive,262794843242,10567038
262805410937,844,1,receive,262794842017,10568920
262805411585,900,1,receive,262794839300,10572285
262805420195,464,1,receive,262794827781,10592414
262805423524,804,1,receive,262794860983,10562541
262805435338,444,1,receive,262794861645,10573693
262805435991,790,1,receive,262794850137,10585854
262805436663,896,1,receive,262794858653,10578010
262805437330,870,1,receive,262794831029,10606301
262805437990,912,1,receive,262794858038,10579952
262805458579,116,1,receive,262794852130,10606449
262805459226,716,1,receive,262794853883,10605343
262805468494,876,1,receive,262794852260,10616234
262805471456,732,1,receive,262794852037,10619419
262805478665,854,1,receive,262794864460,10614205
262805487286,914,1,receive,262794874858,10612428
262805487973,828,1,receive,262794871988,10615985
262805493402,910,1,receive,262794873486,10619916
262805502060,892,1,receive,262794863422,10638638
262805502745,600,1,receive,262794874615,10628130
262805514258,124,2,receive,262794780600,10733658
262805515435,924,1,receive,262794879157,10636278
262805524752,918,1,receive,262794884191,10640561
262805530162,858,1,receive,262794875062,10655100
262805547902,628,2,receive,262794887482,10660420
262805548570,222,1,receive,262794858074,10690496
262805549247,826,1,receive,262794888886,10660361
262805549918,908,1,receive,262794887953,10661965
262805550590,916,1,receive,262794895909,10654681
262805580265,898,1,receive,262794897612,10682653
262805580945,206,1,receive,262794894084,10686861
262805581627,906,1,receive,262794896323,10685304
262805582317,176,1,receive,262794885163,10697154
262805610275,850,1,receive,262794880639,10729636
262805610940,702,1,receive,262794859037,10751903
262805611607,920,1,receive,262794906037,10705570
262805616601,904,1,receive,262794898967,10717634
262805622409,104,1,receive,262794693040,10929369
262805646370,894,1,receive,262794910035,10736335
262805647065,714,1,receive,262794869932,10777133
262805647751,432,2,receive,262794897567,10750184
262805648427,362,1,receive,262794890412,10758015
262805669362,74,2,receive,262794891949,10777413
262805670051,138,1,receive,262794906230,10763821
262805670733,872,1,receive,262794868647,10802086
262805671418,926,1,receive,262794922243,10749175
262805672109,860,1,receive,262794864783,10807326
262805672769,928,1,receive,262794926348,10746421
262805707751,922,1,receive,262794927383,10780368
262805708366,442,2,receive,262794921009,10787357
262805709049,172,1,receive,262794871811,10837238
262805709728,152,1,receive,262794921274,10788454
262805745282,820,2,receive,262794926445,10818837
262805746047,562,1,receive,262794948009,10798038
262805746720,378,1,receive,262794945663,10801057
262805747417,114,1,receive,262794899455,10847962
262805748078,758,2,receive,262794953280,10794798
262805748762,110,2,receive,262794921860,10826902
262805787322,148,1,receive,262794843310,10944012
262805787996,772,1,receive,262794960625,10827371
262805788683,212,2,receive,262794923249,10865434
262805801027,354,2,receive,262794884812,10916215
262805814444,938,1,receive,262794965518,10848926
262805815986,736,2,receive,262794901012,10914974
262805816659,934,1,receive,262794966837,10849822
262805817339,580,2,receive,262794955918,10861421
262805818027,888,2,receive,262794981489,10836538
262805818715,956,1,receive,262794984049,10834666
262805856399,508,2,receive,262794961472,10894927
262805857055,262,2,receive,262794986507,10870548
262805857721,962,1,receive,262794987230,10870491
262805858392,220,1,receive,262794979264,10879128
262805859082,838,2,receive,262794990251,10868831
262805911195,930,1,receive,262794990426,10920769
262805911866,700,2,receive,262794990760,10921106
262805912548,418,1,receive,262794895366,11017182
262805921632,12,2,receive,262794920545,11001087
262805922304,958,1,receive,262794999239,10923065
262805922980,964,1,receive,262795001085,10921895
262805955272,954,1,receive,262795002131,10953141
262805955932,948,1,receive,262795005276,10950656
262805956596,950,1,receive,262795006730,10949866
262805957257,944,1,receive,262795008940,10948317
262805957944,952,1,receive,262795010977,10946967
262806003807,358,2,receive,262795011078,10992729
262806004489,942,1,receive,262795012579,10991910
262806005183,20,2,receive,262794917166,11088017
262806005840,946,1,receive,262795013041,10992799
262806006496,404,1,receive,262795004819,11001677
262806054895,960,1,receive,262795017037,11037858
262806055573,162,2,receive,262795004120,11051453
262806056263,586,2,receive,262795027329,11028934
262806056921,98,2,receive,262794964568,11092353
262806057589,940,1,receive,262795036121,11021468
262806090761,210,2,receive,262794982172,11108589
262806091453,492,3,receive,262804564089,1527364
262806092143,616,1,receive,262804585726,1506417
262806092833,192,5,receive,262804586076,1506757
262806093509,362,17,receive,262804586379,1507130
262806139188,84,17,receive,262804523004,1616184
262806139878,336,6,receive,262804595287,1544591
262806140556,256,5,receive,262804578062,1562494
262806150623,88,19,receive,262804539007,1611616
262806157403,490,14,receive,262804620636,1536767
262806185751,368,3,receive,262804608565,1577186
262806186445,342,7,receive,262804564252,1622193
262806187140,390,16,receive,262804643429,1543711
262806197890,664,2,receive,262804641318,1556572
262806198547,578,17,receive,262804629316,1569231
262806200861,510,2,receive,262804654389,1546472
262806202637,242,8,receive,262804653823,1548814
262806204077,272,9,receive,262804612135,1591942
262806205525,340,2,receive,262804659400,1546125
262806206949,246,5,receive,262804669063,1537886
262806208415,544,1,receive,262804646346,1562069
262806209854,512,1,receive,262804674051,1535803
262806211323,546,1,receive,262804683864,1527459
262806212765,66,15,receive,262804663184,1549581
262806214237,460,2,receive,262804677249,1536988
262806215717,442,17,receive,262804663201,1552516
262806217027,654,15,receive,262804683736,1533291
262806218828,196,1,receive,262804708328,1510500
262806220351,548,1,receive,262804715067,1505284
262806222113,190,8,receive,262804684513,1537600
262806223357,550,1,receive,262804710554,1512803
262806225041,414,11,receive,262804714015,1511026
262806226542,518,1,receive,262804689158,1537384
262806227210,200,1,receive,262804706202,1521008
262806227872,268,7,receive,262804709399,1518473
262806231096,296,8,receive,262804697756,1533340
262806232653,514,2,receive,262804709550,1523103
262806234205,436,10,receive,262804742282,1491923
262806234897,484,2,receive,262804739880,1495017
262806235567,662,11,receive,262804746982,1488585
262806238740,258,12,receive,262804663620,1575120
262806240187,868,17,receive,262804757693,1482494
262806241797,430,4,receive,262804756961,1484836
262806242476,530,1,receive,262804756896,1485580
262806245131,710,2,receive,262804775071,1470060
262806246981,672,2,receive,262804746842,1500139
262806248470,426,2,receive,262804774323,1474147
262806249955,4,3,receive,262804784270,1465685
262806251525,182,9,receive,262804781009,1470516
262806253140,332,9,receive,262804787948,1465192
262806254831,410,6,receive,262804785006,1469825
262806255522,910,15,receive,262804743563,1511959
262806256194,408,2,receive,262804802126,1454068
262806256879,446,1,receive,262804814426,1442453
262806257565,412,3,receive,262804796874,1460691
262806355520,458,4,receive,262804802773,1552747
262806356186,370,4,receive,262804804015,1552171
262806356858,502,15,receive,262804792791,1564067
262806357532,308,8,receive,262804839012,1518520
262806358192,970,13,receive,262804815658,1542534
262806358873,546,2,receive,262804823127,1535746
262806415659,692,2,receive,262804847010,1568649
262806416330,216,1,receive,262804830298,1586032
262806422060,334,3,receive,262804837010,1585050
262806422718,390,17,receive,262804859537,1563181
262806423381,980,20,receive,262804866319,1557062
262806482117,652,11,receive,262804839070,1643047
262806482781,214,8,receive,262804861005,1621776
262806483426,642,1,receive,262804880378,1603048
262806484146,514,3,receive,262804873175,1610971
262806484832,284,5,receive,262804879504,1605328
262806485527,544,2,receive,262804885682,1599845
262806527204,294,4,receive,262804877832,1649372
262806527862,492,4,receive,262804901549,1626313
262806528535,192,6,receive,262804898386,1630149
262806541225,314,3,receive,262804905006,1636219
262806541896,180,9,receive,262804884631,1657265
262806572478,414,12,receive,262804909944,1662534
262806573452,696,6,receive,262804891467,1681985
262806581941,342,8,receive,262804931525,1650416
262806582648,686,10,receive,262804917440,1665208
262806610539,524,2,receive,262804908009,1702530
262806611152,648,1,receive,262804941804,1669348
262806611802,246,6,receive,262804950347,1661455
262806612461,302,7,receive,262804937007,1675454
262806613127,940,17,receive,262804929515,1683612
262806613788,404,16,receive,262804955802,1657986
262806674497,318,3,receive,262804956147,1718350
262806675175,474,1,receive,262804965055,1710120
262806675851,200,2,receive,262804933237,1742614
262806676537,306,5,receive,262804970207,1706330
262806677233,470,13,receive,262804973755,1703478
262806677902,336,7,receive,262804971009,1706893
262806726607,238,7,receive,262804968728,1757879
262806727294,258,13,receive,262804986006,1741288
262806727968,692,3,receive,262804967657,1760311
262806728633,272,10,receive,262805002062,1726571
262806729290,554,8,receive,262804968367,1760923
262806729936,350,3,receive,262804986662,1743274
262806768843,676,3,receive,262805005425,1763418
262806769507,446,2,receive,262804996015,1773492
262806770172,312,7,receive,262804931064,1839108
262806785202,328,9,receive,262805004006,1781196
262806816080,268,8,receive,262804979068,1837012
262806816744,414,13,receive,262805040696,1776048
262806817396,424,5,receive,262805024207,1793189
262806818055,710,3,receive,262805040121,1777934
262806818731,980,21,receive,262805030772,1787959
262806819417,616,2,receive,262805040162,1779255
262806867323,250,1,receive,262805034868,1832455
262806868009,504,3,receive,262805044692,1823317
262806868657,452,5,receive,262805013115,1855542
262806869320,300,7,receive,262805024607,1844713
262806869976,456,1,receive,262805056587,1813389
262806870643,412,4,receive,262805061858,1808785
262806917724,386,8,receive,262805028008,1889716
262806918527,478,5,receive,262805051433,1867094
262806919208,254,1,receive,262805070223,1848985
262806919867,330,3,receive,262805069606,1850261
262806920529,260,1,receive,262805099706,1820823
262806968132,518,2,receive,262805092006,1876126
262806968792,604,14,receive,262805107182,1861610
262806969443,188,9,receive,262805087004,1882439
262806970113,598,1,receive,262805113564,1856549
262806970792,320,12,receive,262805109011,1861781
262807012804,486,1,receive,262805114959,1897845
262807013493,374,5,receive,262805100917,1912576
262807014157,764,1,receive,262805141798,1872359
262807014803,326,3,receive,262805135697,1879106
262807015470,196,2,receive,262805124693,1890777
262807064809,690,2,receive,262805081914,1982895
262807065495,316,9,receive,262805145489,1920006
262807066183,662,12,receive,262805130006,1936177
262807066864,264,1,receive,262805143277,1923587
262807067515,252,12,receive,262805181884,1885631
262807100139,258,14,receive,262805187192,1912947
262807100801,242,9,receive,262805190008,1910793
262807101477,448,9,receive,262805180360,1921117
262807102168,340,3,receive,262805237930,1864238
262807102829,426,3,receive,262805211743,1891086
262807185849,572,1,receive,262805248804,1937045
262807186542,554,9,receive,262805200140,1986402
262807187249,270,6,receive,262805239912,1947337
262807187937,310,5,receive,262805252184,1935753
262807188616,468,5,receive,262805268571,1920045
262807265684,296,9,receive,262805268385,1997299
262807266339,650,1,receive,262805295838,1970501
262807266987,314,4,receive,262805280222,1986765
262807267646,522,2,receive,262805310866,1956780
262807268306,424,6,receive,262805311310,1956996
262807268963,360,7,receive,262805355011,1913952
262807316142,322,4,receive,262805344801,1971341
262807316785,416,3,receive,262805350613,1966172
262807317443,644,1,receive,262805371488,1945955
262807318107,270,7,receive,262805384819,1933288
262807318763,346,1,receive,262805416711,1902052
262807360318,386,9,receive,262805398863,1961455
262807360743,518,4,receive,262805438335,1922408
262807361252,516,1,receive,262805438809,1922443
262807369193,250,2,receive,262805450472,1918721
262807379794,374,6,receive,262805446133,1933661
262807408499,238,8,receive,262805456699,1951800
262807409147,396,1,receive,262805450533,1958614
262807409800,664,3,receive,262805459394,1950406
262807410473,298,6,receive,262805458122,1952351
262807411133,514,4,receive,262805442693,1968440
262807411792,544,3,receive,262805458288,1953504
262807463380,410,7,receive,262805487390,1975990
262807464030,266,6,receive,262805488127,1975903
262807464683,370,5,receive,262805466631,1998052
262807465343,486,2,receive,262805510844,1954499
262807465996,390,18,receive,262805497928,1968068
262807503440,306,6,receive,262805502007,2001433
262807504099,130,3,receive,262805520501,1983598
262807504752,460,4,receive,262805458140,2046612
262807505406,498,5,receive,262805493182,2012224
262807541503,462,2,receive,262805487011,2054492
262807542162,510,5,receive,262805512126,2030036
262807542817,756,1,receive,262805530587,2012230
262807547872,284,6,receive,262805520061,2027811
262807552472,214,9,receive,262805441671,2110801
262807581882,550,3,receive,262805548354,2033528
262807582543,656,11,receive,262805552326,2030217
262807583201,240,1,receive,262805562225,2020976
262807590529,676,4,receive,262805536281,2054248
262807601901,312,8,receive,262805571334,2030567
262807630026,406,14,receive,262805556218,2073808
262807630693,296,10,receive,262805553935,2076758
262807631348,368,4,receive,262805552363,2078985
262807631999,528,1,receive,262805579475,2052524
262807632659,490,15,receive,262805554147,2078512
262807633320,192,7,receive,262805559144,2074176
262807679261,318,4,receive,262805547320,2131941
262807679919,524,3,receive,262805580014,2099905
262807680574,308,9,receive,262805581347,2099227
262807681233,180,10,receive,262805599423,2081810
262807681887,452,6,receive,262805592279,2089608
262807714582,522,3,receive,262805602304,2112278
262807715020,746,1,receive,262805617836,2097184
262807715449,370,6,receive,262805627983,2087466
262807715880,506,2,receive,262805592712,2123168
262807716320,504,5,receive,262805589006,2127314
262807716756,264,2,receive,262805617951,2098805
262807717196,204,2,receive,262805631120,2086076
262807717632,254,3,receive,262805640096,2077536
262807764887,456,2,receive,262805618226,2146661
262807765549,412,5,receive,262805654532,2111017
262807766211,484,3,receive,262805610010,2156201
262807766867,692,4,receive,262805654779,2112088
262807767529,478,6,receive,262805653538,2113991
262807809830,784,1,receive,262805674500,2135330
262807810269,292,2,receive,262805652444,2157825
262807810705,430,5,receive,262805662875,2147830
262807812128,414,14,receive,262805664270,2147858
262807821841,502,16,receive,262805669618,2152223
262807822501,696,8,receive,262805664809,2157692
262807857171,334,4,receive,262805651543,2205628
262807857725,492,5,receive,262805668411,2189314
262807858171,770,1,receive,262805703343,2154828
262807858604,440,2,receive,262805677319,2181285
262807859041,672,4,receive,262805692152,2166889
262807859475,190,9,receive,262805669727,2189748
262807895457,796,1,receive,262805713042,2182415
262807896112,408,3,receive,262805669221,2226891
262807896763,294,5,receive,262805710714,2186049
262807897419,396,2,receive,262805644295,2253124
262807898079,550,4,receive,262805681070,2217009
262807898734,200,3,receive,262805697750,2200984
262807941661,616,3,receive,262805698166,2243495
262807942323,242,10,receive,262805713537,2228786
262807942977,308,10,receive,262805735272,2207705
262807950350,284,7,receive,262805746366,2203984
262807956155,302,8,receive,262805739859,2216296
262807981773,686,11,receive,262805730390,2251383
262807982215,798,1,receive,262805764047,2218168
262807982653,338,7,receive,262805771590,2211063
262807983102,446,3,receive,262805780509,2202593
262807983760,296,11,receive,262805782010,2201750
262807993666,498,6,receive,262805813633,2180033
262808025318,272,12,receive,262805826186,2199132
262808025766,250,3,receive,262805827783,2197983
262808026771,286,2,receive,262805801329,2225442
262808027234,270,8,receive,262805819842,2207392
262808035348,572,2,receive,262805850008,2185340
262808036007,200,4,receive,262805850047,2185960
262808067466,748,1,receive,262805863930,2203536
262808068155,342,9,receive,262805854484,2213671
262808068807,330,5,receive,262805866447,2202360
262808069462,408,4,receive,262805863620,2205842
262808070112,648,2,receive,262805866689,2203423
262808070765,602,2,receive,262805830687,2240078
262808115704,256,7,receive,262805912007,2203697
262808116373,260,2,receive,262805924474,2191899
262808121359,576,1,receive,262805908848,2212511
262808122037,196,3,receive,262805883302,2238735
262808122711,350,4,receive,262805844856,2277855
262808150900,326,4,receive,262805960006,2190894
262808151579,130,4,receive,262805956306,2195273
262808152271,246,7,receive,262805928181,2224090
262808152945,808,1,receive,262805971317,2181628
262808153622,330,6,receive,262805970126,2183496
262808197595,474,2,receive,262805994426,2203169
262808198252,570,1,receive,262805990540,2207712
262808198893,574,2,receive,262805929487,2269406
262808199542,270,9,receive,262806014492,2185050
262808200201,626,1,receive,262806015431,2184770
262808200846,426,4,receive,262806043068,2157778
262808239400,776,1,receive,262806067035,2172365
262808240052,462,3,receive,262806051403,2188649
262808240702,516,3,receive,262806070955,2169747
262808241359,492,6,receive,262806060684,2180675
262808287320,544,4,receive,262806089006,2198314
262808288260,650,2,receive,262806110503,2177757
262808288931,416,4,receive,262806110628,2178303
262808289611,522,4,receive,262806106497,2183114
262808290292,554,11,receive,262806108921,2181371
262808290962,216,3,receive,262806137007,2153955
262808312894,282,2,receive,262806127188,2185706
262808313577,242,12,receive,262806140075,2173502
262808314258,524,4,receive,262806163855,2150403
262808314917,642,3,receive,262806168315,2146602
262808358455,656,12,receive,262806183727,2174728
262808359147,270,10,receive,262806141557,2217590
262808359825,4,5,receive,262806188767,2171058
262808360509,214,10,receive,262806191725,2168784
262808361191,286,3,receive,262806203873,2157318
262808361867,808,2,receive,262806204882,2156985
262808394838,192,9,receive,262806203872,2190966
262808395549,346,2,receive,262806176861,2218688
262808396282,296,13,receive,262806181059,2215223
262808396959,676,5,receive,262806186009,2210950
262808397643,258,15,receive,262806225995,2171648
262808436338,518,6,receive,262806178314,2258024
262808437020,340,4,receive,262806208006,2229014
262808437682,644,2,receive,262806155285,2282397
262808438363,448,10,receive,262806214895,2223468
262808475182,370,7,receive,262806203680,2271502
262808475865,406,15,receive,262806197581,2278284
262808476547,328,11,receive,262806205006,2271541
262808477224,584,2,receive,262806233634,2243590
262808477868,430,6,receive,262806222326,2255542
262808478522,548,3,receive,262806249996,2228526
262808517715,502,17,receive,262806205038,2312677
262808518374,798,2,receive,262806265086,2253288
262808527333,302,9,receive,262806245209,2282124
262808536303,512,3,receive,262806238960,2297343
262808557259,304,8,receive,262806269280,2287979
262808557920,322,5,receive,262806241006,2316914
262808558596,314,5,receive,262806264066,2294530
262808567379,570,2,receive,262806254616,2312763
262808579022,368,5,receive,262806257544,2321478
262808598252,478,7,receive,262806291691,2306561
262808598926,396,3,receive,262806290678,2308248
262808599800,180,11,receive,262806289205,2310595
262808608028,426,5,receive,262806235070,2372958
262808633248,242,13,receive,262806285009,2348239
262808633909,576,2,receive,262806281934,2351975
262808634560,408,5,receive,262806317766,2316794
262808635209,728,4,receive,262806246449,2388760
262808635879,326,5,receive,262806177124,2458755
262808636568,342,10,receive,262806291005,2345563
262808677616,470,16,receive,262806319571,2358045
262808678293,194,13,receive,262806308174,2370119
262808678972,662,15,receive,262806328382,2350590
262808679654,518,7,receive,262806340789,2338865
262808698021,764,3,receive,262806353193,2344828
262808718101,484,4,receive,262806341958,2376143
262808718791,692,5,receive,262806370087,2348704
262808719472,424,7,receive,262806358671,2360801
262808720153,360,8,receive,262806339075,2381078
262808748341,386,10,receive,262806356009,2392332
262808758909,574,3,receive,262806193605,2565304
262808764851,504,7,receive,262806340091,2424760
262808804226,310,7,receive,262806393148,2411078
262808804917,412,6,receive,262806486135,2318782
262808805562,676,6,receive,262806461010,2344552
262808806215,340,5,receive,262806471991,2334224
262808806869,346,3,receive,262806491387,2315482
262808807526,546,5,receive,262806487683,2319843
262808841547,240,3,receive,262806498374,2343173
262808842209,252,14,receive,262806505034,2337175
262808842852,258,16,receive,262806502075,2340777
262808843508,302,10,receive,262806492015,2351493
262808844154,498,7,receive,262806495247,2348907
262808844800,268,10,receive,262806510301,2334499
262808875464,478,8,receive,262806488960,2386504
262808876142,296,14,receive,262806552287,2323855
262808876817,550,5,receive,262806549840,2326977
262808882195,598,3,receive,262806557209,2324986
262808887173,300,9,receive,262806581089,2306084
262808907326,430,7,receive,262806556010,2351316
262808907976,710,5,receive,262806562680,2345296
262808908596,746,2,receive,262806603755,2304841
262808909271,330,8,receive,262806590146,2319125
262808909943,130,5,receive,262806610280,2299663
262808939621,626,2,receive,262806575592,2364029
262808940222,796,3,receive,262806530435,2409787
262808940868,284,9,receive,262806611324,2329544
262808941524,412,7,receive,262806686750,2254774
262808968144,662,16,receive,262806695382,2272762
262808968802,474,3,receive,262806646886,2321916
262808969456,694,10,receive,262806723927,2245529
262808970124,300,10,receive,262806692986,2277138
262808970771,360,9,receive,262806737009,2233762
262808971414,190,11,receive,262806733591,2237823
262808999404,598,4,receive,262806747311,2252093
262809000064,522,5,receive,262806756567,2243497
262809000721,514,6,receive,262806729422,2271299
262809001365,616,5,receive,262806750067,2251298
262809002007,462,4,receive,262806708648,2293359
262809002645,302,11,receive,262806744552,2258093
262809056303,304,9,receive,262806781619,2274684
262809056986,256,8,receive,262806763293,2293693
262809061519,776,2,receive,262806769116,2292403
262809062230,642,4,receive,262806786006,2276224
262809062898,528,3,receive,262806808803,2254095
262809085518,676,7,receive,262806817719,2267799
262809086180,750,3,receive,262806770006,2316174
262809086844,492,7,receive,262806832084,2254760
262809087512,484,6,receive,262806838204,2249308
262809115226,694,11,receive,262806868060,2247166
262809115896,770,3,receive,262806874964,2240932
262809116554,260,3,receive,262806885059,2231495
262809131416,566,4,receive,262806874270,2257146
262809138097,308,12,receive,262806894127,2243970
262809144722,312,10,receive,262806900809,2243913
262809150698,350,5,receive,262806881393,2269305
262809156554,374,8,receive,262806912692,2243862
262809163477,340,6,receive,262806917007,2246470
262809172294,776,3,receive,262806933864,2238430
262809172972,400,7,receive,262806908346,2264626
262809173664,300,11,receive,262806959737,2213927
262809174351,196,5,receive,262806966432,2207919
262809175020,510,7,receive,262806972008,2203012
262809206780,272,15,receive,262806951493,2255287
262809211285,430,8,receive,262806961759,2249526
262809217776,410,9,receive,262806979608,2238168
262809226037,602,4,receive,262807041076,2184961
262809238008,656,13,receive,262807050842,2187166
262809238737,300,12,receive,262807087482,2151255
262809246537,530,5,receive,262807082921,2163616
262809252333,266,9,receive,262807101238,2151095
262809258256,672,7,receive,262807066689,2191567
262809266215,548,4,receive,262807101070,2165145
262809266902,214,11,receive,262807092627,2174275
262809267590,328,12,receive,262807077914,2189676
262809284696,270,11,receive,262807078563,2206133
262809285365,808,3,receive,262807104021,2181344
262809308274,242,14,receive,262807085544,2222730
262809308943,498,8,receive,262807107277,2201666
262809309610,312,11,receive,262807097962,2211648
262809310288,406,16,receive,262807159033,2151255
262809310977,750,5,receive,262807164716,2146261
262809311652,284,10,receive,262807200071,2111581
262809341350,304,10,receive,262807194247,2147103
262809342039,524,6,receive,262807192883,2149156
262809349190,334,6,receive,262807255011,2094179
262809356023,696,11,receive,262807283413,2072610
262809375027,486,5,receive,262807281919,2093108
262809375698,250,5,receive,262807265265,2110433
262809376379,294,7,receive,262807269680,2106699
262809377074,322,7,receive,262807271670,2105404
262809393480,386,13,receive,262807310956,2082524
262809411402,396,4,receive,262807310945,2100457
262809412074,572,4,receive,262807295006,2117068
262809412736,264,6,receive,262807285776,2126960
262809413414,512,5,receive,262807324262,2089152
262809427235,328,13,receive,262807357399,2069836
262809447269,190,13,receive,262807364503,2082766
262809447940,180,12,receive,262807346547,2101393
262809448602,550,6,receive,262807351005,2097597
262809449286,784,3,receive,262807341739,2107547
262809449948,808,4,receive,262807335896,2114052
262809450617,598,5,receive,262807371964,2078653
262809483946,650,4,receive,262807406115,2077831
262809484730,616,7,receive,262807394006,2090724
262809485396,242,15,receive,262807414006,2071390
262809486061,254,6,receive,262807438130,2047931
262809486723,478,9,receive,262807440329,2046394
262809519412,528,4,receive,262807475118,2044294
262809520082,266,10,receive,262807470364,2049718
262809520747,530,6,receive,262807472317,2048430
262809521418,696,12,receive,262807505059,2016359
262809550174,260,4,receive,262807545253,2004921
262809550864,346,5,receive,262807548071,2002793
262809551549,460,7,receive,262807547635,2003914
262809552236,414,16,receive,262807526023,2026213
262809552928,410,10,receive,262807557020,1995908
262809553608,310,9,receive,262807561084,1992524
