receive_timestamp,source_vehicle,message_id,event_type,send_timestamp,latency_us
112827939185,22,1,receive,112827939124,61
112827943428,16,1,receive,112827943366,62
112827943728,10,1,receive,112827943449,279
112827946179,28,1,receive,112827944128,2051
112827946523,18,1,receive,112827944130,2393
112827946864,8,1,receive,112827944131,2733
112827947206,2,1,receive,112827944226,2980
112827947546,24,1,receive,112827944254,3292
112827947887,20,1,receive,112827944302,3585
112827948229,12,1,receive,112827944930,3299
112827948501,6,1,receive,112827945819,2682
112847944450,24,2,receive,112847944362,88
112855944631,2,2,receive,112855944448,183
112856946257,6,2,receive,112856945995,262
112861944539,18,2,receive,112861944275,264
112863945190,12,2,receive,112863945118,72
112867938919,30,2,receive,112867938575,344
