receive_timestamp,source_vehicle,message_id,event_type,send_timestamp,latency_us
262804635873,82,1,receive,262794647666,9988207
262804636614,110,1,receive,262794648198,9988416
262804637286,12,1,receive,262794651507,9985779
262804637948,372,1,receive,262794651592,9986356
262804638613,156,1,receive,262794652107,9986506
262804676970,198,1,receive,262794652771,10024199
262804677660,186,1,receive,262794653417,10024243
262804678351,16,1,receive,262794654371,10023980
262804679034,376,1,receive,262794656043,10022991
262804679709,582,1,receive,262794656105,10023604
262804714717,380,1,receive,262794656620,10058097
262804715386,210,1,receive,262794657065,10058321
262804716015,580,1,receive,262794657773,10058242
262804716680,218,1,receive,262794659052,10057628
262804727573,596,1,receive,262794659861,10067712
262804757563,50,1,receive,262794660037,10097526
262804758232,76,1,receive,262794660045,10098187
262804758894,44,1,receive,262794661029,10097865
262804759564,592,1,receive,262794664405,10095159
262804760227,420,1,receive,262794665047,10095180
262804760910,588,1,receive,262794665889,10095021
262804804925,150,1,receive,262794668319,10136606
262804805616,632,1,receive,262794668908,10136708
262804806303,164,1,receive,262794669151,10137152
262804806986,384,1,receive,262794669749,10137237
262804842306,14,1,receive,262794650105,10192201
262804842976,542,1,receive,262794672968,10170008
262804843639,628,1,receive,262794676074,10167565
262804844309,52,1,receive,262794677035,10167274
262804844968,590,1,receive,262794679633,10165335
262804845604,170,1,receive,262794680405,10165199
262804888716,226,1,receive,262794680969,10207747
262804889370,364,1,receive,262794682340,10207030
262804890027,10,1,receive,262794651651,10238376
262804890705,88,1,receive,262794684352,10206353
262804891381,134,1,receive,262794684917,10206464
262804926644,358,1,receive,262794685038,10241606
262804927324,120,1,receive,262794685420,10241904
262804928011,758,1,receive,262794685979,10242032
262804934854,166,1,receive,262794688499,10246355
262804943374,208,1,receive,262794691855,10251519
262804966028,344,1,receive,262794693037,10272991
262804966692,832,1,receive,262794694048,10272644
262804967373,794,1,receive,262794695138,10272235
262804968061,442,1,receive,262794697452,10270609
262804982228,450,1,receive,262794698023,10284205
262804982905,162,1,receive,262794700773,10282132
262805009386,802,1,receive,262794702973,10306413
262805010067,812,1,receive,262794703956,10306111
262805010745,834,1,receive,262794704045,10306700
262805011427,126,1,receive,262794705053,10306374
262805047289,824,1,receive,262794709244,10338045
262805047972,818,1,receive,262794710825,10337147
262805048659,552,1,receive,262794712774,10335885
262805057886,752,1,receive,262794715035,10342851
262805066544,274,1,receive,262794718059,10348485
262805089637,830,1,receive,262794719284,10370353
262805090325,480,1,receive,262794719296,10371029
262805090998,822,1,receive,262794719860,10371138
262805091680,618,1,receive,262794721795,10369885
262805092402,520,1,receive,262794730338,10362064
262805123827,630,1,receive,262794730659,10393168
262805124495,500,1,receive,262794731099,10393396
262805125167,526,1,receive,262794732762,10392405
262805125826,348,1,receive,262794733707,10392119
262805126478,508,1,receive,262794734772,10391706
262805173193,836,1,receive,262794737218,10435975
262805173957,792,1,receive,262794738039,10435918
262805174650,762,1,receive,262794738054,10436596
262805175319,820,1,receive,262794738579,10436740
262805175994,168,1,receive,262794739068,10436926
262805176665,454,1,receive,262794739055,10437610
262805224711,354,1,receive,262794739204,10485507
262805225374,840,1,receive,262794739718,10485656
262805226032,388,1,receive,262794699467,10526565
262805236426,488,1,receive,262794741721,10494705
262805257063,92,1,receive,262794651844,10605219
262805257754,816,1,receive,262794745511,10512243
262805258441,202,1,receive,262794745539,10512902
262805259133,244,1,receive,262794745732,10513401
262805259819,212,1,receive,262794749217,10510602
262805260496,432,1,receive,262794657302,10603194
262805312201,178,1,receive,262794679202,10632999
262805312869,352,1,receive,262794747193,10565676
262805313525,610,1,receive,262794753207,10560318
262805314187,634,1,receive,262794756062,10558125
262805330525,540,1,receive,262794759061,10571464
262805362093,786,1,receive,262794759277,10602816
262805362752,494,1,receive,262794759442,10603310
262805363397,482,1,receive,262794759783,10603614
262805364054,838,1,receive,262794760973,10603081
262805364710,736,1,receive,262794761059,10603651
262805401389,712,1,receive,262794765916,10635473
262805402050,606,1,receive,262794767049,10635001
262805402730,594,1,receive,262794771037,10631693
262805403411,62,1,receive,262794771460,10631951
262805404102,236,1,receive,262794669024,10735078
262805404782,356,1,receive,262794775038,10629744
262805466491,724,1,receive,262794775084,10691407
262805467182,722,1,receive,262794775712,10691470
262805467891,788,1,receive,262794776734,10691157
262805468569,638,1,receive,262794777049,10691520
262805469253,466,1,receive,262794779063,10690190
262805469902,754,1,receive,262794779855,10690047
262805525887,744,1,receive,262794782098,10743789
262805526551,718,1,receive,262794784101,10742450
262805527214,58,1,receive,262794634580,10892634
262805527875,852,1,receive,262794785938,10741937
262805556030,842,1,receive,262794787098,10768932
262805556721,140,1,receive,262794705034,10851687
262805557407,874,1,receive,262794790712,10766695
262805558097,608,1,receive,262794791047,10767050
262805558751,740,1,receive,262794791185,10767566
262805559409,862,1,receive,262794791404,10768005
262805616656,586,1,receive,262794773034,10843622
262805617329,680,1,receive,262794800964,10816365
262805617993,556,1,receive,262794801210,10816783
262805618620,80,1,receive,262794753077,10865543
262805619287,810,1,receive,262794800687,10818600
262805619952,682,1,receive,262794803273,10816679
262805670963,848,1,receive,262794804357,10866606
262805671657,688,1,receive,262794805146,10866511
262805672331,670,1,receive,262794805425,10866906
262805686022,706,1,receive,262794805754,10880268
262805717027,532,1,receive,262794804039,10912988
262805717720,866,1,receive,262794807290,10910430
262805718397,846,1,receive,262794808433,10909964
262805724020,700,1,receive,262794808661,10915359
262805732539,666,1,receive,262794808832,10923707
262805754747,726,1,receive,262794809152,10945595
262805755427,886,1,receive,262794809654,10945773
262805756115,280,1,receive,262794804038,10952077
262805756789,534,1,receive,262794810019,10946770
262805757475,742,1,receive,262794810046,10947429
262805800863,734,1,receive,262794805975,10994888
262805801541,738,1,receive,262794804564,10996977
262805802226,578,1,receive,262794813571,10988655
262805802909,614,1,receive,262794818064,10984845
262805821542,766,1,receive,262794818592,11002950
262805845531,814,1,receive,262794819547,11025984
262805846226,760,1,receive,262794820818,11025408
262805846875,620,1,receive,262794817830,11029045
262805847544,864,1,receive,262794816273,11031271
262805848212,612,1,receive,262794824582,11023630
262805848870,768,1,receive,262794826059,11022811
262805894812,472,1,receive,262794824203,11070609
262805895450,890,1,receive,262794828041,11067409
262805896137,902,1,receive,262794828444,11067693
262805896786,878,1,receive,262794829373,11067413
262805897461,558,1,receive,262794826751,11070710
262805954984,882,1,receive,262794827769,11127215
262805955630,730,1,receive,262794831114,11124516
262805956239,780,1,receive,262794831798,11124441
262805956892,32,1,receive,262794664030,11292862
262805957569,174,1,receive,262794707028,11250541
262806011586,538,1,receive,262794831395,11180191
262806012275,774,1,receive,262794834551,11177724
262806012957,782,1,receive,262794831156,11181801
262806013642,636,1,receive,262794835757,11177885
262806014332,230,1,receive,262794836017,11178315
262806014976,568,1,receive,262794828903,11186073
262806062926,276,1,receive,262794718788,11344138
262806063594,184,1,receive,262794837518,11226076
262806064258,888,1,receive,262794838015,11226243
262806064917,708,1,receive,262794823509,11241408
262806065586,704,1,receive,262794836511,11229075
262806112807,536,1,receive,262794827439,11285368
262806113504,884,1,receive,262794818675,11294829
262806114195,880,1,receive,262794828803,11285392
262806114878,856,1,receive,262794841630,11273248
262806115554,674,1,receive,262794842731,11272823
262806166543,678,1,receive,262794849031,11317512
262806167214,868,1,receive,262794833809,11333405
262806167877,698,1,receive,262794848604,11319273
262806186257,806,1,receive,262794853081,11333176
262806186935,778,1,receive,262794855512,11331423
262806220103,720,1,receive,262794843242,11376861
262806220745,844,1,receive,262794842017,11378728
262806221391,900,1,receive,262794839300,11382091
262806222046,464,1,receive,262794827781,11394265
262806222686,804,1,receive,262794860983,11361703
262806277351,444,1,receive,262794861645,11415706
262806278017,790,1,receive,262794850137,11427880
262806278701,896,1,receive,262794858653,11420048
262806279388,870,1,receive,262794831029,11448359
262806279993,912,1,receive,262794858038,11421955
262806337410,116,1,receive,262794852130,11485280
262806338091,716,1,receive,262794853883,11484208
262806338780,876,1,receive,262794852260,11486520
262806339423,732,1,receive,262794852037,11487386
262806398103,854,1,receive,262794864460,11533643
262806398811,914,1,receive,262794874858,11523953
262806399485,828,1,receive,262794871988,11527497
262806408884,910,1,receive,262794873486,11535398
262806409536,892,1,receive,262794863422,11546114
262806455511,600,1,receive,262794874615,11580896
262806456187,124,2,receive,262794780600,11675587
262806456850,924,1,receive,262794879157,11577693
262806457486,918,1,receive,262794884191,11573295
262806478278,858,1,receive,262794875062,11603216
262806478974,628,2,receive,262794887482,11591492
262806512657,222,1,receive,262794858074,11654583
262806513348,826,1,receive,262794888886,11624462
262806514054,908,1,receive,262794887953,11626101
262806514755,916,1,receive,262794895909,11618846
262806570584,898,1,receive,262794897612,11672972
262806571250,206,1,receive,262794894084,11677166
262806571908,906,1,receive,262794896323,11675585
262806572567,176,1,receive,262794885163,11687404
262806573255,850,1,receive,262794880639,11692616
262806573931,702,1,receive,262794859037,11714894
262806628610,920,1,receive,262794906037,11722573
262806629284,904,1,receive,262794898967,11730317
262806629968,104,1,receive,262794693040,11936928
262806630619,894,1,receive,262794910035,11720584
262806631267,714,1,receive,262794869932,11761335
262806631928,432,2,receive,262794897567,11734361
262806689566,362,1,receive,262794890412,11799154
262806690189,74,2,receive,262794891949,11798240
262806690870,138,1,receive,262794906230,11784640
262806691554,872,1,receive,262794868647,11822907
262806692239,926,1,receive,262794922243,11769996
262806746868,860,1,receive,262794864783,11882085
262806747528,928,1,receive,262794926348,11821180
262806748192,922,1,receive,262794927383,11820809
262806748848,442,2,receive,262794921009,11827839
262806778673,172,1,receive,262794871811,11906862
262806808659,152,1,receive,262794921274,11887385
262806809309,820,2,receive,262794926445,11882864
262806810012,562,1,receive,262794948009,11862003
262806824573,378,1,receive,262794945663,11878910
262806825255,114,1,receive,262794899455,11925800
262806825940,758,2,receive,262794953280,11872660
262806880672,110,2,receive,262794921860,11958812
262806881354,148,1,receive,262794843310,12038044
262806882038,772,1,receive,262794960625,11921413
262806882695,212,2,receive,262794923249,11959446
262806883356,354,2,receive,262794884812,11998544
262806912620,938,1,receive,262794965518,11947102
262806913289,736,2,receive,262794901012,12012277
262806913950,934,1,receive,262794966837,11947113
262806914602,580,2,receive,262794955918,11958684
262806915274,888,2,receive,262794981489,11933785
262806949831,956,1,receive,262794984049,11965782
262806950494,508,2,receive,262794961472,11989022
262806951164,262,2,receive,262794986507,11964657
262806951826,962,1,receive,262794987230,11964596
262806952504,220,1,receive,262794979264,11973240
262806983998,838,2,receive,262794990251,11993747
262806984679,930,1,receive,262794990426,11994253
262806985367,700,2,receive,262794990760,11994607
262806992197,418,1,receive,262794895366,12096831
262806999224,12,2,receive,262794920545,12078679
262807015999,958,1,receive,262794999239,12016760
262807016679,964,1,receive,262795001085,12015594
262807017365,954,1,receive,262795002131,12015234
262807018053,948,1,receive,262795005276,12012777
262807018741,950,1,receive,262795006730,12012011
262807050459,944,1,receive,262795008940,12041519
262807051155,952,1,receive,262795010977,12040178
262807051816,358,2,receive,262795011078,12040738
262807052533,942,1,receive,262795012579,12039954
262807053191,20,2,receive,262794917166,12136025
262807053849,946,1,receive,262795013041,12040808
262807106713,404,1,receive,262795004819,12101894
262807107384,960,1,receive,262795017037,12090347
262807108054,162,2,receive,262795004120,12103934
262807108714,586,2,receive,262795027329,12081385
262807109383,98,2,receive,262794964568,12144815
262807146660,940,1,receive,262795036121,12110539
262807147359,210,2,receive,262794982172,12165187
262807148036,390,16,receive,262804643429,2504607
262807148690,664,2,receive,262804641318,2507372
262807149367,578,17,receive,262804629316,2520051
262807186892,510,2,receive,262804654389,2532503
262807187578,242,8,receive,262804653823,2533755
262807188286,546,1,receive,262804683864,2504422
262807188968,66,15,receive,262804663184,2525784
262807189642,460,2,receive,262804677249,2512393
262807226327,442,17,receive,262804663201,2563126
262807226987,654,15,receive,262804683736,2543251
262807227655,296,8,receive,262804697756,2529899
262807228315,538,19,receive,262804700498,2527817
262807228972,188,8,receive,262804714006,2514966
262807270998,360,5,receive,262804723296,2547702
262807271655,130,2,receive,262804730069,2541586
262807272310,868,17,receive,262804757693,2514617
262807272971,430,4,receive,262804756961,2516010
262807273636,530,1,receive,262804756896,2516740
262807320880,710,2,receive,262804775071,2545809
262807321544,672,2,receive,262804746842,2574702
262807322200,440,1,receive,262804780053,2542147
262807322862,546,2,receive,262804823127,2499735
262807323503,692,2,receive,262804847010,2476493
262807363242,216,1,receive,262804830298,2532944
262807363902,334,3,receive,262804837010,2526892
262807364620,390,17,receive,262804859537,2505083
262807365287,980,20,receive,262804866319,2498968
262807365945,652,11,receive,262804839070,2526875
262807413084,214,8,receive,262804861005,2552079
262807413742,642,1,receive,262804880378,2533364
262807414408,514,3,receive,262804873175,2541233
262807415072,492,4,receive,262804901549,2513523
262807415731,192,6,receive,262804898386,2517345
262807460403,314,3,receive,262804905006,2555397
262807461063,180,9,receive,262804884631,2576432
262807461724,414,12,receive,262804909944,2551780
262807462387,696,6,receive,262804891467,2570920
262807503044,342,8,receive,262804931525,2571519
262807503709,686,10,receive,262804917440,2586269
262807504380,524,2,receive,262804908009,2596371
262807505046,648,1,receive,262804941804,2563242
262807505710,474,1,receive,262804965055,2540655
262807506362,200,2,receive,262804933237,2573125
262807556231,306,5,receive,262804970207,2586024
262807556902,470,13,receive,262804973755,2583147
262807557560,336,7,receive,262804971009,2586551
262807558229,238,7,receive,262804968728,2589501
262807558893,312,7,receive,262804931064,2627829
262807559559,328,9,receive,262805004006,2555553
262807608540,268,8,receive,262804979068,2629472
262807609206,414,13,receive,262805040696,2568510
262807609868,616,2,receive,262805040162,2569706
262807610533,250,1,receive,262805034868,2575665
262807611189,504,3,receive,262805044692,2566497
262807611850,452,5,receive,262805013115,2598735
262807653461,456,1,receive,262805056587,2596874
262807655180,330,3,receive,262805069606,2585574
262807655840,260,1,receive,262805099706,2556134
262807656508,518,2,receive,262805092006,2564502
262807698192,604,14,receive,262805107182,2591010
262807698844,188,9,receive,262805087004,2611840
262807699509,764,1,receive,262805141798,2557711
262807700191,326,3,receive,262805135697,2564494
262807700823,196,2,receive,262805124693,2576130
262807701486,690,2,receive,262805081914,2619572
262807752474,316,9,receive,262805145489,2606985
262807753142,602,1,receive,262805158467,2594675
262807753803,510,4,receive,262805180850,2572953
262807754464,546,3,receive,262805158253,2596211
262807772020,252,12,receive,262805181884,2590136
262807802600,258,14,receive,262805187192,2615408
262807803270,242,9,receive,262805190008,2613262
262807803930,272,11,receive,262805214361,2589569
262807804605,400,3,receive,262805233010,2571595
262807805264,282,1,receive,262805234803,2570461
262807805911,340,3,receive,262805237930,2567981
262807846587,426,3,receive,262805211743,2634844
262807847249,270,6,receive,262805239912,2607337
262807847905,286,1,receive,262805262144,2585761
262807848569,254,2,receive,262805260976,2587593
262807849238,672,3,receive,262805271582,2577656
262807849887,470,14,receive,262805249361,2600526
262807896147,550,2,receive,262805315453,2580694
262807896804,292,1,receive,262805307930,2588874
262807897462,304,7,receive,262805307394,2590068
262807898130,642,2,receive,262805301806,2596324
262807898791,522,2,receive,262805310866,2587925
262807939983,322,4,receive,262805344801,2595182
262807940644,416,3,receive,262805350613,2590031
262807941300,644,1,receive,262805371488,2569812
262807941957,270,7,receive,262805384819,2557138
262807942620,346,1,receive,262805416711,2525909
262807988887,386,9,receive,262805398863,2590024
262807989550,518,4,receive,262805438335,2551215
262807995024,516,1,receive,262805438809,2556215
262807995691,250,2,receive,262805450472,2545219
262807996348,374,6,receive,262805446133,2550215
262808030468,238,8,receive,262805456699,2573769
262808031140,544,3,receive,262805458288,2572852
262808031799,410,7,receive,262805487390,2544409
262808032468,266,6,receive,262805488127,2544341
262808033157,370,5,receive,262805466631,2566526
262808033849,486,2,receive,262805510844,2523005
262808073761,390,18,receive,262805497928,2575833
262808074450,284,6,receive,262805520061,2554389
262808075139,214,9,receive,262805441671,2633468
262808085530,550,3,receive,262805548354,2537176
262808105690,656,11,receive,262805552326,2553364
262808106380,240,1,receive,262805562225,2544155
262808107058,370,6,receive,262805627983,2479075
262808107696,506,2,receive,262805592712,2514984
262808108360,504,5,receive,262805589006,2519354
262808149037,264,2,receive,262805617951,2531086
262808149735,204,2,receive,262805631120,2518615
262808150841,254,3,receive,262805640096,2510745
262808159506,456,2,receive,262805618226,2541280
262808168331,412,5,receive,262805654532,2513799
262808191438,484,3,receive,262805610010,2581428
262808192113,692,4,receive,262805654779,2537334
262808192799,478,6,receive,262805653538,2539261
262808193485,784,1,receive,262805674500,2518985
262808194164,292,2,receive,262805652444,2541720
262808194844,430,5,receive,262805662875,2531969
262808233476,414,14,receive,262805664270,2569206
262808234158,696,8,receive,262805664809,2569349
262808234842,396,2,receive,262805644295,2590547
262808235536,550,4,receive,262805681070,2554466
262808236219,200,3,receive,262805697750,2538469
262808236902,616,3,receive,262805698166,2538736
262808279383,302,8,receive,262805739859,2539524
262808280069,686,11,receive,262805730390,2549679
262808280733,798,1,receive,262805764047,2516686
262808281402,554,10,receive,262805725008,2556394
262808318346,514,5,receive,262805769787,2548559
262808319052,498,6,receive,262805813633,2505419
262808319720,272,12,receive,262805826186,2493534
262808320386,250,3,receive,262805827783,2492603
262808321050,286,2,receive,262805801329,2519721
262808321731,270,8,receive,262805819842,2501889
262808369878,572,2,receive,262805850008,2519870
262808370560,200,4,receive,262805850047,2520513
262808371247,530,2,receive,262805749324,2621923
262808371931,400,4,receive,262805848138,2523793
262808372607,748,1,receive,262805863930,2508677
262808415321,342,9,receive,262805854484,2560837
262808416008,672,5,receive,262805877126,2538882
262808416695,374,7,receive,262805823070,2593625
262808417380,566,1,receive,262805908526,2508854
262808439833,602,2,receive,262805830687,2609146
262808440535,256,7,receive,262805912007,2528528
262808441223,326,4,receive,262805960006,2481217
262808441909,130,4,receive,262805956306,2485603
262808442584,246,7,receive,262805928181,2514403
262808481029,808,1,receive,262805971317,2509712
262808481711,330,6,receive,262805970126,2511585
262808482399,626,1,receive,262806015431,2466968
262808483140,266,7,receive,262805991067,2492073
262808483794,308,11,receive,262805935482,2548312
262808520790,546,4,receive,262806025903,2494887
262808521476,598,2,receive,262806014012,2507464
262808522166,264,3,receive,262806000906,2521260
262808522853,776,1,receive,262806067035,2455818
262808523530,462,3,receive,262806051403,2472127
262808560567,516,3,receive,262806070955,2489612
262808561260,492,6,receive,262806060684,2500576
262808561943,566,2,receive,262806074876,2487067
262808562631,416,4,receive,262806110628,2452003
262808563311,522,4,receive,262806106497,2456814
262808563989,554,11,receive,262806108921,2455068
262808601302,690,3,receive,262806107006,2494296
262808601967,764,2,receive,262806118459,2483508
262808602636,656,12,receive,262806183727,2418909
262808603288,270,10,receive,262806141557,2461731
262808603955,4,5,receive,262806188767,2415188
262808638330,662,14,receive,262806187545,2450785
262808639020,468,6,receive,262806164982,2474038
262808639703,258,15,receive,262806225995,2413708
262808658040,518,6,receive,262806178314,2479726
262808679088,340,4,receive,262806208006,2471082
262808679781,644,2,receive,262806155285,2524496
262808680464,448,10,receive,262806214895,2465569
262808691028,798,2,receive,262806265086,2425942
262808700025,302,9,receive,262806245209,2454816
262808719986,304,8,receive,262806269280,2450706
262808720676,322,5,receive,262806241006,2479670
262808725846,314,5,receive,262806264066,2461780
262808726541,470,16,receive,262806319571,2406970
262808727235,194,13,receive,262806308174,2419061
262808727910,662,15,receive,262806328382,2399528
262808797706,518,7,receive,262806340789,2456917
262808798291,200,5,receive,262806385702,2412589
262808798971,512,4,receive,262806399933,2399038
262808811317,448,11,receive,262806396118,2415199
262808811990,266,8,receive,262806404374,2407616
262808812656,504,7,receive,262806340091,2472565
262808857666,530,3,receive,262806469609,2388057
262808858331,368,6,receive,262806476306,2382025
262808858994,272,14,receive,262806478468,2380526
262808859680,338,8,receive,262806463014,2396666
262808860369,412,6,receive,262806486135,2374234
262808904454,676,6,receive,262806461010,2443444
262808905133,252,14,receive,262806505034,2400099
262808905812,258,16,receive,262806502075,2403737
262808906496,302,10,receive,262806492015,2414481
262808907179,458,6,receive,262806492011,2415168
262808907852,598,3,receive,262806557209,2350643
262808949816,300,9,receive,262806581089,2368727
262808950430,430,7,receive,262806556010,2394420
262808951042,506,3,receive,262806549065,2401977
262808951640,710,5,receive,262806562680,2388960
262808952245,342,11,receive,262806542561,2409684
262808952836,284,9,receive,262806611324,2341512
262808993665,386,11,receive,262806618012,2375653
262808994357,194,14,receive,262806634311,2360046
262808995049,530,4,receive,262806648892,2346157
262808995728,750,2,receive,262806638196,2357532
262809029648,336,9,receive,262806658311,2371337
262809030334,662,16,receive,262806695382,2334952
262809031024,474,3,receive,262806646886,2384138
262809042295,694,10,receive,262806723927,2318368
262809065640,300,10,receive,262806692986,2372654
262809066227,360,9,receive,262806737009,2329218
262809066806,522,5,receive,262806756567,2310239
262809067402,514,6,receive,262806729422,2337980
262809067976,616,5,receive,262806750067,2317909
262809086718,462,4,receive,262806708648,2378070
262809105651,304,9,receive,262806781619,2324032
262809106321,286,4,receive,262806810005,2296316
262809106981,728,5,receive,262806777070,2329911
262809107653,194,15,receive,262806766059,2341594
262809108328,676,7,receive,262806817719,2290609
262809141372,750,3,receive,262806770006,2371366
262809143896,492,7,receive,262806832084,2311812
262809144402,770,3,receive,262806874964,2269438
262809144910,260,3,receive,262806885059,2259851
262809145480,566,4,receive,262806874270,2271210
262809182388,308,12,receive,262806894127,2288261
262809183063,312,10,receive,262806900809,2282254
262809183738,544,5,receive,262806905485,2278253
262809184415,350,5,receive,262806881393,2303022
262809185092,374,8,receive,262806912692,2272400
262809185769,340,6,receive,262806917007,2268762
262809230020,776,3,receive,262806933864,2296156
262809230686,130,6,receive,262806922928,2307758
262809231347,314,6,receive,262806945516,2285831
262809232007,564,3,receive,262806911067,2320940
262809232694,370,8,receive,262806922714,2309980
262809263630,750,4,receive,262806956587,2307043
262809264292,386,12,receive,262806977481,2286811
262809264955,642,5,receive,262806967258,2297697
262809265636,756,3,receive,262807001882,2263754
262809266314,346,4,receive,262807003444,2262870
262809266992,338,9,receive,262807005131,2261861
262809307920,616,6,receive,262807003352,2304568
262809308575,602,4,receive,262807041076,2267499
262809309231,656,13,receive,262807050842,2258389
262809309890,300,12,receive,262807087482,2222408
262809310565,530,5,receive,262807082921,2227644
262809348526,266,9,receive,262807101238,2247288
262809349238,672,7,receive,262807066689,2282549
262809349920,548,4,receive,262807101070,2248850
262809350610,214,11,receive,262807092627,2257983
262809351291,328,12,receive,262807077914,2273377
262809351941,270,11,receive,262807078563,2273378
262809388592,326,6,receive,262807082430,2306162
262809389274,322,6,receive,262807124006,2265268
262809389935,204,4,receive,262807163006,2226929
262809390595,492,8,receive,262807137835,2252760
262809414799,416,5,receive,262807105010,2309789
262809415614,798,3,receive,262807165843,2249771
262809420323,458,7,receive,262807184976,2235347
262809428619,462,5,receive,262807176532,2252087
262809434362,406,16,receive,262807159033,2275329
262809450525,750,5,receive,262807164716,2285809
262809451201,284,10,receive,262807200071,2251130
262809451862,304,10,receive,262807194247,2257615
262809452543,524,6,receive,262807192883,2259660
262809483465,452,8,receive,262807194187,2289278
262809484154,192,10,receive,262807225011,2259143
262809484797,566,5,receive,262807196078,2288719
262809495301,514,7,receive,262807191614,2303687
262809501022,576,3,receive,262807212076,2288946
262809525298,796,4,receive,262807233079,2292219
262809525993,692,6,receive,262807219414,2306579
262809526680,696,11,receive,262807283413,2243267
262809527367,486,5,receive,262807281919,2245448
262809537630,250,5,receive,262807265265,2272365
262809558121,294,7,receive,262807269680,2288441
262809558803,322,7,receive,262807271670,2287133
262809559486,396,4,receive,262807310945,2248541
262809560164,572,4,receive,262807295006,2265158
262809560848,264,6,receive,262807285776,2275072
262809595748,512,5,receive,262807324262,2271486
262809596409,800,3,receive,262807333006,2263403
262809597075,328,13,receive,262807357399,2239676
262809597736,190,13,receive,262807364503,2233233
262809598403,180,12,receive,262807346547,2251856
262809631293,550,6,receive,262807351005,2280288
262809631988,784,3,receive,262807341739,2290249
262809632678,598,5,receive,262807371964,2260714
262809633361,650,4,receive,262807406115,2227246
262809644321,616,7,receive,262807394006,2250315
262809665409,242,15,receive,262807414006,2251403
262809666128,254,6,receive,262807438130,2227998
262809666871,322,8,receive,262807464123,2202748
262809667536,478,9,receive,262807440329,2227207
262809668203,528,4,receive,262807475118,2193085
262809668869,266,10,receive,262807470364,2198505
262809700774,530,6,receive,262807472317,2228457
262809701462,310,9,receive,262807561084,2140378
262809702145,506,4,receive,262807557406,2144739
262809702833,504,10,receive,262807562285,2140548
262809703493,798,4,receive,262807562309,2141184
262809737122,546,6,receive,262807536298,2200824
262809737789,648,4,receive,262807538850,2198939
262809738438,486,6,receive,262807585446,2152992
262809739100,4,8,receive,262807593576,2145524
262809739758,800,4,receive,262807576254,2163504
262809766157,330,9,receive,262807616599,2149558
262809767672,462,6,receive,262807596507,2171165
262809768361,412,9,receive,262807621886,2146475
262809769053,204,6,receive,262807604352,2164701
262809769705,602,5,receive,262807612530,2157175
262809797216,570,4,receive,262807634853,2162363
262809797879,426,7,receive,262807630655,2167224
262809798536,468,8,receive,262807634513,2164023
262809799201,516,5,receive,262807660673,2138528
262809799870,512,6,receive,262807654385,2145485
262809829570,746,3,receive,262807632698,2196872
262809830252,298,9,receive,262807654631,2175621
262809830916,270,12,receive,262807661304,2169612
262809834829,336,10,receive,262807680610,2154219
262809854025,196,6,receive,262807709590,2144435
262809854716,302,12,receive,262807693525,2161191
262809855470,292,5,receive,262807730139,2125331
262809856159,644,4,receive,262807746400,2109759
262809856818,412,10,receive,262807760515,2096303
262809875981,694,12,receive,262807755006,2120975
262809877671,416,6,receive,262807751478,2126193
262809878359,584,4,receive,262807764004,2114355
262809879048,430,9,receive,262807742578,2136470
262809879701,564,4,receive,262807732370,2147331
262809901671,282,4,receive,262807802421,2099250
262809908201,298,10,receive,262807807621,2100580
262809908867,308,14,receive,262807822115,2086752
262809909536,510,9,receive,262807813483,2096053
262809910209,284,11,receive,262807816822,2093387
262809910881,326,7,receive,262807829873,2081008
262809946845,448,13,receive,262807856061,2090784
262809947532,370,9,receive,262807844950,2102582
262809952822,602,6,receive,262807828103,2124719
262809957703,546,7,receive,262807850729,2106974
262809977379,300,13,receive,262807861752,2115627
262809978067,400,8,receive,262807902385,2075682
262809978725,396,6,receive,262807909269,2069456
262809979392,756,4,receive,262807897144,2082248
262809980058,216,5,receive,262807887365,2092693
262809980740,676,9,receive,262807914305,2066435
262810008957,664,7,receive,262807935266,2073691
262810009646,468,9,receive,262807951468,2058178
262810010331,268,13,receive,262807940005,2070326
262810010983,748,4,receive,262807961291,2049692
262810011651,504,11,receive,262807929515,2082136
262810043817,474,5,receive,262807978563,2065254
262810044499,750,6,receive,262807966818,2077681
262810045183,240,5,receive,262807990693,2054490
262810045863,516,6,receive,262807977125,2068738
262810077027,548,5,receive,262807997980,2079047
262810077699,180,13,receive,262807993780,2083919
262810078327,272,18,receive,262808030679,2047648
262810083274,672,9,receive,262808040943,2042331
262810088631,370,10,receive,262808039788,2048843
262810105347,518,10,receive,262808030126,2075221
262810106039,306,9,receive,262808054387,2051652
262810106899,624,4,receive,262808050519,2056380
262810114332,522,7,receive,262808083005,2031327
262810136691,492,9,receive,262808055166,2081525
262810137358,414,17,receive,262808106759,2030599
262810138025,334,8,receive,262808125069,2012956
262810138707,550,7,receive,262808122514,2016193
262810146977,386,15,receive,262808165010,1981967
262810165021,272,19,receive,262808153398,2011623
262810165682,410,11,receive,262808167570,1998112
262810166353,426,8,receive,262808131098,2035255
262810175023,408,8,receive,262808142069,2032954
262810182022,746,4,receive,262808184339,1997683
262810202513,576,4,receive,262808146798,2055715
262810203212,504,12,receive,262808185820,2017392
262810203899,284,12,receive,262808157836,2046063
262810204586,648,5,receive,262808191584,2013002
262810205271,446,6,receive,262808180128,2025143
262810205950,302,14,receive,262808205916,2000034
262810235342,250,6,receive,262808211008,2024334
262810236030,770,5,receive,262808218004,2018026
262810240741,798,5,receive,262808197082,2043659
262810246351,292,6,receive,262808198012,2048339
262810263981,512,8,receive,262808240710,2023271
262810264642,286,7,receive,262808243482,2021160
262810265305,264,8,receive,262808234119,2031186
262810265963,268,14,receive,262808253006,2012957
262810279727,694,13,receive,262808288009,1991718
262810300095,430,10,receive,262808289507,2010588
262810300784,196,8,receive,262808296614,2004170
262810301475,626,4,receive,262808273417,2028058
262810302168,308,15,receive,262808292463,2009705
262810302847,602,7,receive,262808307707,1995140
262810303530,266,11,receive,262808326193,1977337
262810335321,458,9,receive,262808318642,2016679
262810335983,528,7,receive,262808311602,2024381
262810336645,350,8,receive,262808214011,2122634
262810344284,460,8,receive,262808370200,1974084
262810350153,474,6,receive,262808364503,1985650
262810369301,506,7,receive,262808381082,1988219
262810369967,462,7,receive,262808384235,1985732
262810370781,368,9,receive,262808376206,1994575
262810371555,286,8,receive,262808426549,1945006
262810380063,190,15,receive,262808426476,1953587
262810391308,4,9,receive,262808394510,1996798
262810391971,318,8,receive,262808406007,1985964
262810392638,616,8,receive,262808454190,1938448
262810393313,518,11,receive,262808457148,1936165
262810393972,710,7,receive,262808421008,1972964
262810418959,408,9,receive,262808472405,1946554
262810419622,544,7,receive,262808489885,1929737
262810420284,314,8,receive,262808482241,1938043
262810430845,696,13,receive,262808499006,1931839
262810441816,498,10,receive,262808502607,1939209
262810442478,566,7,receive,262808515010,1927468
262810443145,504,13,receive,262808503010,1940135
262810443802,522,8,receive,262808507483,1936319
262810444460,346,6,receive,262808517006,1927454
262810471405,486,7,receive,262808484378,1987027
262810472071,200,9,receive,262808565005,1907066
262810472736,338,11,receive,262808554009,1918727
262810473411,260,6,receive,262808573010,1900401
262810474084,330,10,receive,262808588353,1885731
262810474742,440,6,receive,262808575158,1899584
262810500901,268,15,receive,262808564766,1936135
262810503568,624,5,receive,262808582133,1921435
262810507884,468,10,receive,262808557972,1949912
262810513100,756,5,receive,262808551881,1961219
262810531305,572,6,receive,262808604348,1926957
262810531969,396,7,receive,262808611640,1920329
262810532635,130,8,receive,262808604943,1927692
262810533302,530,8,receive,262808631005,1902297
262810533973,368,10,receive,262808644617,1889356
262810534630,478,11,receive,262808655430,1879200
262810567534,460,9,receive,262808652946,1914588
262810568198,336,12,receive,262808665497,1902701
262810568866,544,8,receive,262808682123,1886743
262810569534,342,14,receive,262808680698,1888836
262810570201,214,14,receive,262808685814,1884387
262810570884,416,8,receive,262808697626,1873258
262810596773,522,9,receive,262808679420,1917353
262810597460,266,12,receive,262808708854,1888606
262810598132,284,13,receive,262808713062,1885070
262810598803,510,10,receive,262808738666,1860137
262810623720,564,5,receive,262808743837,1879883
262810624387,410,13,receive,262808730118,1894269
262810625054,728,8,receive,262808741722,1883332
262810628306,386,16,receive,262808798790,1829516
262810633296,216,6,receive,262808797705,1835591
262810647049,546,8,receive,262808825416,1821633
262810648870,550,8,receive,262808799361,1849509
262810649539,576,5,receive,262808803858,1845681
262810650206,446,8,receive,262808795384,1854822
262810650860,598,7,receive,262808908076,1742784
262810651522,770,6,receive,262808887904,1763618
262810674536,270,14,receive,262808902481,1772055
262810675192,460,10,receive,262808899880,1775312
262810681228,292,7,receive,262808920630,1760598
262810685237,692,8,receive,262808891012,1794225
262810689420,448,15,receive,262808921873,1767547
262810704057,200,10,receive,262808927129,1776928
262810704722,308,16,receive,262808913203,1791519
262810705374,524,8,receive,262808936742,1768632
262810711177,410,14,receive,262808926291,1784886
262810715353,584,6,receive,262808926924,1788429
262810731051,342,15,receive,262808956477,1774574
262810731720,396,8,receive,262808957874,1773846
262810732390,282,6,receive,262808945070,1787320
262810733058,254,8,receive,262808965433,1767625
262810733718,426,10,receive,262808968486,1765232
262810752630,798,6,receive,262808998087,1754543
262810753297,650,8,receive,262808993104,1760193
262810753956,400,10,receive,262808993095,1760861
262810759198,764,6,receive,262808979956,1779242
262810773462,314,9,receive,262809005872,1767590
262810774132,468,11,receive,262809029713,1744419
262810774902,516,7,receive,262808993930,1780972
262810779234,624,6,receive,262809034237,1744997
262810783219,808,7,receive,262809046006,1737213
262810792460,340,9,receive,262809070078,1722382
262810794028,492,10,receive,262809055006,1739022
262810796487,216,7,receive,262809079516,1716971
262810803045,270,15,receive,262809051423,1751622
262810804502,572,7,receive,262809049013,1755489
262810818080,664,9,receive,262809087062,1731018
262810818743,370,13,receive,262809109952,1708791
262810819410,616,9,receive,262809113144,1706266
262810820071,544,9,receive,262809133547,1686524
262810820729,268,16,receive,262809130240,1690489
262810841467,458,10,receive,262809130011,1711456
262810842153,528,8,receive,262809146348,1695805
262810842811,746,6,receive,262809148010,1694801
262810843475,626,5,receive,262809134929,1708546
262810844138,504,14,receive,262809126339,1717799
262810844799,566,8,receive,262809185230,1659569
262810856792,512,9,receive,262809166451,1690341
262810861957,318,9,receive,262809172006,1689951
262810866851,642,9,receive,262809195971,1670880
262810870748,710,8,receive,262809189832,1680916
262810879761,4,10,receive,262809185684,1694077
262810882897,346,7,receive,262809175191,1707706
262810884344,756,6,receive,262809223532,1660812
262810893085,572,8,receive,262809244203,1648882
262810893744,350,9,receive,262809237599,1656145
262810894407,256,12,receive,262809238027,1656380
262810905406,408,10,receive,262809275530,1629876
262810906082,486,8,receive,262809275326,1630756
262810906747,284,14,receive,262809247484,1659263
262810914644,196,9,receive,262809243190,1671454
262810918877,764,7,receive,262809271528,1647349
262810929021,518,12,receive,262809288121,1640900
262810929681,530,9,receive,262809320649,1609032
262810930337,304,14,receive,262809315346,1614991
262810930996,410,15,receive,262809319228,1611768
262810931657,516,8,receive,262809295010,1636647
262810932320,566,9,receive,262809329415,1602905
262810932977,770,7,receive,262809337283,1595694
262810959898,498,11,receive,262809359481,1600417
262810960566,692,9,receive,262809357135,1603431
262810965321,240,8,receive,262809362972,1602349
262810966055,286,9,receive,262809382007,1584048
262810971941,334,11,receive,262809358498,1613443
262810973880,506,8,receive,262809392006,1581874
262810977070,676,11,receive,262809393469,1583601
262810979738,644,8,receive,262809378735,1601003
262810982629,642,10,receive,262809407855,1574774
262810987007,648,7,receive,262809385689,1601318
262810988626,800,8,receive,262809390754,1597872
262810991510,130,9,receive,262809411563,1579947
262810994698,462,8,receive,262809410205,1584493
262810997739,474,8,receive,262809426820,1570919
262811000975,516,9,receive,262809443004,1557971
262811006610,368,11,receive,262809438117,1568493
262811007343,602,9,receive,262809453706,1553637
262811012024,254,9,receive,262809459062,1552962
262811015882,440,7,receive,262809450834,1565048
262811019031,616,10,receive,262809488450,1530581
262811019748,750,9,receive,262809500723,1519025
262811025731,240,9,receive,262809478182,1547549
262811027315,340,10,receive,262809516819,1510496
262811036660,510,11,receive,262809525541,1511119
262811037326,416,9,receive,262809508872,1528454
262811037986,808,8,receive,262809532009,1505977
262811043079,770,8,receive,262809549299,1493780
262811045810,598,8,receive,262809526942,1518868
262811051712,410,16,receive,262809545115,1506597
262811056174,260,7,receive,262809548200,1507974
262811056834,426,11,receive,262809547440,1509394
262811057497,396,9,receive,262809513226,1544271
262811067441,570,8,receive,262809572704,1494737
262811072451,254,10,receive,262809619807,1452644
262811073112,550,9,receive,262809633914,1439198
262811073768,478,12,receive,262809603814,1469954
262811074407,566,10,receive,262809638006,1436401
262811087208,350,10,receive,262809636010,1451198
262811093753,330,12,receive,262809653377,1440376
262811096077,650,9,receive,262809658139,1437938
262811099024,298,12,receive,262809668316,1430708
262811099685,462,9,receive,262809648292,1451393
262811100343,410,17,receive,262809663673,1436670
262811111192,304,15,receive,262809678005,1433187
262811111879,468,12,receive,262809664290,1447589
262811112543,576,6,receive,262809673219,1439324
262811113205,338,13,receive,262809690183,1423022
262811113866,798,7,receive,262809697021,1416845
262811114526,346,8,receive,262809709865,1404661
262811138842,746,7,receive,262809707569,1431273
262811139500,270,16,receive,262809708372,1431128
262811140167,284,15,receive,262809722132,1418035
262811140821,294,11,receive,262809714007,1426814
262811141489,728,9,receive,262809726369,1415120
262811164090,456,7,receive,262809737595,1426495
262811164668,368,12,receive,262809703005,1461663
262811165304,282,9,receive,262809746960,1418344
262811165968,310,13,receive,262809752596,1413372
262811166636,626,6,receive,262809733702,1432934
262811185389,624,7,receive,262809750012,1435377
262811186086,200,11,receive,262809746635,1439451
262811186756,474,9,receive,262809768771,1417985
262811187431,564,6,receive,262809777006,1410425
262811188077,314,10,receive,262809759793,1428284
262811188738,584,7,receive,262809804752,1383986
262811204902,546,10,receive,262809805709,1399193
262811205587,250,9,receive,262809796411,1409176
262811206271,292,9,receive,262809784708,1421563
262811206928,748,6,receive,262809790777,1416151
262811207565,196,10,receive,262809823743,1383822
262811225238,256,13,receive,262809832581,1392657
262811225796,460,11,receive,262809822006,1403790
262811226405,204,9,receive,262809810367,1416038
262811227062,240,10,receive,262809806293,1420769
262811227706,498,12,receive,262809830686,1397020
262811228377,800,9,receive,262809854362,1374015
262811249345,566,11,receive,262809838954,1410391
262811250034,576,7,receive,262809858125,1391909
262811250724,710,10,receive,262809886987,1363737
262811257571,514,10,receive,262809860336,1397235
262811261575,548,8,receive,262809904477,1357098
262811268158,254,11,receive,262809914495,1353663
262811268812,584,8,receive,262809931834,1336978
262811269470,650,10,receive,262809925765,1343705
262811270116,570,9,receive,262809936012,1334104
262811270798,400,11,receive,262809952007,1318791
262811287239,808,9,receive,262809953390,1333849
262811287921,478,13,receive,262809952204,1335717
262811288568,784,8,receive,262809942792,1345776
262811289227,572,11,receive,262809961443,1327784
262811289851,644,10,receive,262809996101,1293750
262811303023,574,10,receive,262810001616,1301407
262811303877,346,9,receive,262810007902,1295975
262811306078,462,10,receive,262810007006,1299072
262811311031,504,15,receive,262810038007,1273024
262811321959,284,16,receive,262810053309,1268650
262811322646,216,8,receive,262810035181,1287465
262811323326,524,10,receive,262810053308,1270018
262811323976,510,12,receive,262810059298,1264678
262811324598,664,10,receive,262810060613,1263985
262811336196,408,12,receive,262810061293,1274903
262811336852,598,9,receive,262810064007,1272845
262811337528,692,10,receive,262810071758,1265770
262811338197,544,10,receive,262810077705,1260492
262811338867,690,10,receive,262810070897,1267970
262811356846,566,12,receive,262810076473,1280373
262811357473,254,12,receive,262810084859,1272614
262811358140,584,9,receive,262810091626,1266514
262811358791,396,10,receive,262810058432,1300359
262811359469,784,9,receive,262810078049,1281420
262811368651,302,17,receive,262810092967,1275684
262811370815,516,10,receive,262810100640,1270175
262811381134,204,10,receive,262810117824,1263310
262811381820,770,10,receive,262810124943,1256877
262811382637,440,8,receive,262810131888,1250749
262811393303,564,7,receive,262810142071,1251232
262811393955,800,10,receive,262810116450,1277505
262811394633,260,8,receive,262810144136,1250497
262811395314,292,10,receive,262810147012,1248302
262811395991,412,13,receive,262810154953,1241038
262811406515,458,12,receive,262810106541,1299974
262811410744,294,12,receive,262810149908,1260836
262811412383,426,12,receive,262810179468,1232915
262811418039,196,11,receive,262810171953,1246086
262811420995,504,16,receive,262810183848,1237147
262811422441,550,10,receive,262810166836,1255605
262811428917,342,17,receive,262810196131,1232786
262811429580,282,10,receive,262810191515,1238065
262811430206,286,10,receive,262810214559,1215647
262811430867,748,7,receive,262810210190,1220677
262811443300,676,12,receive,262810222431,1220869
262811444778,756,7,receive,262810224759,1220019
262811448053,784,10,receive,262810219007,1229046
262811451915,506,9,receive,262810233670,1218245
262811457236,130,10,receive,262810227955,1229281
262811458571,304,16,receive,262810238304,1220267
262811462135,408,13,receive,262810224426,1237709
262811465815,330,13,receive,262810243872,1221943
262811469510,484,10,receive,262810244455,1225055
262811474656,310,14,receive,262810269011,1205645
262811476833,486,9,receive,262810251332,1225501
262811487025,492,12,receive,262810279063,1207962
262811487687,514,11,receive,262810278538,1209149
262811488343,416,10,receive,262810306006,1182337
262811488999,292,11,receive,262810321647,1167352
262811497022,254,13,receive,262810347007,1150015
262811497735,314,11,receive,262810352201,1145534
262811502346,410,19,receive,262810350769,1151577
262811506382,458,13,receive,262810352329,1154053
262811511357,624,8,receive,262810352241,1159116
262811512044,648,8,receive,262810366131,1145913
262811512730,310,15,receive,262810381010,1131720
262811520130,334,12,receive,262810379773,1140357
262811520979,750,10,receive,262810397006,1123973
262811526491,318,11,receive,262810407119,1119372
262811528660,800,11,receive,262810412005,1116655
262811533633,574,11,receive,262810415014,1118619
262811535817,396,11,receive,262810422723,1113094
262811539561,342,18,receive,262810421537,1118024
262811544588,544,11,receive,262810414397,1130191
262811547905,570,10,receive,262810435555,1112350
262811550888,200,12,receive,262810445578,1105310
262811554760,474,10,receive,262810428839,1125921
262811556391,650,12,receive,262810452957,1103434
262811560112,784,11,receive,262810458682,1101430
262811562652,426,13,receive,262810475475,1087177
262811565536,264,11,receive,262810482516,1083020
262811568457,286,11,receive,262810484338,1084119
262811571374,510,13,receive,262810483138,1088236
262811574846,676,13,receive,262810485643,1089203
262811577263,626,7,receive,262810461793,1115470
262811580022,522,11,receive,262810465128,1114894
262811584285,4,12,receive,262810489537,1094748
262811587495,672,12,receive,262810480210,1107285
262811590984,130,11,receive,262810488618,1102366
262811596173,796,9,receive,262810484302,1111871
262811600647,624,9,receive,262810495260,1105387
262811604331,644,11,receive,262810506420,1097911
262811604985,498,13,receive,262810501064,1103921
262811605641,284,17,receive,262810519943,1085698
262811617868,440,9,receive,262810524275,1093593
262811621769,690,11,receive,262810545785,1075984
262811622446,798,8,receive,262810527658,1094788
262811624813,350,11,receive,262810557964,1066849
262811629378,412,14,receive,262810571558,1057820
262811638328,292,12,receive,262810574717,1063611
262811639013,304,17,receive,262810584632,1054381
262811639698,200,13,receive,262810591696,1048002
262811640377,468,13,receive,262810607005,1033372
262811641058,400,12,receive,262810604840,1036218
262811641737,764,9,receive,262810582432,1059305
262811654562,492,13,receive,262810615306,1039256
262811655290,564,8,receive,262810647189,1008101
262811655939,572,12,receive,262810633005,1022934
262811656603,808,10,receive,262810663006,993597
262811657258,710,11,receive,262810663981,993277
262811657913,800,12,receive,262810682004,975909
262811671642,746,8,receive,262810667513,1004129
262811672095,648,9,receive,262810698567,973528
262811672536,250,10,receive,262810693926,978610
262811672979,544,12,receive,262810715011,957968
262811673425,576,8,receive,262810722556,950869
262811673873,750,11,receive,262810728476,945397
262811674323,522,12,receive,262810692906,981417
262811685762,342,19,receive,262810737005,948757
262811686419,546,11,receive,262810751723,934696
262811687082,286,12,receive,262810752768,934314
262811687736,462,11,receive,262810744666,943070
262811688395,644,12,receive,262810754588,933807
262811702119,510,14,receive,262810736601,965518
262811702784,412,15,receive,262810772905,929879
262811706221,240,11,receive,262810746952,959269
262811708569,776,8,receive,262810794896,913673
262811712233,770,11,receive,262810810469,901764
262811717037,550,11,receive,262810847762,869275
262811720385,492,14,receive,262810857127,863258
262811722020,314,12,receive,262810864606,857414
262811723552,204,11,receive,262810873283,850269
262811726134,548,10,receive,262810865978,860156
262811731885,728,11,receive,262810875010,856875
262811734746,644,13,receive,262810875700,859046
262811736737,764,10,receive,262810873454,863283
262811737449,498,14,receive,262810884938,852511
262811740563,346,10,receive,262810902810,837753
262811745779,572,13,receive,262810914648,831131
262811749113,748,8,receive,262810935330,813783
262811751736,664,11,receive,262810922337,829399
262811752785,746,9,receive,262810944965,807820
262811753963,756,8,receive,262810941017,812946
262811755845,514,12,receive,262810948729,807116
262811763591,650,13,receive,262810973758,789833
262811764310,784,12,receive,262810971176,793134
262811767190,410,20,receive,262810988530,778660
262811769108,294,13,receive,262810991186,777922
262811770721,282,11,receive,262810999826,770895
262811772984,546,12,receive,262811005686,767298
262811776760,260,9,receive,262810993079,783681
262811778739,416,11,receive,262811012385,766354
262811784223,486,10,receive,262811005065,779158
262811786228,644,14,receive,262811005169,781059
262811789101,342,20,receive,262811017729,771372
262811797132,566,13,receive,262811020905,776227
262811797801,440,10,receive,262811042006,755795
262811798463,302,18,receive,262811052010,746453
262811799109,570,11,receive,262811060195,738914
262811799765,692,11,receive,262811046061,753704
262811800422,776,9,receive,262811073571,726851
262811814013,492,15,receive,262811056803,757210
262811814711,484,11,receive,262811079005,735706
262811815341,264,12,receive,262811034567,780774
262811815995,240,12,receive,262811110172,705823
262811816672,318,12,receive,262811119009,697663
262811831291,196,12,receive,262811120779,710512
262811831974,710,12,receive,262811087067,744907
262811832649,304,18,receive,262811147241,685408
262811833312,626,8,receive,262811151339,681973
262811833979,310,16,receive,262811150748,683231
262811834639,408,14,receive,262811157611,677028
262811844969,576,9,receive,262811152308,692661
262811846182,4,13,receive,262811170469,675713
262811846906,396,12,receive,262811170040,676866
262811847576,650,14,receive,262811183685,663891
262811848241,570,12,receive,262811190919,657322
262811848895,796,10,receive,262811189348,659547
262811854164,292,13,receive,262811194548,659616
262811857858,572,14,receive,262811185170,672688
262811858528,462,12,receive,262811209988,648540
262811859199,440,11,receive,262811214694,644505
262811859851,516,12,receive,262811207124,652727
262811868265,746,10,receive,262811223727,644538
262811868927,216,10,receive,262811233646,635281
262811869589,546,13,receive,262811254401,615188
262811870260,474,11,receive,262811246354,623906
262811870928,334,13,receive,262811250060,620868
262811876666,648,10,receive,262811259551,617115
262811878110,544,13,receive,262811272841,605269
262811879540,458,14,receive,262811271633,607907
262811880972,330,14,receive,262811280075,600897
262811882020,342,21,receive,262811283062,598958
262811883825,798,9,receive,262811292742,591083
262811887020,284,18,receive,262811299776,587244
262811887738,574,12,receive,262811301459,586279
262811889921,510,15,receive,262811297622,592299
262811890639,676,14,receive,262811341045,549594
262811896177,492,16,receive,262811334612,561565
262811896831,416,12,receive,262811337525,559306
262811897491,240,13,receive,262811336539,560952
262811898155,292,14,receive,262811355887,542268
262811899077,204,12,receive,262811359556,539521
262811903021,462,13,receive,262811366987,536034
262811903678,576,10,receive,262811397475,506203
262811904341,624,10,receive,262811407964,496377
262811905008,396,13,receive,262811396294,508714
262811905669,400,13,receive,262811412861,492808
262811909151,672,13,receive,262811420026,489125
262811909847,318,13,receive,262811437125,472722
262811910621,808,11,receive,262811448343,462278
262811912022,644,15,receive,262811455418,456604
262811916019,440,12,receive,262811455394,460625
262811916733,294,14,receive,262811466791,449942
262811917477,314,13,receive,262811472502,444975
262811918194,626,9,receive,262811479539,438655
262811918917,302,19,receive,262811489886,429031
262811925023,544,14,receive,262811504010,421013
262811925738,130,12,receive,262811506482,419256
262811926398,800,13,receive,262811514582,411816
262811927059,548,11,receive,262811522006,405053
262811927722,486,11,receive,262811526388,401334
262811928375,468,14,receive,262811527672,400703
262811933182,746,11,receive,262811541882,391300
262811933836,510,16,receive,262811527010,406826
262811934497,484,12,receive,262811577696,356801
262811935161,748,9,receive,262811591564,343597
262811935821,676,15,receive,262811592004,343817
262811936485,260,10,receive,262811599320,337165
262811938489,574,13,receive,262811601133,337356
262811939162,570,13,receive,262811602730,336432
262811939820,784,13,receive,262811599006,340814
262811940456,286,13,receive,262811622719,317737
262811941119,294,15,receive,262811625895,315224
262811941778,240,14,receive,262811633316,308462
262811942440,798,10,receive,262811663503,278937
262811943103,204,13,receive,262811669179,273924
262811943766,522,13,receive,262811702918,240848
262811944434,710,13,receive,262811703008,241426
262811945119,514,13,receive,262811698773,246346
262811945780,410,21,receive,262811710627,235153
262811946443,302,20,receive,262811714067,232376
262811947104,400,14,receive,262811735266,211838
262811953643,216,11,receive,262811754492,199151
262811954305,468,15,receive,262811774684,179621
262811954961,550,12,receive,262811772117,182844
262811955620,748,10,receive,262811812577,143043
262811956279,570,14,receive,262811814308,141971
262811956942,458,15,receive,262811812120,144822
262811957603,294,16,receive,262811817038,140565
262811958263,474,12,receive,262811852981,105282
262811958919,486,12,receive,262811850005,108914
262811959589,784,14,receive,262811854334,105255
262811960251,522,14,receive,262811864495,95756
262811960906,550,13,receive,262811887950,72956
262811961569,334,14,receive,262811890870,70699
262811962231,240,15,receive,262811918005,44226
262811962888,264,13,receive,262811947011,15877
262811963552,292,15,receive,262811950592,12960
262811966508,626,10,receive,262811963897,2611
262811968277,284,19,receive,262811966386,1891
262811980786,516,13,receive,262811980133,653
262811983368,400,15,receive,262811982844,524
262811987913,796,11,receive,262811987268,645
262812013691,566,14,receive,262812012652,1039
262812019352,492,17,receive,262812017079,2273
262812020987,216,12,receive,262812019999,988
262812035861,576,11,receive,262812033427,2434
262812040966,458,16,receive,262812038454,2512
262812044310,748,11,receive,262812042518,1792
262812057292,624,11,receive,262812054749,2543
262812064233,462,14,receive,262812062510,1723
262812073340,486,13,receive,262812071461,1879
262812094331,776,10,receive,262812091475,2856
262812094939,546,14,receive,262812093640,1299
262812101491,676,16,receive,262812098924,2567
262812103706,572,15,receive,262812102022,1684
262812124965,260,11,receive,262812120005,4960
262812125368,4,14,receive,262812122348,3020
262812150127,648,11,receive,262812149018,1109
262812174565,484,13,receive,262812173059,1506
262812181316,784,15,receive,262812179889,1427
262812184376,240,16,receive,262812182148,2228
262812184911,548,12,receive,262812184204,707
262812190609,574,14,receive,262812188608,2001
262812194869,550,14,receive,262812194094,775
262812211299,672,14,receive,262812208822,2477
262812233593,216,13,receive,262812231277,2316
262812235254,400,16,receive,262812234251,1003
262812252507,462,15,receive,262812250692,1815
262812253074,4,15,receive,262812250985,2089
262812270074,572,16,receive,262812267888,2186
262812279483,796,12,receive,262812278511,972
262812285045,798,11,receive,262812283474,1571
262812300588,784,16,receive,262812299616,972
262812312949,776,11,receive,262812309262,3687
262812313507,318,14,receive,262812310266,3241
262812315612,314,14,receive,262812314848,764
262812320625,644,16,receive,262812320086,539
262812326678,458,17,receive,262812325288,1390
262812334765,748,12,receive,262812333445,1320
262812355600,334,15,receive,262812348084,7516
262812380229,294,17,receive,262812376380,3849
262812380784,474,13,receive,262812379468,1316
262812400151,486,14,receive,262812397660,2491
262812401921,130,13,receive,262812400698,1223
262812416105,808,12,receive,262812413957,2148
262812418554,400,17,receive,262812417620,934
262812433561,574,15,receive,262812431307,2254
262812436632,260,12,receive,262812435642,990
262812454867,626,11,receive,262812452982,1885
262812490591,544,15,receive,262812489885,706
262812497498,572,17,receive,262812494417,3081
262812498786,648,12,receive,262812497883,903
262812526888,204,14,receive,262812525887,1001
262812535734,570,15,receive,262812534172,1562
262812538523,294,18,receive,262812537580,943
262812548304,746,12,receive,262812546502,1802
262812568549,302,21,receive,262812567190,1359
262812579952,4,16,receive,262812578248,1704
262812583418,458,18,receive,262812580099,3319
262812639264,576,12,receive,262812636289,2975
262812642352,672,15,receive,262812639193,3159
262812666893,710,14,receive,262812665309,1584
262812667343,550,15,receive,262812665323,2020
262812670442,216,14,receive,262812669391,1051
262812672421,784,17,receive,262812671625,796
262812674791,334,16,receive,262812672868,1923
262812679484,548,13,receive,262812678797,687
262812717816,522,15,receive,262812714631,3185
262812718190,468,16,receive,262812716437,1753
262812738241,462,16,receive,262812736275,1966
262812760922,648,13,receive,262812759721,1201
262812798308,576,13,receive,262812796712,1596
262812810438,626,12,receive,262812808477,1961
262812904120,676,17,receive,262812903446,674
262812918954,468,17,receive,262812916498,2456
262812926576,776,12,receive,262812924603,1973
262812940799,400,18,receive,262812938438,2361
262812943728,566,15,receive,262812941280,2448
262813019203,624,12,receive,262813018637,566
262813077201,796,13,receive,262813076011,1190
262813100059,710,15,receive,262813099578,481
262813149750,748,13,receive,262813148313,1437
262813172089,474,14,receive,262813170961,1128
262813181973,648,14,receive,262813181590,383
262813213636,784,18,receive,262813213068,568
262813216649,624,13,receive,262813216290,359
262813220924,314,15,receive,262813220067,857
262813222715,570,16,receive,262813221789,926
262813255680,672,16,receive,262813253196,2484
262813256209,318,15,receive,262813254311,1898
262813275052,462,17,receive,262813274073,979
262813351601,334,17,receive,262813349710,1891
262813379508,808,13,receive,262813378675,833
262813392387,550,16,receive,262813390739,1648
262813424556,130,14,receive,262813423383,1173
262813452500,548,14,receive,262813450790,1710
262813530569,648,15,receive,262813528896,1673
262813542511,216,15,receive,262813541973,538
262813568966,400,19,receive,262813568009,957
