receive_timestamp,source_vehicle,message_id,event_type,send_timestamp,latency_us
373402145,432,1,receive,373294811,107334
373571193,68,1,receive,373294917,276276
373571634,346,1,receive,373295462,276172
373572048,320,1,receive,373296620,275428
373572481,108,2,receive,373288603,283878
373572907,84,1,receive,373282609,290298
373573340,302,1,receive,373297189,276151
373573782,84,2,receive,373297268,276514
373574198,612,1,receive,373297315,276883
373574621,150,2,receive,373297382,277239
373575047,974,1,receive,373292613,282434
373575447,674,1,receive,373297959,277488
373575864,106,2,receive,373298141,277723
373576260,778,3,receive,373298369,277891
373576726,104,3,receive,373300144,276582
373577140,98,2,receive,373301015,276125
373577564,152,3,receive,373301213,276351
373909093,384,1,receive,373301901,607192
373909673,86,2,receive,373303095,606578
373910127,448,1,receive,373303372,606755
373910585,486,1,receive,373304542,606043
373911042,42,3,receive,373242320,668722
373911489,426,1,receive,373306585,604904
373911947,160,2,receive,373306687,605260
373912385,634,1,receive,373308105,604280
373912831,408,1,receive,373308867,603964
373913271,870,1,receive,373309486,603785
374151930,210,1,receive,373310039,841891
374152377,26,4,receive,373245006,907371
374152910,114,4,receive,373311673,841237
374153348,64,3,receive,373282318,871030
374153802,30,1,receive,373312619,841183
374154241,196,4,receive,373313394,840847
374154686,408,2,receive,373314436,840250
374155120,974,2,receive,373314787,840333
374155569,140,2,receive,373316070,839499
374156023,104,4,receive,373316474,839549
374378045,184,4,receive,373316662,1061383
374378509,166,1,receive,373316885,1061624
374379071,128,4,receive,373317077,1061994
374379526,790,1,receive,373318464,1061062
374380007,798,1,receive,373318566,1061441
374660025,50,1,receive,373318434,1341591
374660709,196,5,receive,373318774,1341935
374661293,54,1,receive,373318997,1342296
374661736,18,2,receive,373320016,1341720
374662264,202,3,receive,373294291,1367973
374662746,80,1,receive,373322157,1340589
374663234,86,3,receive,373322441,1340793
374663782,400,1,receive,373323456,1340326
374664316,122,1,receive,373296841,1367475
374914749,158,1,receive,373304081,1610668
374915217,230,2,receive,373326675,1588542
374915858,320,2,receive,373327062,1588796
374916322,98,3,receive,373323391,1592931
374916787,384,2,receive,373330017,1586770
374917285,252,1,receive,373331018,1586267
374917768,634,2,receive,373331441,1586327
374918231,632,1,receive,373332263,1585968
374918696,118,1,receive,373332253,1586443
374919153,6,4,receive,373278304,1640849
375159205,90,3,receive,373332855,1826350
375159667,818,1,receive,373332891,1826776
375160250,90,4,receive,373333221,1827029
375160708,400,2,receive,373333307,1827401
375161183,150,3,receive,373334297,1826886
375161645,44,5,receive,373273715,1887930
375162100,154,2,receive,373334689,1827411
375162569,486,2,receive,373334774,1827795
375163024,758,1,receive,373334743,1828281
375163477,182,3,receive,373296292,1867185
375385380,206,2,receive,373335639,2049741
375385849,972,1,receive,373336349,2049500
375386420,798,2,receive,373336605,2049815
375386884,728,1,receive,373337175,2049709
375387380,152,4,receive,373321810,2065570
375387820,58,4,receive,373280331,2107489
375388259,670,1,receive,373337448,2050811
375388713,132,1,receive,373337427,2051286
375389172,766,1,receive,373337608,2051564
375389657,84,3,receive,373324172,2065485
375618633,312,1,receive,373339142,2279491
375619105,312,2,receive,373339616,2279489
375619710,100,1,receive,373257727,2361983
375620232,96,3,receive,373340772,2279460
375620701,274,1,receive,373342284,2278417
375621166,188,2,receive,373340656,2280510
375621629,204,1,receive,373342449,2279180
375622093,426,2,receive,373343822,2278271
375622621,408,3,receive,373344177,2278444
375826390,338,1,receive,373344313,2482077
375826832,18,3,receive,373343300,2483532
375827416,12,5,receive,373315677,2511739
375827821,138,1,receive,373345262,2482559
375828288,626,1,receive,373345494,2482794
375828752,110,3,receive,373345744,2483008
375829170,590,5,receive,373345797,2483373
375829582,782,1,receive,373346124,2483458
375830016,160,3,receive,373346421,2483595
375830434,290,1,receive,373311159,2519275
375830904,964,1,receive,373346825,2484079
376086002,96,4,receive,373346856,2739146
376086486,432,2,receive,373347684,2738802
376087077,670,2,receive,373349026,2738051
376087507,632,2,receive,373350024,2737483
376088489,106,3,receive,373351343,2737146
376088878,708,1,receive,373351772,2737106
376089254,158,2,receive,373351916,2737338
376089630,150,4,receive,373352784,2736846
376090029,284,1,receive,373353815,2736214
376090404,70,5,receive,373288342,2802062
376303551,426,3,receive,373354781,2948770
376304166,868,2,receive,373354805,2949361
376304591,730,1,receive,373355393,2949198
376305121,206,3,receive,373355353,2949768
376305582,1000,1,receive,373355649,2949933
376306001,382,1,receive,373356097,2949904
376306409,320,3,receive,373357048,2949361
376306815,80,2,receive,373357455,2949360
376307227,36,2,receive,373357977,2949250
376307663,56,3,receive,373241375,3066288
376543948,490,1,receive,373358269,3185679
376544443,400,3,receive,373358854,3185589
376545029,554,1,receive,373359320,3185709
376545512,598,1,receive,373359649,3185863
376545985,104,5,receive,373360476,3185509
376546470,212,1,receive,373360429,3186041
376546936,818,2,receive,373360893,3186043
376547402,128,5,receive,373361359,3186043
376547871,190,1,receive,373362713,3185158
376548344,764,1,receive,373362713,3185631
376798310,210,2,receive,373363083,3435227
376798788,230,3,receive,373364522,3434266
376799391,778,4,receive,373364429,3434962
376799870,592,1,receive,373364608,3435262
376800339,488,1,receive,373367149,3433190
376800809,426,4,receive,373367583,3433226
376801300,332,1,receive,373367726,3433574
376801770,354,1,receive,373368455,3433315
376802236,582,1,receive,373368957,3433279
376802707,114,5,receive,373368894,3433813
377041617,86,4,receive,373369044,3672573
377042091,640,1,receive,373369448,3672643
377042650,166,2,receive,373358761,3683889
377043114,300,1,receive,373370044,3673070
377043573,192,1,receive,373370182,3673391
377044036,712,1,receive,373370313,3673723
377044483,486,3,receive,373371338,3673145
377044941,130,3,receive,373309045,3735896
377045382,524,1,receive,373374149,3671233
377237668,130,4,receive,373373933,3863735
377238110,530,1,receive,373374600,3863510
377238646,436,1,receive,373374829,3863817
377239100,130,5,receive,373375029,3864071
377239548,636,2,receive,373376013,3863535
377239977,90,5,receive,373376866,3863111
377240428,508,1,receive,373376887,3863541
377240881,130,6,receive,373376476,3864405
377241315,972,2,receive,373377276,3864039
377241754,426,5,receive,373377644,3864110
377476573,634,3,receive,373378345,4098228
377477029,918,1,receive,373378463,4098566
377477579,618,1,receive,373379066,4098513
377478020,166,3,receive,373380013,4098007
377478457,112,2,receive,373285041,4193416
377478903,196,6,receive,373381922,4096981
377479348,868,3,receive,373382063,4097285
377479807,8,5,receive,373278178,4201629
377480293,90,6,receive,373382316,4097977
377480747,400,4,receive,373382781,4097966
377724772,340,1,receive,373296934,4427838
377725253,486,4,receive,373383975,4341278
377725815,432,3,receive,373383008,4342807
377726272,126,2,receive,373305048,4421224
377726748,222,1,receive,373375932,4350816
377727204,316,1,receive,373386209,4340995
377727673,486,5,receive,373386787,4340886
377728133,730,2,receive,373387278,4340855
377728606,2,5,receive,373273391,4455215
377729058,154,3,receive,373388709,4340349
377935979,734,1,receive,373389539,4546440
377936557,444,1,receive,373334200,4602357
377937035,436,2,receive,373390018,4547017
377937480,492,2,receive,373390020,4547460
377937927,638,1,receive,373371725,4566202
377938373,366,1,receive,373390145,4548228
377938829,618,2,receive,373390437,4548392
377939278,62,4,receive,373250337,4688941
377939732,774,1,receive,373390624,4549108
378164433,756,1,receive,373390885,4773548
378164996,554,2,receive,373391272,4773724
378165427,196,7,receive,373391318,4774109
378165884,678,1,receive,373391717,4774167
378166357,964,2,receive,373391772,4774585
378166843,724,1,receive,373392160,4774683
378167304,64,4,receive,373354344,4812960
378167905,488,2,receive,373393759,4774146
378168324,798,3,receive,373393968,4774356
378395169,320,4,receive,373394395,5000774
378395639,222,2,receive,373395466,5000173
378396211,778,5,receive,373395541,5000670
378396667,778,6,receive,373395881,5000786
378397123,32,3,receive,373285087,5112036
378397620,206,4,receive,373396720,5000900
378398082,336,1,receive,373396941,5001141
378398541,2,6,receive,373393761,5004780
378398999,766,2,receive,373397603,5001396
378567811,352,1,receive,373355333,5212478
378568292,164,2,receive,373287511,5280781
378568856,434,1,receive,373398867,5169989
378569304,804,1,receive,373398932,5170372
378569755,456,2,receive,373399942,5169813
378570244,858,1,receive,373343766,5226478
378570688,612,2,receive,373391742,5178946
378571129,150,5,receive,373400589,5170540
378571601,560,1,receive,373401198,5170403
378740045,330,1,receive,373400981,5339064
378740482,204,2,receive,373401651,5338831
378741006,564,1,receive,373401672,5339334
378741434,222,3,receive,373402437,5338997
378741877,778,7,receive,373402673,5339204
378742320,230,4,receive,373403215,5339105
378742792,586,1,receive,373403229,5339563
378743253,670,3,receive,373403888,5339365
378743718,982,1,receive,373404064,5339654
378744170,592,2,receive,373404299,5339871
378917541,554,3,receive,373404704,5512837
378918017,994,1,receive,373404655,5513362
378918595,634,4,receive,373405133,5513462
378919074,634,5,receive,373405599,5513475
378919523,426,6,receive,373405950,5513573
378919974,964,3,receive,373407361,5512613
378920449,316,2,receive,373407547,5512902
378920918,844,1,receive,373407892,5513026
378921366,586,2,receive,373408806,5512560
378921827,566,1,receive,373360373,5561454
379102550,482,1,receive,373410119,5692431
379102999,370,1,receive,373410438,5692561
379103571,836,1,receive,373411253,5692318
379104135,836,2,receive,373411872,5692263
379104581,54,2,receive,373411868,5692713
379105036,150,6,receive,373412059,5692977
379105485,252,2,receive,373415349,5690136
379105930,312,3,receive,373415998,5689932
379106371,448,2,receive,373327134,5779237
379106844,312,4,receive,373416340,5690504
379304042,238,1,receive,373416159,5887883
379304577,868,4,receive,373416750,5887827
