receive_timestamp,source_vehicle,message_id,event_type,send_timestamp,latency_us
262794674622,150,1,receive,262794668319,6303
262794675150,632,1,receive,262794668908,6242
262794675688,164,1,receive,262794669151,6537
262794676209,384,1,receive,262794669749,6460
262794676698,14,1,receive,262794650105,26593
262794677254,542,1,receive,262794672968,4286
262794753123,628,1,receive,262794676074,77049
262794753553,52,1,receive,262794677035,76518
262794753985,590,1,receive,262794679633,74352
262794754523,170,1,receive,262794680405,74118
262794755041,226,1,receive,262794680969,74072
262794755494,364,1,receive,262794682340,73154
262794755939,10,1,receive,262794651651,104288
262794854901,88,1,receive,262794684352,170549
262794855296,134,1,receive,262794684917,170379
262794855708,358,1,receive,262794685038,170670
262794856124,120,1,receive,262794685420,170704
262794856530,758,1,receive,262794685979,170551
262794856938,166,1,receive,262794688499,168439
262794857342,208,1,receive,262794691855,165487
262794857745,344,1,receive,262794693037,164708
262794950513,832,1,receive,262794694048,256465
262794950908,794,1,receive,262794695138,255770
262794951367,442,1,receive,262794697452,253915
262794951783,450,1,receive,262794698023,253760
262794952208,162,1,receive,262794700773,251435
262794979223,802,1,receive,262794702973,276250
262794979633,812,1,receive,262794703956,275677
262795055542,834,1,receive,262794704045,351497
262795056007,126,1,receive,262794705053,350954
262795056441,824,1,receive,262794709244,347197
262795056884,818,1,receive,262794710825,346059
262795057357,552,1,receive,262794712774,344583
262795057815,752,1,receive,262794715035,342780
262795058283,274,1,receive,262794718059,340224
262795058746,830,1,receive,262794719284,339462
262795163690,480,1,receive,262794719296,444394
262795164128,822,1,receive,262794719860,444268
262795164557,618,1,receive,262794721795,442762
262795164973,520,1,receive,262794730338,434635
262795175532,630,1,receive,262794730659,444873
262795175968,500,1,receive,262794731099,444869
262795176426,526,1,receive,262794732762,443664
262795176862,348,1,receive,262794733707,443155
262795262408,508,1,receive,262794734772,527636
262795262856,836,1,receive,262794737218,525638
262795263391,792,1,receive,262794738039,525352
262795263848,762,1,receive,262794738054,525794
262795264319,820,1,receive,262794738579,525740
262795264773,168,1,receive,262794739068,525705
262795265245,454,1,receive,262794739055,526190
262795265706,354,1,receive,262794739204,526502
262795365213,840,1,receive,262794739718,625495
262795365682,388,1,receive,262794699467,666215
262795366183,488,1,receive,262794741721,624462
262795366649,92,1,receive,262794651844,714805
262795384403,816,1,receive,262794745511,638892
262795384864,202,1,receive,262794745539,639325
262795385337,244,1,receive,262794745732,639605
262795385791,212,1,receive,262794749217,636574
262795478968,432,1,receive,262794657302,821666
262795479423,178,1,receive,262794679202,800221
262795479872,352,1,receive,262794747193,732679
262795480327,610,1,receive,262794753207,727120
262795480777,634,1,receive,262794756062,724715
262795481243,540,1,receive,262794759061,722182
262795481693,786,1,receive,262794759277,722416
262795599601,494,1,receive,262794759442,840159
262795600043,482,1,receive,262794759783,840260
262795600496,838,1,receive,262794760973,839523
262795600944,736,1,receive,262794761059,839885
262795601411,712,1,receive,262794765916,835495
262795601852,606,1,receive,262794767049,834803
262795602308,594,1,receive,262794771037,831271
262795602752,62,1,receive,262794771460,831292
262795700653,236,1,receive,262794669024,1031629
262795701141,356,1,receive,262794775038,926103
262795701594,724,1,receive,262794775084,926510
262795702052,722,1,receive,262794775712,926340
262795702509,788,1,receive,262794776734,925775
262795702959,638,1,receive,262794777049,925910
262795736026,466,1,receive,262794779063,956963
262795736485,754,1,receive,262794779855,956630
262795829489,744,1,receive,262794782098,1047391
262795829943,718,1,receive,262794784101,1045842
262795830401,58,1,receive,262794634580,1195821
262795830849,852,1,receive,262794785938,1044911
262795831321,842,1,receive,262794787098,1044223
262795831783,140,1,receive,262794705034,1126749
262795832261,874,1,receive,262794790712,1041549
262795832734,608,1,receive,262794791047,1041687
262795934222,740,1,receive,262794791185,1143037
262795934666,862,1,receive,262794791404,1143262
262795935141,586,1,receive,262794773034,1162107
262795935598,680,1,receive,262794800964,1134634
262795936064,556,1,receive,262794801210,1134854
262795936533,80,1,receive,262794753077,1183456
262795967189,810,1,receive,262794800687,1166502
262796031371,682,1,receive,262794803273,1228098
262796031837,848,1,receive,262794804357,1227480
262796032310,688,1,receive,262794805146,1227164
262796032769,670,1,receive,262794805425,1227344
262796033247,706,1,receive,262794805754,1227493
262796033716,532,1,receive,262794804039,1229677
262796034188,866,1,receive,262794807290,1226898
262796034653,846,1,receive,262794808433,1226220
262796139154,700,1,receive,262794808661,1330493
262796139605,666,1,receive,262794808832,1330773
262796140078,726,1,receive,262794809152,1330926
262796140529,886,1,receive,262794809654,1330875
262796140981,280,1,receive,262794804038,1336943
262796152067,534,1,receive,262794810019,1342048
262796152499,742,1,receive,262794810046,1342453
262796152914,734,1,receive,262794805975,1346939
262796235177,738,1,receive,262794804564,1430613
262796235639,578,1,receive,262794813571,1422068
262796236110,614,1,receive,262794818064,1418046
262796244755,766,1,receive,262794818592,1426163
262796245201,814,1,receive,262794819547,1425654
262796245653,760,1,receive,262794820818,1424835
262796328642,620,1,receive,262794817830,1510812
262796329102,864,1,receive,262794816273,1512829
262796329549,612,1,receive,262794824582,1504967
262796329993,768,1,receive,262794826059,1503934
262796330473,472,1,receive,262794824203,1506270
262796330922,890,1,receive,262794828041,1502881
262796363730,902,1,receive,262794828444,1535286
262796426226,878,1,receive,262794829373,1596853
262796426697,558,1,receive,262794826751,1599946
262796427170,882,1,receive,262794827769,1599401
262796427674,730,1,receive,262794831114,1596560
262796428148,780,1,receive,262794831798,1596350
262796428619,32,1,receive,262794664030,1764589
262796429090,174,1,receive,262794707028,1722062
262796429559,538,1,receive,262794831395,1598164
262796556707,774,1,receive,262794834551,1722156
262796557194,782,1,receive,262794831156,1726038
262796557694,636,1,receive,262794835757,1721937
262796558145,230,1,receive,262794836017,1722128
262796558586,568,1,receive,262794828903,1729683
262796559045,276,1,receive,262794718788,1840257
262796559510,184,1,receive,262794837518,1721992
262796559972,888,1,receive,262794838015,1721957
262796672694,708,1,receive,262794823509,1849185
262796673156,704,1,receive,262794836511,1836645
262796673612,536,1,receive,262794827439,1846173
262796674078,884,1,receive,262794818675,1855403
262796674549,880,1,receive,262794828803,1845746
262796675024,856,1,receive,262794841630,1833394
262796675490,674,1,receive,262794842731,1832759
262796675949,678,1,receive,262794849031,1826918
262796780195,868,1,receive,262794833809,1946386
262796780670,698,1,receive,262794848604,1932066
262796781137,806,1,receive,262794853081,1928056
262796781588,778,1,receive,262794855512,1926076
262796782051,720,1,receive,262794843242,1938809
262796782511,844,1,receive,262794842017,1940494
262796782964,900,1,receive,262794839300,1943664
262796880887,464,1,receive,262794827781,2053106
262796881351,804,1,receive,262794860983,2020368
262796881797,444,1,receive,262794861645,2020152
262796882255,790,1,receive,262794850137,2032118
262796882700,896,1,receive,262794858653,2024047
262796883161,870,1,receive,262794831029,2052132
262796883614,912,1,receive,262794858038,2025576
262796999090,116,1,receive,262794852130,2146960
262796999563,716,1,receive,262794853883,2145680
262797000032,876,1,receive,262794852260,2147772
262797001083,732,1,receive,262794852037,2149046
262797001548,854,1,receive,262794864460,2137088
262797002022,914,1,receive,262794874858,2127164
262797002498,828,1,receive,262794871988,2130510
262797002959,910,1,receive,262794873486,2129473
262797136868,892,1,receive,262794863422,2273446
262797137340,600,1,receive,262794874615,2262725
262797137857,124,2,receive,262794780600,2357257
262797138314,924,1,receive,262794879157,2259157
262797138751,918,1,receive,262794884191,2254560
262797139216,858,1,receive,262794875062,2264154
262797139673,628,2,receive,262794887482,2252191
262797274583,222,1,receive,262794858074,2416509
262797275043,826,1,receive,262794888886,2386157
262797275517,908,1,receive,262794887953,2387564
262797275987,916,1,receive,262794895909,2380078
262797276470,898,1,receive,262794897612,2378858
262797276926,206,1,receive,262794894084,2382842
262797277394,906,1,receive,262794896323,2381071
262797277853,176,1,receive,262794885163,2392690
262797379187,850,1,receive,262794880639,2498548
262797379705,702,1,receive,262794859037,2520668
262797380184,920,1,receive,262794906037,2474147
262797380642,904,1,receive,262794898967,2481675
262797381105,104,1,receive,262794693040,2688065
262797381559,894,1,receive,262794910035,2471524
262797469031,714,1,receive,262794869932,2599099
262797469497,432,2,receive,262794897567,2571930
262797469946,362,1,receive,262794890412,2579534
262797470417,74,2,receive,262794891949,2578468
262797470938,138,1,receive,262794906230,2564708
262797471403,872,1,receive,262794868647,2602756
262797471852,926,1,receive,262794922243,2549609
262797472329,860,1,receive,262794864783,2607546
262797566306,928,1,receive,262794926348,2639958
262797566764,922,1,receive,262794927383,2639381
262797567229,442,2,receive,262794921009,2646220
262797577242,172,1,receive,262794871811,2705431
262797596847,152,1,receive,262794921274,2675573
262797597294,820,2,receive,262794926445,2670849
262797659472,562,1,receive,262794948009,2711463
262797659929,378,1,receive,262794945663,2714266
262797660404,114,1,receive,262794899455,2760949
262797660846,758,2,receive,262794953280,2707566
262797661293,110,2,receive,262794921860,2739433
262797712167,148,1,receive,262794843310,2868857
262797712614,772,1,receive,262794960625,2751989
262797771181,212,2,receive,262794923249,2847932
262797771630,354,2,receive,262794884812,2886818
262797772101,938,1,receive,262794965518,2806583
262797772545,736,2,receive,262794901012,2871533
262797772982,934,1,receive,262794966837,2806145
262797773447,580,2,receive,262794955918,2817529
262797773904,888,2,receive,262794981489,2792415
262797774372,956,1,receive,262794984049,2790323
262797774827,508,2,receive,262794961472,2813355
262797897074,262,2,receive,262794986507,2910567
262797897542,962,1,receive,262794987230,2910312
262797898017,220,1,receive,262794979264,2918753
262797898483,838,2,receive,262794990251,2908232
262797898948,930,1,receive,262794990426,2908522
262797899417,700,2,receive,262794990760,2908657
262797899886,418,1,receive,262794895366,3004520
262798016222,12,2,receive,262794920545,3095677
262798016695,958,1,receive,262794999239,3017456
262798017170,964,1,receive,262795001085,3016085
262798017636,954,1,receive,262795002131,3015505
262798018107,948,1,receive,262795005276,3012831
262798018579,950,1,receive,262795006730,3011849
262798127149,944,1,receive,262795008940,3118209
262798127629,952,1,receive,262795010977,3116652
262798128107,358,2,receive,262795011078,3117029
262798128568,942,1,receive,262795012579,3115989
262798129041,20,2,receive,262794917166,3211875
262798129493,946,1,receive,262795013041,3116452
262798129943,404,1,receive,262795004819,3125124
262798130404,960,1,receive,262795017037,3113367
262798130847,162,2,receive,262795004120,3126727
262798245911,586,2,receive,262795027329,3218582
262798246387,98,2,receive,262794964568,3281819
262798246846,940,1,receive,262795036121,3210725
262798247314,210,2,receive,262794982172,3265142
262798247767,78,2,receive,262795022226,3225541
262798248235,830,2,receive,262794976027,3272208
262798248684,422,2,receive,262794986217,3262467
262798355810,132,2,receive,262794906265,3449545
262798356279,160,2,receive,262795016847,3339432
262798356731,918,2,receive,262795049131,3307600
262798357218,794,2,receive,262795023196,3334022
262798357690,112,2,receive,262795056133,3301557
262798358180,976,1,receive,262795073341,3284839
262798358653,932,1,receive,262795063596,3295057
262798461459,364,2,receive,262795067571,3393888
262798461891,982,1,receive,262795079056,3382835
262798462362,984,1,receive,262795081846,3380516
262798462826,276,2,receive,262795039009,3423817
262798480174,520,2,receive,262795005006,3475168
262798480609,532,2,receive,262794950393,3530216
262798481057,858,2,receive,262795060530,3420527
262798567251,50,2,receive,262795070087,3497164
262798567689,534,2,receive,262795001570,3566119
262798568160,366,2,receive,262795001827,3566333
262798568617,902,2,receive,262795074010,3494607
262798569091,768,2,receive,262795088944,3480147
262798569554,142,2,receive,262795092212,3477342
262798570025,834,2,receive,262795077081,3492944
262798570481,972,1,receive,262795096706,3473775
262798570935,26,2,receive,262795026885,3544050
262798695481,88,2,receive,262795033006,3662475
262798695917,970,1,receive,262795098258,3597659
262798696363,568,2,receive,262795021119,3675244
262798696797,380,2,receive,262795017297,3679500
262798697271,988,1,receive,262795103063,3594208
262798697728,488,2,receive,262794998425,3699303
262798698204,536,2,receive,262795056071,3642133
262798803262,968,1,receive,262795108099,3695163
262798803712,974,1,receive,262795108579,3695133
262798804170,986,1,receive,262795109127,3695043
262798804617,980,1,receive,262795113334,3691283
262798805077,178,2,receive,262795086010,3719067
262798805537,996,1,receive,262795116543,3688994
262798805986,886,2,receive,262795051291,3754695
262798915037,82,2,receive,262795037400,3877637
262798915509,966,1,receive,262795122559,3792950
262798915976,382,1,receive,262795125558,3790418
262798916474,494,2,receive,262795094268,3822206
262798940232,952,2,receive,262795130580,3809652
262798940683,978,1,receive,262795121129,3819554
262799021205,994,1,receive,262795136986,3884219
262799021659,52,2,receive,262795086293,3935366
262799022124,992,1,receive,262795141061,3881063
262799022574,556,2,receive,262795067005,3955569
262799023024,998,1,receive,262795151122,3871902
262799023472,990,1,receive,262795143046,3880426
262799023915,134,2,receive,262795112506,3911409
262799024372,384,2,receive,262795049007,3975365
262799024817,120,2,receive,262795115113,3909704
262799153311,42,2,receive,262794953452,4199859
262799153781,594,2,receive,262795128109,4025672
262799154296,790,2,receive,262795139013,4015283
262799154760,890,2,receive,262795181759,3973001
262799155231,848,2,receive,262795104007,4051224
262799155689,736,3,receive,262795155175,4000514
262799248870,772,2,receive,262795183574,4065296
262799249310,234,2,receive,262794962090,4287220
262799249746,150,2,receive,262795192006,4057740
262799250244,810,2,receive,262795172580,4077664
262799250686,168,2,receive,262795223810,4026876
262799251132,586,3,receive,262795298077,3953055
262799251592,840,2,receive,262795288011,3963581
262799357665,262,3,receive,262795303009,4054656
262799358136,958,2,receive,262795271506,4086630
262799358585,618,2,receive,262795192141,4166444
262799359033,590,2,receive,262795291956,4067077
262799359483,508,3,receive,262795299362,4060121
262799359931,876,2,receive,262795299282,4060649
262799360390,224,1,receive,262795360803,3999587
262799360837,674,2,receive,262795319006,4041831
262799460025,806,2,receive,262795326007,4134018
262799460493,50,3,receive,262795387475,4073018
262799460950,26,3,receive,262795375402,4085548
262799461417,352,2,receive,262795333283,4128134
262799461874,956,2,receive,262795347798,4114076
262799462344,278,2,receive,262795462010,4000334
262799462794,628,3,receive,262795470139,3992655
262799575502,556,3,receive,262795491005,4084497
262799575954,384,3,receive,262795398006,4177948
262799576464,826,2,receive,262795477450,4099014
262799576912,106,2,receive,262795409827,4167085
262799577370,218,2,receive,262795411014,4166356
262799577819,290,1,receive,262795626425,3951394
262799662419,730,2,receive,262795545268,4117151
262799662863,820,3,receive,262795632840,4030023
262799663309,80,3,receive,262795588010,4075299
262799672027,888,3,receive,262795578104,4093923
262799682568,186,3,receive,262795601564,4081004
262799682996,482,2,receive,262795523779,4159217
262799683468,38,2,receive,262795524005,4159463
262799765201,638,3,receive,262795673010,4092191
262799765660,932,3,receive,262795651223,4114437
262799766128,102,2,receive,262795709011,4057117
262799766593,376,2,receive,262795701163,4065430
262799767041,620,2,receive,262795558682,4208359
262799767489,30,2,receive,262795671254,4096235
262799767929,552,2,receive,262795725289,4042640
262799768400,832,2,receive,262795689345,4079055
262799768861,926,2,receive,262795826008,3942853
262799883464,780,2,receive,262795688006,4195458
262799883922,152,2,receive,262795823006,4060916
262799884399,732,3,receive,262795816006,4068393
262799884856,952,4,receive,262795852010,4032846
262799885325,822,2,receive,262795819024,4066301
262799885786,48,2,receive,262795648323,4237463
262799886255,500,2,receive,262795701067,4185188
262799886709,600,2,receive,262795936010,3950699
262800012281,620,3,receive,262795913007,4099274
262800012731,860,2,receive,262795916626,4096105
262800013203,168,4,receive,262795957109,4056094
262800013655,708,4,receive,262795887322,4126333
262800014117,730,3,receive,262795946762,4067355
262800014571,946,2,receive,262795979814,4034757
262800015031,634,3,receive,262795942058,4072973
262800015490,202,3,receive,262795984984,4030506
262800015948,88,4,receive,262796050007,3965941
262800123455,50,5,receive,262796003010,4120445
262800123912,108,3,receive,262796044273,4079639
262800125736,906,3,receive,262796001132,4124604
262800126208,700,3,receive,262796040836,4085372
262800126664,632,3,receive,262796006011,4120653
262800127136,62,3,receive,262795971061,4156075
262800127607,830,3,receive,262796079181,4048426
262800237088,366,4,receive,262796008051,4229037
262800237556,688,3,receive,262796132214,4105342
262800238020,594,3,receive,262796115211,4122809
262800238480,722,3,receive,262796110546,4127934
262800238933,894,3,receive,262796077084,4161849
262800239397,232,1,receive,262796162729,4076668
262800276274,218,4,receive,262796221993,4054281
262800276717,28,4,receive,262796240449,4036268
262800343545,274,3,receive,262796171673,4171872
262800344184,558,4,receive,262796202006,4142178
262800344689,832,3,receive,262796192006,4152683
262800345200,122,3,receive,262796248761,4096439
262800345698,994,4,receive,262796289469,4056229
262800346206,924,3,receive,262796279006,4067200
262800346661,394,1,receive,262796316468,4030193
262800458166,480,4,receive,262796293263,4164903
262800458653,636,3,receive,262796270706,4187947
262800459156,982,3,receive,262796308618,4150538
262800459639,638,4,receive,262796340547,4119092
262800460136,178,4,receive,262796437692,4022444
262800460601,874,4,receive,262796406452,4054149
262800461053,34,6,receive,262796342277,4118776
262800461505,388,4,receive,262796438986,4022519
262800461963,362,3,receive,262796373356,4088607
262800603706,202,4,receive,262796383015,4220691
262800604170,14,4,receive,262796434017,4170153
262800604617,404,3,receive,262796415086,4189531
262800605068,868,3,receive,262796535962,4069106
262800605514,198,3,receive,262796259983,4345531
262800605967,352,4,receive,262796553648,4052319
262800606422,42,5,receive,262796555201,4051221
262800606871,526,4,receive,262796575197,4031674
262800702196,378,3,receive,262796559141,4143055
262800702647,428,5,receive,262796514821,4187826
262800703102,936,3,receive,262796492740,4210362
262800703543,860,3,receive,262796616224,4087319
262800703991,894,4,receive,262796604007,4099984
262800704446,608,3,receive,262796613488,4090958
262800704891,520,5,receive,262796640159,4064732
262800776590,490,1,receive,262796683878,4092712
262800777034,536,4,receive,262796584199,4192835
262800777478,1000,3,receive,262796674246,4103232
262800777928,392,4,receive,262796647882,4130046
262800808524,38,4,receive,262796806383,4002141
262800808978,818,5,receive,262796810010,3998968
262800809435,740,3,receive,262796776079,4033356
262800809877,880,5,receive,262796828144,3981733
262800886223,812,4,receive,262796783285,4102938
262800886651,614,4,receive,262796777376,4109275
262800887105,16,4,receive,262796803152,4083953
262800887549,394,2,receive,262796964541,3923008
262800887993,896,5,receive,262796973726,3914267
262800888443,640,4,receive,262797002008,3886435
262800888885,862,4,receive,262797003007,3885878
262800962616,870,4,receive,262796997078,3965538
262800963107,886,4,receive,262796808851,4154256
262800963597,70,4,receive,262796988965,3974632
262800964084,720,4,receive,262796971224,3992860
262800964528,432,5,receive,262796999191,3965337
262800964966,38,5,receive,262796982215,3982751
262800965419,646,2,receive,262797036005,3929414
262801061131,146,3,receive,262796899611,4161520
262801061555,944,4,receive,262797028171,4033384
262801061976,108,4,receive,262796923789,4138187
262801062419,866,4,receive,262796901011,4161408
262801062881,92,4,receive,262797089651,3973230
262801063377,48,4,receive,262797070136,3993241
262801063860,148,4,receive,262797050426,4013434
262801141777,938,5,receive,262797063971,4077806
262801142209,542,5,receive,262797107966,4034243
262801142649,118,4,receive,262797124012,4018637
262801143093,78,8,receive,262797132917,4010176
262801143553,464,4,receive,262797229744,3913809
262801143995,14,6,receive,262797244308,3899687
262801144441,54,4,receive,262797287009,3857432
262801144879,888,5,receive,262797288568,3856311
262801249796,926,4,receive,262797294004,3955792
262801250247,906,5,receive,262797257410,3992837
262801250683,956,6,receive,262797249006,4001677
262801255488,986,5,receive,262797214009,4041479
262801255940,760,6,receive,262797362755,3893185
262801256415,972,4,receive,262797300361,3956054
262801256870,12,5,receive,262797334312,3922558
262801341231,910,5,receive,262797331606,4009625
262801341688,712,5,receive,262797341824,3999864
262801342156,872,6,receive,262797379901,3962255
262801342610,74,6,receive,262797345157,3997453
262801343079,120,7,receive,262797439067,3904012
262801343541,724,4,receive,262797484349,3859192
262801423249,438,3,receive,262797406006,4017243
262801423713,138,5,receive,262797469791,3953922
262801424184,988,5,receive,262797474013,3950171
262801424629,100,5,receive,262797482067,3942562
262801425077,612,5,receive,262797288262,4136815
262801425534,828,4,receive,262797550237,3875297
262801425976,822,5,receive,262797535013,3890963
262801426433,106,5,receive,262797533592,3892841
262801426885,622,3,receive,262797503098,3923787
262801526819,582,5,receive,262797602415,3924404
262801527264,860,4,receive,262797480685,4046579
262801527695,782,4,receive,262797532563,3995132
262801528128,80,8,receive,262797645468,3882660
262801544377,210,5,receive,262797540006,4004371
262801544826,628,8,receive,262797543722,4001104
262801545290,538,6,receive,262797573090,3972200
262801602887,768,5,receive,262797671006,3931881
262801603342,680,5,receive,262797708978,3894364
262801603789,658,2,receive,262797731385,3872404
262801604244,940,5,receive,262797690967,3913277
262801630180,868,5,receive,262797581292,4048888
262801630625,606,5,receive,262797775332,3855293
262801631113,6,6,receive,262797764984,3866129
262801694803,92,5,receive,262797638603,4056200
262801695276,454,6,receive,262797754223,3941053
262801695727,712,6,receive,262797744490,3951237
262801696196,86,6,receive,262797751560,3944636
262801710352,354,7,receive,262797865278,3845074
262801710782,230,5,receive,262797871340,3839442
262801711252,422,6,receive,262797824784,3886468
262801711707,638,6,receive,262797904012,3807695
262801787284,290,6,receive,262797793356,3993928
262801787744,178,6,receive,262797904640,3883104
262801788214,12,6,receive,262797864006,3924208
262801788671,232,3,receive,262797935006,3853665
262801789133,464,5,receive,262798011221,3777912
262801789586,614,6,receive,262798041530,3748056
262801790042,168,8,receive,262798007982,3782060
262801790497,170,6,receive,262798051079,3739418
262801872242,120,10,receive,262798051648,3820594
262801872677,540,6,receive,262798072744,3799933
262801873132,538,7,receive,262797940007,3933125
262801873578,166,6,receive,262797919684,3953894
262801874024,592,7,receive,262798082496,3791528
262801874471,628,9,receive,262798128058,3746413
262801874911,752,5,receive,262798002756,3872155
262801953128,288,5,receive,262798120008,3833120
262801953594,830,7,receive,262798143966,3809628
262801954061,156,5,receive,262798112993,3841068
262801954528,144,5,receive,262798204478,3750050
262801954987,950,8,receive,262798193010,3761977
262801955453,106,6,receive,262798200936,3754517
262801955913,36,6,receive,262798221813,3734100
262802034413,226,5,receive,262798240452,3793961
262802034868,98,7,receive,262798274158,3760710
262802035331,526,6,receive,262798204049,3831282
262802035784,162,8,receive,262798353283,3682501
262802036246,960,6,receive,262798372073,3664173
262802036704,996,6,receive,262798360184,3676520
262802037169,872,7,receive,262798245812,3791357
262802037618,390,5,receive,262798357621,3679997
262802130106,752,6,receive,262798328799,3801307
262802130561,716,6,receive,262798360365,3770196
262802131017,890,9,receive,262798437100,3693917
262802131463,636,5,receive,262798295200,3836263
262802131909,118,6,receive,262798456012,3675897
262802132370,920,5,receive,262798401065,3731305
262802132813,466,9,receive,262798472538,3660275
262802133272,610,6,receive,262798489962,3643310
262802133716,852,8,receive,262798453389,3680327
262802223188,666,6,receive,262798563008,3660180
262802223613,60,7,receive,262798527270,3696343
262802224062,184,9,receive,262798467315,3756747
262802224520,156,6,receive,262798508354,3716166
262802224962,288,6,receive,262798506856,3718106
262802225421,72,6,receive,262798551378,3674043
262802265106,754,7,receive,262798478298,3786808
262802265549,962,7,receive,262798473008,3792541
262802310204,2,6,receive,262798551722,3758482
262802310636,58,9,receive,262798706383,3604253
262802311098,86,7,receive,262798676404,3634694
262802311556,892,8,receive,262798715010,3596546
262802312016,936,5,receive,262798688007,3624009
262802312468,706,6,receive,262798653016,3659452
262802312918,782,7,receive,262798685239,3627679
262802394383,824,6,receive,262798730384,3663999
262802394804,280,7,receive,262798742111,3652693
262802395263,68,6,receive,262798736133,3659130
262802395702,104,7,receive,262798816367,3579335
262802396160,232,4,receive,262798784149,3612011
262802396602,906,7,receive,262798771515,3625087
262802468551,316,1,receive,262798812316,3656235
262802469038,952,10,receive,262798785117,3683921
262802469502,390,6,receive,262798873254,3596248
262802469966,578,9,receive,262798904005,3565961
262802470441,596,10,receive,262798860638,3609803
262802470906,768,9,receive,262798837950,3632956
262802507127,742,6,receive,262798910534,3596593
262802507568,916,7,receive,262798873313,3634255
262802574297,34,9,receive,262798899578,3674719
262802574760,938,9,receive,262798973011,3601749
262802575252,56,7,receive,262798983079,3592173
262802575714,230,7,receive,262798971257,3604457
262802576195,944,7,receive,262798945976,3630219
262802576653,234,11,receive,262799020254,3556399
262802577121,142,8,receive,262799035522,3541599
262802577578,168,10,receive,262798973218,3604360
262802676659,942,7,receive,262799044470,3632189
262802677134,88,8,receive,262799095006,3582128
262802677585,582,8,receive,262799112490,3565095
262802678031,782,8,receive,262798989065,3688966
262802678486,708,10,receive,262799100775,3577711
262802678934,976,10,receive,262799148532,3530402
262802679403,922,8,receive,262799121072,3558331
262802679863,990,7,receive,262799292788,3387075
262802739478,2,7,receive,262799288395,3451083
262802739925,788,10,receive,262799262291,3477634
262802740381,874,8,receive,262799359987,3380394
262802740824,236,7,receive,262799359076,3381748
262802741278,116,7,receive,262799259594,3481684
262802741726,438,6,receive,262799298026,3443700
262802742192,876,8,receive,262799289007,3453185
262802742641,10,7,receive,262799359522,3383119
262802814838,886,8,receive,262799308752,3506086
262802815318,938,10,receive,262799371416,3443902
262802815764,844,7,receive,262799341990,3473774
262802818065,98,10,receive,262799315007,3503058
262802818520,146,7,receive,262799268006,3550514
262802818967,92,8,receive,262799381350,3437617
262802819425,46,7,receive,262799464006,3355419
262802819868,928,9,receive,262799521210,3298658
262802876940,500,7,receive,262799493522,3383418
262802877383,16,8,receive,262799484789,3392594
262802877812,874,9,receive,262799518647,3359165
262802878268,290,8,receive,262799487571,3390697
262802878716,826,9,receive,262799528781,3349935
262802879180,812,9,receive,262799600910,3278270
262802879632,112,9,receive,262799516198,3363434
262802947269,786,9,receive,262799518208,3429061
262802947713,560,6,receive,262799605353,3342360
262802948156,86,8,receive,262799572083,3376073
262802948584,218,10,receive,262799564073,3384511
262802949016,814,9,receive,262799625236,3323780
262802949443,488,8,receive,262799531556,3417887
262802949869,904,8,receive,262799515940,3433929
262802950324,12,8,receive,262799634152,3316172
262802950753,992,10,receive,262799521833,3428920
262803012815,954,8,receive,262799690339,3322476
262803013264,590,11,receive,262799617541,3395723
262803013702,406,6,receive,262799773478,3240224
262803014200,706,7,receive,262799738667,3275533
262803014642,476,8,receive,262799719236,3295406
262803025648,494,10,receive,262799717994,3307654
262803026095,922,9,receive,262799734501,3291594
262803026535,738,9,receive,262799762105,3264430
262803026977,618,9,receive,262799772728,3254249
262803081573,252,4,receive,262799746582,3334991
262803082012,14,11,receive,262799728347,3353665
262803082481,698,9,receive,262799841008,3241473
262803082915,344,11,receive,262799885259,3197656
262803083374,198,8,receive,262799889198,3194176
262803083823,658,5,receive,262799843658,3240165
262803084286,502,5,receive,262799869400,3214886
262803084738,562,9,receive,262799914562,3170176
262803145795,208,8,receive,262799810010,3335785
262803146261,152,9,receive,262799914445,3231816
262803146717,114,8,receive,262800001013,3145704
262803147184,470,3,receive,262799992606,3154578
262803147694,752,8,receive,262800036065,3111629
262803148156,290,10,receive,262800043005,3105151
262803148610,894,9,receive,262799984013,3164597
262803206100,660,6,receive,262800034075,3172025
262803206559,84,9,receive,262800032073,3174486
262803207022,74,11,receive,262799993230,3213792
262803207474,828,8,receive,262800049817,3157657
262803207917,98,12,receive,262800226065,2981852
262803208377,946,10,receive,262800242547,2965830
262803208824,118,9,receive,262800236043,2972781
262803209284,362,9,receive,262800187005,3022279
262803209733,848,9,receive,262800217401,2992332
262803271205,606,8,receive,262800084067,3187138
262803271645,820,11,receive,262800014188,3257457
262803272100,580,8,receive,262800242450,3029650
262803272542,70,9,receive,262800133069,3139473
262803272983,442,10,receive,262800233136,3039847
262803294088,194,3,receive,262800175513,3118575
262803294533,896,9,receive,262800172476,3122057
262803294966,578,11,receive,262800238264,3056702
262803342434,76,13,receive,262800304007,3038427
262803342857,940,9,receive,262800261750,3081107
262803343416,508,10,receive,262800307714,3035702
262803343853,488,9,receive,262800246655,3097198
262803344300,812,10,receive,262800313137,3031163
262803344741,104,9,receive,262800334318,3010423
262803345203,674,9,receive,262800337082,3008121
262803345646,388,11,receive,262800306801,3038845
262803414208,448,2,receive,262800334006,3080202
262803414659,840,12,receive,262800465006,2949653
262803415103,814,11,receive,262800403007,3012096
262803415541,288,10,receive,262800464791,2950750
262803415975,470,4,receive,262800438512,2977463
262803416440,868,9,receive,262800420924,2995516
262803416873,916,10,receive,262800458537,2958336
262803417323,892,11,receive,262800475899,2941424
262803491652,48,9,receive,262800440081,3051571
262803492124,930,11,receive,262800391751,3100373
262803492575,432,10,receive,262800476685,3015890
262803493037,762,10,receive,262800573707,2919330
262803493495,914,8,receive,262800542009,2951486
262803493942,578,12,receive,262800483672,3010270
262803494403,852,10,receive,262800615347,2879056
262803545163,352,10,receive,262800560205,2984958
262803545594,110,13,receive,262800569006,2976588
262803546037,102,9,receive,262800585504,2960533
262803546491,472,9,receive,262800627960,2918531
262803546937,930,12,receive,262800661685,2885252
262803547401,568,9,receive,262800610711,2936690
262803547842,182,2,receive,262800706297,2841545
262803599804,144,8,receive,262800657434,2942370
262803600270,180,2,receive,262800655786,2944484
262803600714,68,10,receive,262800663900,2936814
262803601166,58,12,receive,262800696130,2905036
262803601609,248,5,receive,262800780684,2820925
262803636926,356,12,receive,262800702158,2934768
262803637387,994,10,receive,262800786005,2851382
262803637837,926,10,receive,262800816095,2821742
262803684221,932,9,receive,262800706315,2977906
262803684642,432,11,receive,262800808073,2876569
262803685095,914,9,receive,262800782100,2902995
262803685546,362,11,receive,262800835462,2850084
262803685985,722,13,receive,262800836016,2849969
262803686441,884,11,receive,262800838198,2848243
262803686884,698,10,receive,262800824193,2862691
262803740390,146,9,receive,262800899866,2840524
262803740830,388,12,receive,262800867670,2873160
262803741299,674,11,receive,262800894188,2847111
262803741741,344,12,receive,262800936391,2805350
262803742199,10,10,receive,262800967699,2774500
262803742646,628,15,receive,262800963270,2779376
262803743099,202,11,receive,262800964009,2779090
262803743546,876,10,receive,262800845679,2897867
262803743995,12,10,receive,262800954007,2789988
262803814790,328,2,receive,262800960006,2854784
262803815357,568,10,receive,262801099005,2716352
262803815775,1000,11,receive,262801045008,2770767
262803820870,126,10,receive,262801100249,2720621
262803830027,670,13,receive,262801091354,2738673
262803838026,98,13,receive,262801108066,2729960
262803865280,436,3,receive,262801034722,2830558
262803865760,262,12,receive,262801073101,2792659
262803866239,918,12,receive,262801123582,2742657
262803866704,814,12,receive,262801048010,2818694
262803867188,180,4,receive,262801082307,2784881
262803867644,88,12,receive,262801141012,2726632
262803868116,236,10,receive,262801092072,2776044
262803868576,536,11,receive,262801139430,2729146
262803928049,806,9,receive,262801129068,2798981
262803928492,740,11,receive,262801094006,2834486
262803928922,554,2,receive,262801186006,2742916
262803929367,274,13,receive,262801262313,2667054
262803929803,930,13,receive,262801233455,2696348
262803930240,382,10,receive,262801273927,2656313
262803930683,148,10,receive,262801233935,2696748
262803977706,490,8,receive,262801158427,2819279
262803978166,866,12,receive,262801224730,2753436
262803978611,378,10,receive,262801346777,2631834
262803979068,994,12,receive,262801277317,2701751
262803979517,740,12,receive,262801303664,2675853
262803979939,502,9,receive,262801291011,2688928
262803980396,2,11,receive,262801337144,2643252
262803980835,210,10,receive,262801332099,2648736
262804027361,772,13,receive,262801320622,2706739
262804027815,838,14,receive,262801367009,2660806
262804028275,708,14,receive,262801438137,2590138
262804028728,388,13,receive,262801421827,2606901
262804029200,44,10,receive,262801433461,2595739
262804029650,226,10,receive,262801431677,2597973
262804030123,892,13,receive,262801398683,2631440
262804030573,96,12,receive,262801453814,2576759
262804087650,92,11,receive,262801426006,2661644
262804088127,406,9,receive,262801531631,2556496
262804088572,190,2,receive,262801465749,2622823
262804089020,614,11,receive,262801501751,2587269
262804089476,316,4,receive,262801536353,2553123
262804089922,696,1,receive,262801559138,2530784
262804090375,76,15,receive,262801514695,2575680
262804090822,768,13,receive,262801496986,2593836
262804142295,22,12,receive,262801548213,2594082
262804142738,594,13,receive,262801588765,2553973
262804143189,404,11,receive,262801555378,2587811
262804143629,926,11,receive,262801560077,2583552
262804144077,380,11,receive,262801638090,2505987
262804144528,694,2,receive,262801627410,2517118
262804144971,386,2,receive,262801602733,2542238
262804145425,782,13,receive,262801691145,2454280
262804145867,258,7,receive,262801624189,2521678
262804201798,58,13,receive,262801706622,2495176
262804202265,188,2,receive,262801674839,2527426
262804202719,392,12,receive,262801715740,2486979
262804203191,588,11,receive,262801579453,2623738
262804203650,2,12,receive,262801610466,2593184
262804220372,632,13,receive,262801650926,2569446
262804252166,678,13,receive,262801731006,2521160
262804252632,700,12,receive,262801752815,2499817
262804253097,84,12,receive,262801778080,2475017
262804253551,944,11,receive,262801784337,2469214
262804253996,268,4,receive,262801782195,2471801
262804254461,974,11,receive,262801763223,2491238
262804267060,232,7,receive,262801730688,2536372
262804267515,44,11,receive,262801765973,2501542
262804307590,192,2,receive,262801874507,2433083
262804308038,272,6,receive,262801886839,2421199
262804308478,538,13,receive,262801911141,2397337
262804308941,874,14,receive,262801911854,2397087
262804309392,442,13,receive,262801877743,2431649
262804309846,954,11,receive,262801794012,2515834
262804310318,744,12,receive,262801915816,2394502
262804310773,146,11,receive,262801914759,2396014
262804361244,610,11,receive,262801919693,2441551
262804361670,726,13,receive,262801987619,2374051
262804362110,582,13,receive,262801977423,2384687
262804362538,952,14,receive,262801968318,2394220
262804362961,324,5,receive,262801920930,2442031
262804363409,970,10,receive,262802001007,2362402
262804363858,304,2,receive,262802040803,2323055
262804364321,10,12,receive,262802013914,2350407
262804364773,696,2,receive,262801970641,2394132
262804428577,190,3,receive,262801979005,2449572
262804429035,136,10,receive,262802022037,2406998
262804429483,402,10,receive,262802021009,2408474
262804431391,968,10,receive,262802029266,2402125
262804431813,600,11,receive,262802042781,2389032
262804432258,236,11,receive,262802084174,2348084
262804445423,174,15,receive,262802097765,2347658
262804445846,658,9,receive,262802103846,2342000
262804478322,244,13,receive,262802105010,2373312
262804478778,180,5,receive,262802096192,2382586
262804479218,262,13,receive,262802085428,2393790
262804479655,950,15,receive,262802116375,2363280
262804487264,654,11,receive,262802139339,2347925
262804487693,320,5,receive,262802100475,2387218
262804488146,402,11,receive,262802222265,2265881
262804488577,806,11,receive,262802209005,2279572
262804530570,998,12,receive,262802215857,2314713
262804531083,390,12,receive,262802245005,2286078
262804556112,660,10,receive,262802197136,2358976
262804556546,956,14,receive,262802187923,2368623
262804556976,588,12,receive,262802161812,2395164
262804557437,220,10,receive,262802268249,2289188
262804570780,708,15,receive,262802278351,2292429
262804571235,210,12,receive,262802293945,2277290
262804583720,946,13,receive,262802218437,2365283
262804598154,942,11,receive,262802265526,2332628
262804598597,878,11,receive,262802302013,2296584
262804599040,384,14,receive,262802309306,2289734
262804599481,760,14,receive,262802246044,2353437
262804599923,58,14,receive,262802335605,2264318
262804626798,202,13,receive,262802396975,2229823
262804637257,974,12,receive,262802373244,2264013
262804676039,148,12,receive,262802408725,2267314
262804676481,270,1,receive,262802381523,2294958
262804676907,554,4,receive,262802397947,2278960
262804677350,990,12,receive,262802476535,2200815
262804679286,384,15,receive,262802477560,2201726
262804679716,868,12,receive,262802473006,2206710
