receive_timestamp,source_vehicle,message_id,event_type,send_timestamp,latency_us
409182587304,10,1,receive,409182587206,98
409182587559,16,1,receive,409182587267,292
409182587760,2,1,receive,409182587308,452
409182594321,12,1,receive,409182594226,95
409182595313,14,1,receive,409182595246,67
409182596274,22,1,receive,409182596168,106
409182596643,30,1,receive,409182596164,479
409182596995,8,1,receive,409182596197,798
409182598085,18,1,receive,409182596313,1772
409182598434,6,1,receive,409182597237,1197
409182598781,28,1,receive,409182597572,1209
409182598999,24,1,receive,409182598229,770
409202587592,2,2,receive,409202587434,158
409202594476,12,2,receive,409202594380,96
409204585647,26,2,receive,409204585471,176
409212585508,20,2,receive,409212585368,140
409215597537,6,2,receive,409215597408,129
409216585497,4,2,receive,409216585370,127
409216596555,18,2,receive,409216596463,92
