receive_timestamp,source_vehicle,message_id,event_type,send_timestamp,latency_us
262794769242,118,1,receive,262794639252,129990
262794769801,40,1,receive,262794639832,129969
262794770325,108,1,receive,262794640838,129487
262794770896,86,1,receive,262794641071,129825
262794795398,234,1,receive,262794641428,153970
262794795943,106,1,receive,262794641533,154410
262794893516,428,1,receive,262794641957,251559
262794894140,392,1,receive,262794641371,252769
262794894747,422,1,receive,262794642630,252117
262794895368,136,1,receive,262794642655,252713
262794895972,142,1,receive,262794643116,252856
262794896585,90,1,receive,262794644062,252523
262795040568,278,1,receive,262794645016,395552
262795041203,132,1,receive,262794645162,396041
262795041808,96,1,receive,262794645700,396108
262795042436,262,1,receive,262794646137,396299
262795043066,82,1,receive,262794647666,395400
262795043694,110,1,receive,262794648198,395496
262795166359,12,1,receive,262794651507,514852
262795167030,372,1,receive,262794651592,515438
262795167690,156,1,receive,262794652107,515583
262795168267,198,1,receive,262794652771,515496
262795168857,186,1,receive,262794653417,515440
262795267550,16,1,receive,262794654371,613179
262795268216,376,1,receive,262794656043,612173
262795268854,582,1,receive,262794656105,612749
262795293041,380,1,receive,262794656620,636421
262795293721,210,1,receive,262794657065,636656
262795390394,580,1,receive,262794657773,732621
262795391055,218,1,receive,262794659052,732003
262795391706,596,1,receive,262794659861,731845
262795392372,50,1,receive,262794660037,732335
262795393046,76,1,receive,262794660045,733001
262795393672,44,1,receive,262794661029,732643
262795527470,592,1,receive,262794664405,863065
262795528151,420,1,receive,262794665047,863104
262795528802,588,1,receive,262794665889,862913
262795529452,150,1,receive,262794668319,861133
262795530104,632,1,receive,262794668908,861196
262795641529,164,1,receive,262794669151,972378
262795642195,384,1,receive,262794669749,972446
262795642843,14,1,receive,262794650105,992738
262795643516,542,1,receive,262794672968,970548
262795644205,628,1,receive,262794676074,968131
262795644881,52,1,receive,262794677035,967846
262795759877,590,1,receive,262794679633,1080244
262795760582,170,1,receive,262794680405,1080177
262795761289,226,1,receive,262794680969,1080320
262795761985,364,1,receive,262794682340,1079645
262795762664,10,1,receive,262794651651,1111013
262795917374,88,1,receive,262794684352,1233022
262795918029,134,1,receive,262794684917,1233112
262795918700,358,1,receive,262794685038,1233662
262795919363,120,1,receive,262794685420,1233943
262795920035,758,1,receive,262794685979,1234056
262795920708,166,1,receive,262794688499,1232209
262796017864,208,1,receive,262794691855,1326009
262796018545,344,1,receive,262794693037,1325508
262796019217,832,1,receive,262794694048,1325169
262796019884,794,1,receive,262794695138,1324746
262796020547,442,1,receive,262794697452,1323095
262796130214,450,1,receive,262794698023,1432191
262796130968,162,1,receive,262794700773,1430195
262796131639,802,1,receive,262794702973,1428666
262796155203,812,1,receive,262794703956,1451247
262796155868,834,1,receive,262794704045,1451823
262796242195,126,1,receive,262794705053,1537142
262796242848,824,1,receive,262794709244,1533604
262796243523,818,1,receive,262794710825,1532698
262796244198,552,1,receive,262794712774,1531424
262796244832,752,1,receive,262794715035,1529797
262796345445,830,1,receive,262794719284,1626161
262796346121,480,1,receive,262794719296,1626825
262796346787,822,1,receive,262794719860,1626927
262796347465,618,1,receive,262794721795,1625670
262796451255,520,1,receive,262794730338,1720917
262796451904,630,1,receive,262794730659,1721245
262796452551,500,1,receive,262794731099,1721452
262796457747,526,1,receive,262794732762,1724985
262796458426,348,1,receive,262794733707,1724719
262796561095,508,1,receive,262794734772,1826323
262796561770,836,1,receive,262794737218,1824552
262796562449,792,1,receive,262794738039,1824410
262796563123,762,1,receive,262794738054,1825069
262796563743,820,1,receive,262794738579,1825164
262796658415,168,1,receive,262794739068,1919347
262796659095,454,1,receive,262794739055,1920040
262796659771,354,1,receive,262794739204,1920567
262796660448,840,1,receive,262794739718,1920730
262796754976,388,1,receive,262794699467,2055509
262796755643,488,1,receive,262794741721,2013922
262796756322,92,1,receive,262794651844,2104478
262796756994,816,1,receive,262794745511,2011483
262796757677,202,1,receive,262794745539,2012138
262796856139,244,1,receive,262794745732,2110407
262796856785,212,1,receive,262794749217,2107568
262796857454,432,1,receive,262794657302,2200152
262796858101,178,1,receive,262794679202,2178899
262796858732,352,1,receive,262794747193,2111539
262796969757,610,1,receive,262794753207,2216550
262796970415,634,1,receive,262794756062,2214353
262796971068,540,1,receive,262794759061,2212007
262796971702,786,1,receive,262794759277,2212425
262797007753,494,1,receive,262794759442,2248311
262797078585,482,1,receive,262794759783,2318802
262797079256,838,1,receive,262794760973,2318283
262797079930,736,1,receive,262794761059,2318871
262797080604,712,1,receive,262794765916,2314688
262797189094,606,1,receive,262794767049,2422045
262797189745,594,1,receive,262794771037,2418708
262797190370,62,1,receive,262794771460,2418910
262797191013,236,1,receive,262794669024,2521989
262797191690,356,1,receive,262794775038,2416652
262797192349,724,1,receive,262794775084,2417265
262797318255,722,1,receive,262794775712,2542543
262797318938,788,1,receive,262794776734,2542204
262797319624,638,1,receive,262794777049,2542575
262797320316,466,1,receive,262794779063,2541253
262797422290,754,1,receive,262794779855,2642435
262797422987,744,1,receive,262794782098,2640889
262797423680,718,1,receive,262794784101,2639579
262797437694,58,1,receive,262794634580,2803114
262797438383,852,1,receive,262794785938,2652445
262797553077,842,1,receive,262794787098,2765979
262797553775,140,1,receive,262794705034,2848741
262797554477,874,1,receive,262794790712,2763765
262797555167,608,1,receive,262794791047,2764120
262797555844,740,1,receive,262794791185,2764659
262797652816,862,1,receive,262794791404,2861412
262797653512,586,1,receive,262794773034,2880478
262797654186,680,1,receive,262794800964,2853222
262797654846,556,1,receive,262794801210,2853636
262797655508,80,1,receive,262794753077,2902431
262797781973,810,1,receive,262794800687,2981286
262797782663,682,1,receive,262794803273,2979390
262797783355,848,1,receive,262794804357,2978998
262797784047,688,1,receive,262794805146,2978901
262797784730,670,1,receive,262794805425,2979305
262797899523,706,1,receive,262794805754,3093769
262797900201,532,1,receive,262794804039,3096162
262797900857,866,1,receive,262794807290,3093567
262797925104,846,1,receive,262794808433,3116671
262797925727,700,1,receive,262794808661,3117066
262798008660,666,1,receive,262794808832,3199828
262798009380,726,1,receive,262794809152,3200228
262798010060,886,1,receive,262794809654,3200406
262798010733,280,1,receive,262794804038,3206695
262798011416,534,1,receive,262794810019,3201397
262798134116,742,1,receive,262794810046,3324070
262798134790,734,1,receive,262794805975,3328815
262798135469,738,1,receive,262794804564,3330905
262798156392,578,1,receive,262794813571,3342821
262798157041,614,1,receive,262794818064,3338977
262798157693,766,1,receive,262794818592,3339101
262798269883,814,1,receive,262794819547,3450336
262798270566,760,1,receive,262794820818,3449748
262798271221,620,1,receive,262794817830,3453391
262798271876,864,1,receive,262794816273,3455603
262798272537,612,1,receive,262794824582,3447955
262798404209,768,1,receive,262794826059,3578150
262798404853,890,1,receive,262794828041,3576812
262798405514,472,1,receive,262794824203,3581311
262798406159,902,1,receive,262794828444,3577715
262798445510,878,1,receive,262794829373,3616137
262798528031,558,1,receive,262794826751,3701280
262798528684,882,1,receive,262794827769,3700915
262798529321,730,1,receive,262794831114,3698207
262798529993,780,1,receive,262794831798,3698195
262798564659,32,1,receive,262794664030,3900629
262798655108,174,1,receive,262794707028,3948080
262798655777,538,1,receive,262794831395,3824382
262798656463,774,1,receive,262794834551,3821912
262798657136,782,1,receive,262794831156,3825980
262798657801,636,1,receive,262794835757,3822044
262798773744,230,1,receive,262794836017,3937727
262798774402,568,1,receive,262794828903,3945499
262798775048,276,1,receive,262794718788,4056260
262798775689,184,1,receive,262794837518,3938171
262798776336,888,1,receive,262794838015,3938321
262798916022,708,1,receive,262794823509,4092513
262798916691,704,1,receive,262794836511,4080180
262798917373,536,1,receive,262794827439,4089934
262798989527,884,1,receive,262794818675,4170852
262798990206,880,1,receive,262794828803,4161403
262798990846,856,1,receive,262794841630,4149216
262798991521,674,1,receive,262794842731,4148790
262798992193,678,1,receive,262794849031,4143162
262798992842,868,1,receive,262794833809,4159033
262799104388,698,1,receive,262794848604,4255784
262799105056,806,1,receive,262794853081,4251975
262799105731,778,1,receive,262794855512,4250219
262799106405,720,1,receive,262794843242,4263163
262799222587,844,1,receive,262794842017,4380570
262799223259,900,1,receive,262794839300,4383959
262799223906,464,1,receive,262794827781,4396125
262799234974,804,1,receive,262794860983,4373991
262799235649,444,1,receive,262794861645,4374004
262799322329,790,1,receive,262794850137,4472192
262799322992,896,1,receive,262794858653,4464339
262799323663,870,1,receive,262794831029,4492634
262799324332,912,1,receive,262794858038,4466294
262799324984,116,1,receive,262794852130,4472854
262799325631,716,1,receive,262794853883,4471748
262799477484,876,1,receive,262794852260,4625224
262799478175,732,1,receive,262794852037,4626138
262799478821,854,1,receive,262794864460,4614361
262799479489,914,1,receive,262794874858,4604631
262799480163,828,1,receive,262794871988,4608175
262799595815,910,1,receive,262794873486,4722329
262799596472,892,1,receive,262794863422,4733050
262799597134,600,1,receive,262794874615,4722519
262799597810,924,1,receive,262794879157,4718653
262799598470,124,2,receive,262794780600,4817870
262799719610,918,1,receive,262794884191,4835419
262799720295,858,1,receive,262794875062,4845233
262799720970,628,2,receive,262794887482,4833488
262799721650,222,1,receive,262794858074,4863576
262799722321,826,1,receive,262794888886,4833435
262799850508,908,1,receive,262794887953,4962555
262799851179,916,1,receive,262794895909,4955270
262799851848,898,1,receive,262794897612,4954236
262799852510,206,1,receive,262794894084,4958426
262799853164,906,1,receive,262794896323,4956841
262799853799,176,1,receive,262794885163,4968636
262799965729,850,1,receive,262794880639,5085090
262799966405,702,1,receive,262794859037,5107368
262799967094,920,1,receive,262794906037,5061057
262799967773,904,1,receive,262794898967,5068806
262799968449,104,1,receive,262794693040,5275409
262800087492,894,1,receive,262794910035,5177457
262800088160,714,1,receive,262794869932,5218228
262800088820,432,2,receive,262794897567,5191253
262800089484,362,1,receive,262794890412,5199072
262800090144,74,2,receive,262794891949,5198195
262800206033,138,1,receive,262794906230,5299803
262800206739,872,1,receive,262794868647,5338092
262800207442,926,1,receive,262794922243,5285199
262800208136,860,1,receive,262794864783,5343353
262800208792,928,1,receive,262794926348,5282444
262800317355,922,1,receive,262794927383,5389972
262800318051,442,2,receive,262794921009,5397042
262800318706,172,1,receive,262794871811,5446895
262800319395,152,1,receive,262794921274,5398121
262800320078,820,2,receive,262794926445,5393633
262800320761,562,1,receive,262794948009,5372752
262800434961,378,1,receive,262794945663,5489298
262800435625,114,1,receive,262794899455,5536170
262800436283,758,2,receive,262794953280,5483003
262800436924,110,2,receive,262794921860,5515064
262800437602,148,1,receive,262794843310,5594292
262800554132,772,1,receive,262794960625,5593507
262800554783,212,2,receive,262794923249,5631534
262800555420,354,2,receive,262794884812,5670608
262800556078,938,1,receive,262794965518,5590560
262800595601,736,2,receive,262794901012,5694589
262800673288,934,1,receive,262794966837,5706451
262800673969,580,2,receive,262794955918,5718051
262800674654,888,2,receive,262794981489,5693165
262800684232,956,1,receive,262794984049,5700183
262800684908,508,2,receive,262794961472,5723436
262800770330,262,2,receive,262794986507,5783823
262800770973,962,1,receive,262794987230,5783743
262800771623,220,1,receive,262794979264,5792359
262800772287,838,2,receive,262794990251,5782036
262800772934,930,1,receive,262794990426,5782508
262800857924,700,2,receive,262794990760,5867164
262800858588,418,1,receive,262794895366,5963222
262800859267,12,2,receive,262794920545,5938722
262800859943,958,1,receive,262794999239,5860704
262800943251,964,1,receive,262795001085,5942166
262800943928,954,1,receive,262795002131,5941797
262800944598,948,1,receive,262795005276,5939322
262800945283,950,1,receive,262795006730,5938553
262800945929,944,1,receive,262795008940,5936989
262800946613,952,1,receive,262795010977,5935636
262801063461,358,2,receive,262795011078,6052383
262801064129,942,1,receive,262795012579,6051550
262801064786,20,2,receive,262794917166,6147620
262801065446,946,1,receive,262795013041,6052405
262801066104,404,1,receive,262795004819,6061285
262801066758,960,1,receive,262795017037,6049721
262801174027,162,2,receive,262795004120,6169907
262801174679,586,2,receive,262795027329,6147350
262801175350,132,2,receive,262794906265,6269085
262801176038,160,2,receive,262795016847,6159191
262801176706,918,2,receive,262795049131,6127575
262801270422,794,2,receive,262795023196,6247226
262801271086,112,2,receive,262795056133,6214953
262801271699,976,1,receive,262795073341,6198358
262801272367,702,2,receive,262795104028,6168339
262801273053,790,2,receive,262795139013,6134040
262801370856,890,2,receive,262795181759,6189097
262801371503,848,2,receive,262795104007,6267496
262801372158,736,3,receive,262795155175,6216983
262801372816,262,3,receive,262795303009,6069807
262801444996,958,2,receive,262795271506,6173490
262801445659,618,2,receive,262795192141,6253518
262801446569,590,2,receive,262795291956,6154613
262801468833,508,3,receive,262795299362,6169471
262801469523,956,2,receive,262795347798,6121725
262801529442,112,3,receive,262795227563,6301879
262801530127,794,3,receive,262795349072,6181055
262801530812,610,2,receive,262795387010,6143802
262801531511,354,4,receive,262795405501,6126010
262801532197,110,3,receive,262795414267,6117930
262801532864,382,2,receive,262795487989,6044875
262801633373,912,2,receive,262795505242,6128131
262801634054,206,2,receive,262795518078,6115976
262801634741,76,3,receive,262795473568,6161173
262801635427,838,3,receive,262795469159,6166268
262801727301,582,2,receive,262795620067,6107234
262801727998,818,2,receive,262795633105,6094893
262801728684,894,2,receive,262795629083,6099601
262801729362,168,3,receive,262795657536,6071826
262801730031,782,2,receive,262795595033,6134998
262801730693,18,2,receive,262795554865,6175828
262801820704,100,2,receive,262795762006,6058698
262801821399,52,3,receive,262795705088,6116311
262801822094,136,2,receive,262795751005,6071089
262801822759,466,3,receive,262795708006,6114753
262801899998,788,3,receive,262795706080,6193918
262801900666,20,3,receive,262795910739,5989927
262801901349,64,3,receive,262795871590,6029759
262801901997,568,3,receive,262795936650,5965347
262801944653,432,4,receive,262795942090,6002563
262802007662,874,3,receive,262795868705,6138957
262802008329,740,2,receive,262795879429,6128900
262802009014,976,3,receive,262796009550,5999464
262802009705,636,2,receive,262795923519,6086186
262802010396,856,2,receive,262795887511,6122885
262802125099,758,4,receive,262795999934,6125165
262802125797,900,3,receive,262796026714,6099083
262802126493,938,4,receive,262796114143,6012350
262802127183,964,3,receive,262796067010,6060173
262802127863,556,4,receive,262795944683,6183180
262802252568,894,3,receive,262796077084,6175484
262802253238,232,1,receive,262796162729,6090509
262802253897,558,4,receive,262796202006,6051891
262802254558,832,3,receive,262796192006,6062552
262802255280,122,3,receive,262796248761,6006519
262802255939,72,3,receive,262796194806,6061133
262802355631,390,2,receive,262796236387,6119244
262802356322,74,4,receive,262796328577,6027745
262802356980,950,4,receive,262796350646,6006334
262802357626,922,3,receive,262796242156,6115470
262802358325,454,3,receive,262796282597,6075728
262802358994,170,4,receive,262796396475,5962519
262802448684,724,3,receive,262796447734,6000950
262802449358,136,3,receive,262796421005,6028353
262802450060,358,5,receive,262796371005,6079055
262802450713,790,4,receive,262796425008,6025705
262802451390,42,5,receive,262796555201,5896189
262802540352,526,4,receive,262796575197,5965155
262802541023,378,3,receive,262796559141,5981882
262802541680,428,5,receive,262796514821,6026859
262802550236,936,3,receive,262796492740,6057496
262802550895,882,3,receive,262796640121,5910774
262802551553,974,4,receive,262796623251,5928302
262802637256,358,6,receive,262796634257,6002999
262802637912,964,4,receive,262796671535,5966377
262802638589,856,3,receive,262796690013,5948576
262802639276,212,5,receive,262796731916,5907360
262802639953,380,4,receive,262796719458,5920495
