receive_timestamp,source_vehicle,message_id,event_type,send_timestamp,latency_us
373390282,82,1,receive,373253177,137105
373390757,72,3,receive,373236969,153788
373391266,156,2,receive,373254574,136692
373391646,8,3,receive,373254823,136823
373392052,126,1,receive,373255577,136475
373392588,40,3,receive,373255919,136669
373393025,74,4,receive,373256025,137000
373393436,6,3,receive,373245051,148385
373393849,168,1,receive,373256251,137598
373394265,128,2,receive,373258107,136158
373394673,186,2,receive,373259077,135596
373395096,4,4,receive,373258886,136210
373395517,12,3,receive,373259914,135603
373395925,32,2,receive,373250011,145914
373396332,92,1,receive,373260118,136214
373396760,104,1,receive,373260181,136579
373397179,114,2,receive,373260429,136750
373397555,172,1,receive,373260499,137056
373399032,66,6,receive,373256207,142825
373399436,144,1,receive,373260632,138804
373399846,8,4,receive,373257755,142091
374077408,112,1,receive,373262148,815260
374077968,40,4,receive,373262494,815474
374078428,206,1,receive,373262711,815717
374078878,96,1,receive,373262913,815965
374079330,150,1,receive,373264523,814807
374079774,208,2,receive,373264969,814805
374080239,14,6,receive,373264854,815385
374080693,590,1,receive,373266097,814596
374081134,14,7,receive,373267806,813328
374308131,140,1,receive,373270021,1038110
374308593,22,1,receive,373270029,1038564
374309145,18,1,receive,373270036,1039109
374309604,202,2,receive,373270712,1038892
374310063,60,1,receive,373270683,1039380
374310522,160,1,receive,373270910,1039612
374310972,20,4,receive,373261219,1049753
374311436,590,2,receive,373272425,1039011
374311888,172,2,receive,373273789,1038099
374312345,128,3,receive,373275202,1037143
374540029,456,1,receive,373276083,1263946
374540499,196,2,receive,373276902,1263597
374541086,188,1,receive,373276852,1264234
374541552,110,2,receive,373277086,1264466
374542311,184,3,receive,373277380,1264931
374542787,162,1,receive,373277349,1265438
374543259,20,5,receive,373276963,1266296
374543726,12,4,receive,373278229,1265497
374544198,164,1,receive,373272121,1272077
374798127,394,1,receive,373278752,1519375
374798593,82,2,receive,373266117,1532476
374799189,34,5,receive,373244407,1554782
374799894,40,5,receive,373278855,1521039
374800356,230,1,receive,373279031,1521325
374800810,492,1,receive,373279049,1521761
374801295,570,1,receive,373279141,1522154
374802186,36,1,receive,373280391,1521795
374802640,152,2,receive,373281154,1521486
375050030,88,2,receive,373263989,1786041
375050487,52,3,receive,373248117,1802370
375051069,154,1,receive,373286200,1764869
375051538,186,3,receive,373272645,1778893
375051987,196,3,receive,373287096,1764891
375052440,114,3,receive,373287285,1765155
375052912,96,2,receive,373287418,1765494
375053404,76,3,receive,373251724,1801680
375053847,590,3,receive,373289408,1764439
375054274,636,1,receive,373289341,1764933
375277666,778,1,receive,373289648,1988018
375278135,86,1,receive,373290793,1987342
375278692,98,1,receive,373291041,1987651
375279164,868,1,receive,373291114,1988050
375279631,590,4,receive,373292667,1986964
375280106,104,2,receive,373292892,1987214
375280572,90,2,receive,373293038,1987534
375281052,778,2,receive,373293094,1987958
375281523,432,1,receive,373294811,1986712
375282036,68,1,receive,373294917,1987119
375517709,346,1,receive,373295462,2222247
375518180,320,1,receive,373296620,2221560
375518766,108,2,receive,373288603,2230163
375519222,84,1,receive,373282609,2236613
375519695,84,2,receive,373297268,2222427
375520162,302,1,receive,373297189,2222973
375520632,612,1,receive,373297315,2223317
375521090,150,2,receive,373297382,2223708
375521542,974,1,receive,373292613,2228929
375521988,674,1,receive,373297959,2224029
375762796,106,2,receive,373298141,2464655
375765858,778,3,receive,373298369,2467489
375766887,104,3,receive,373300144,2466743
376000531,98,2,receive,373301015,2699516
376001007,152,3,receive,373301213,2699794
376001558,384,1,receive,373301901,2699657
376001953,86,2,receive,373303095,2698858
376002436,448,1,receive,373303372,2699064
376002841,486,1,receive,373304542,2698299
376003312,42,3,receive,373242320,2760992
376003715,426,1,receive,373306585,2697130
376004204,160,2,receive,373306687,2697517
376004617,634,1,receive,373308105,2696512
376005062,408,1,receive,373308867,2696195
376247961,870,1,receive,373309486,2938475
376248454,210,1,receive,373310039,2938415
376249010,26,4,receive,373245006,3004004
376249421,114,4,receive,373311673,2937748
376249835,64,3,receive,373282318,2967517
376250314,30,1,receive,373312619,2937695
376250729,196,4,receive,373313394,2937335
376251214,408,2,receive,373314436,2936778
376251622,974,2,receive,373314787,2936835
376252053,140,2,receive,373316070,2935983
376252484,104,4,receive,373316474,2936010
376495291,184,4,receive,373316662,3178629
376496625,166,1,receive,373316885,3179740
376497204,128,4,receive,373317077,3180127
376497663,790,1,receive,373318464,3179199
376498144,798,1,receive,373318566,3179578
376498604,50,1,receive,373318434,3180170
376499056,196,5,receive,373318774,3180282
376499514,54,1,receive,373318997,3180517
376499988,18,2,receive,373320016,3179972
376500484,202,3,receive,373294291,3206193
376741903,80,1,receive,373322157,3419746
376742379,86,3,receive,373322441,3419938
376743001,400,1,receive,373323456,3419545
376743498,122,1,receive,373296841,3446657
376743970,158,1,receive,373304081,3439889
376744428,230,2,receive,373326675,3417753
376744890,320,2,receive,373327062,3417828
376745431,98,3,receive,373323391,3422040
376745898,384,2,receive,373330017,3415881
376979725,252,1,receive,373331018,3648707
376980187,634,2,receive,373331441,3648746
376980746,632,1,receive,373332263,3648483
376981209,118,1,receive,373332253,3648956
376981694,6,4,receive,373278304,3703390
376982164,90,3,receive,373332855,3649309
376982636,818,1,receive,373332891,3649745
376983084,90,4,receive,373333221,3649863
376983540,400,2,receive,373333307,3650233
377192280,150,3,receive,373334297,3857983
377192732,44,5,receive,373273715,3919017
377193293,154,2,receive,373334689,3858604
377193743,486,2,receive,373334774,3858969
377194187,758,1,receive,373334743,3859444
377194631,182,3,receive,373296292,3898339
377195084,206,2,receive,373335639,3859445
377195538,972,1,receive,373336349,3859189
377195988,798,2,receive,373336605,3859383
377196437,728,1,receive,373337175,3859262
377417873,152,4,receive,373321810,4096063
377418327,58,4,receive,373280331,4137996
377418882,670,1,receive,373337448,4081434
377419350,132,1,receive,373337427,4081923
377419817,766,1,receive,373337608,4082209
377420279,84,3,receive,373324172,4096107
377420735,312,1,receive,373339142,4081593
377421174,312,2,receive,373339616,4081558
377421621,100,1,receive,373257727,4163894
377422067,96,3,receive,373340772,4081295
377657174,274,1,receive,373342284,4314890
377657660,204,1,receive,373342449,4315211
377658216,188,2,receive,373340656,4317560
377658673,426,2,receive,373343822,4314851
377659130,408,3,receive,373344177,4314953
377659596,338,1,receive,373344313,4315283
377660075,18,3,receive,373343300,4316775
377660524,12,5,receive,373315677,4344847
377660980,138,1,receive,373345262,4315718
377661436,626,1,receive,373345494,4315942
377886140,110,3,receive,373345744,4540396
377886594,590,5,receive,373345797,4540797
377887236,782,1,receive,373346124,4541112
377887688,160,3,receive,373346421,4541267
377888140,290,1,receive,373311159,4576981
377888619,964,1,receive,373346825,4541794
377889077,96,4,receive,373346856,4542221
377889531,432,2,receive,373347684,4541847
377889973,670,2,receive,373349026,4540947
377890469,632,2,receive,373350024,4540445
378118864,106,3,receive,373351343,4767521
378119342,708,1,receive,373351772,4767570
378119917,158,2,receive,373351916,4768001
378120410,150,4,receive,373352784,4767626
378120876,284,1,receive,373353815,4767061
378121340,70,5,receive,373288342,4832998
378121837,868,2,receive,373354805,4767032
378122314,426,3,receive,373354781,4767533
378122783,730,1,receive,373355393,4767390
378351327,206,3,receive,373355353,4995974
378351717,1000,1,receive,373355649,4996068
378352211,382,1,receive,373356097,4996114
378352659,320,3,receive,373357048,4995611
378353041,80,2,receive,373357455,4995586
378353425,36,2,receive,373357977,4995448
378353807,56,3,receive,373241375,5112432
378354286,490,1,receive,373358269,4996017
378354691,400,3,receive,373358854,4995837
378355137,554,1,receive,373359320,4995817
378355504,598,1,receive,373359649,4995855
378527618,104,5,receive,373360476,5167142
378528101,212,1,receive,373360429,5167672
378528710,818,2,receive,373360893,5167817
378529166,128,5,receive,373361359,5167807
378529649,190,1,receive,373362713,5166936
378530127,764,1,receive,373362713,5167414
378530602,210,2,receive,373363083,5167519
378531057,230,3,receive,373364522,5166535
378531541,778,4,receive,373364429,5167112
378702777,592,1,receive,373364608,5338169
378703218,488,1,receive,373367149,5336069
378703753,426,4,receive,373367583,5336170
378704221,332,1,receive,373367726,5336495
378704691,354,1,receive,373368455,5336236
378705136,114,5,receive,373368894,5336242
378705589,582,1,receive,373368957,5336632
378706037,86,4,receive,373369044,5336993
378706502,640,1,receive,373369448,5337054
378706953,166,2,receive,373358761,5348192
378891412,300,1,receive,373370044,5521368
378891869,192,1,receive,373370182,5521687
378892437,712,1,receive,373370313,5522124
378892932,486,3,receive,373371338,5521594
378893398,130,3,receive,373309045,5584353
378893871,524,1,receive,373374149,5519722
378894342,130,4,receive,373373933,5520409
378894798,530,1,receive,373374600,5520198
378895255,436,1,receive,373374829,5520426
379062564,130,5,receive,373375029,5687535
379063032,636,2,receive,373376013,5687019
379063615,90,5,receive,373376866,5686749
379064063,508,1,receive,373376887,5687176
379064531,130,6,receive,373376476,5688055
379064986,972,2,receive,373377276,5687710
379065437,426,5,receive,373377644,5687793
379065894,634,3,receive,373378345,5687549
379066470,918,1,receive,373378463,5688007
379258976,618,1,receive,373379066,5879910
379259440,166,3,receive,373380013,5879427
379259991,112,2,receive,373285041,5974950
379260464,196,6,receive,373381922,5878542
379260925,868,3,receive,373382063,5878862
379261390,8,5,receive,373278178,5983212
379261839,90,6,receive,373382316,5879523
379262292,400,4,receive,373382781,5879511
379262769,340,1,receive,373296934,5965835
379402696,486,4,receive,373383975,6018721
379403152,432,3,receive,373383008,6020144
379403734,126,2,receive,373305048,6098686
379404196,222,1,receive,373375932,6028264
379404655,316,1,receive,373386209,6018446
379405136,486,5,receive,373386787,6018349
379405669,730,2,receive,373387278,6018391
379406153,2,5,receive,373273391,6132762
379406632,154,3,receive,373388709,6017923
379554533,734,1,receive,373389539,6164994
379554986,444,1,receive,373334200,6220786
379555549,436,2,receive,373390018,6165531
379556095,638,1,receive,373371725,6184370
379556567,492,2,receive,373390020,6166547
379557070,366,1,receive,373390145,6166925
379557578,618,2,receive,373390437,6167141
379558052,62,4,receive,373250337,6307715
379558522,774,1,receive,373390624,6167898
379701579,756,1,receive,373390885,6310694
379702044,554,2,receive,373391272,6310772
379702608,196,7,receive,373391318,6311290
379703063,678,1,receive,373391717,6311346
379703607,964,2,receive,373391772,6311835
379704053,724,1,receive,373392160,6311893
379704509,64,4,receive,373354344,6350165
379704975,488,2,receive,373393759,6311216
379705432,798,3,receive,373393968,6311464
379705904,320,4,receive,373394395,6311509
379864706,222,2,receive,373395466,6469240
379865181,778,5,receive,373395541,6469640
379865743,778,6,receive,373395881,6469862
379866204,32,3,receive,373285087,6581117
379866657,206,4,receive,373396720,6469937
379867122,336,1,receive,373396941,6470181
379867581,2,6,receive,373393761,6473820
379868035,766,2,receive,373397603,6470432
379868492,352,1,receive,373355333,6513159
380009371,164,2,receive,373287511,6721860
380009932,434,1,receive,373398867,6611065
380010411,804,1,receive,373398932,6611479
380010884,456,2,receive,373399942,6610942
380011345,858,1,receive,373343766,6667579
380011803,612,2,receive,373391742,6620061
380012272,150,5,receive,373400589,6611683
380012745,560,1,receive,373401198,6611547
380013205,330,1,receive,373400981,6612224
380153121,204,2,receive,373401651,6751470
380153619,564,1,receive,373401672,6751947
380154216,222,3,receive,373402437,6751779
380154710,778,7,receive,373402673,6752037
380155193,230,4,receive,373403215,6751978
380155790,586,1,receive,373403229,6752561
380156266,670,3,receive,373403888,6752378
380156751,982,1,receive,373404064,6752687
380157225,592,2,receive,373404299,6752926
380298284,554,3,receive,373404704,6893580
380298755,994,1,receive,373404655,6894100
380299314,634,4,receive,373405133,6894181
380299778,634,5,receive,373405599,6894179
380300263,426,6,receive,373405950,6894313
380300739,964,3,receive,373407361,6893378
380301213,316,2,receive,373407547,6893666
380301712,844,1,receive,373407892,6893820
380302185,586,2,receive,373408806,6893379
380429043,566,1,receive,373360373,7068670
380429513,482,1,receive,373410119,7019394
380430074,370,1,receive,373410438,7019636
380430574,836,1,receive,373411253,7019321
380431032,836,2,receive,373411872,7019160
380431770,54,2,receive,373411868,7019902
380432260,150,6,receive,373412059,7020201
380432756,252,2,receive,373415349,7017407
380433225,312,3,receive,373415998,7017227
380556842,448,2,receive,373327134,7229708
380557387,238,1,receive,373416159,7141228
380558015,312,4,receive,373416340,7141675
380558485,396,1,receive,373416732,7141753
380558939,868,4,receive,373416750,7142189
380559444,640,2,receive,373417199,7142245
380559927,318,1,receive,373417412,7142515
380560573,746,1,receive,373420030,7140543
380681560,530,2,receive,373420076,7261484
380682107,192,2,receive,373420126,7261981
380682754,810,1,receive,373420516,7262238
380683211,502,1,receive,373422960,7260251
380683728,802,7,receive,374050738,6632990
380684237,674,3,receive,373897160,6787077
380684726,648,3,receive,373898620,6786106
380685187,730,8,receive,373610121,7075066
380686026,272,7,receive,373862686,6823340
380802268,1000,6,receive,373714862,7087406
380802912,788,2,receive,373563232,7239680
380803460,756,4,receive,373579824,7223636
380804359,970,4,receive,373752127,7052232
380804836,484,1,receive,373418856,7385980
380805303,380,4,receive,374071144,6734159
380805902,472,4,receive,374083342,6722560
380806429,386,8,receive,374089838,6716591
380916134,990,3,receive,374165718,6750416
380916563,380,5,receive,374310704,6605859
380917103,14,12,receive,374097321,6819782
380917522,830,2,receive,374100727,6816795
380917949,494,2,receive,374089855,6828094
380918345,382,8,receive,374107065,6811280
380918734,86,7,receive,374107698,6811036
380919121,590,7,receive,373969442,6949679
380919510,264,12,receive,374335365,6584145
380919961,578,6,receive,374344826,6575135
380920377,552,4,receive,374359957,6560420
381031922,472,5,receive,374345357,6686565
381032432,38,8,receive,374351324,6681108
381033122,70,9,receive,374329684,6703438
381034004,814,6,receive,374332270,6701734
381034519,70,10,receive,374545018,6489501
381035021,910,5,receive,374586588,6448433
381035509,680,6,receive,374580668,6454841
381036014,144,7,receive,374602311,6433703
381036520,346,10,receive,374603248,6433272
381153011,262,5,receive,374612943,6540068
381153569,132,7,receive,374585379,6568190
381154173,506,12,receive,374564104,6590069
381154854,182,8,receive,374568460,6586394
381155383,704,5,receive,374577460,6577923
381155903,936,6,receive,374818847,6337056
381156419,936,7,receive,375051779,6104640
381156965,190,8,receive,374810462,6346503
381157484,494,5,receive,374847087,6310397
381157986,88,8,receive,374783940,6374046
381269999,852,12,receive,374845851,6424148
381270546,6,11,receive,374835653,6434893
381271004,6,12,receive,375053778,6217226
381271427,262,6,receive,374851868,6419559
381271823,878,12,receive,374633313,6638510
381272264,202,12,receive,375051657,6220607
381272662,936,8,receive,375095148,6177514
381273091,174,7,receive,375076304,6196787
381273519,914,10,receive,375026001,6247518
381274067,14,16,receive,375070845,6203222
381367996,328,6,receive,375053983,6314013
381368501,852,14,receive,375281207,6087294
381369597,712,12,receive,375281048,6088549
381370410,636,11,receive,375108510,6261900
381370930,132,9,receive,375063294,6307636
381371432,210,11,receive,375270062,6101370
381373048,92,11,receive,375300765,6072283
381487409,446,9,receive,375312754,6174655
381488268,88,10,receive,375313079,6175189
381489194,360,8,receive,375319601,6169593
381490118,420,10,receive,375288305,6201813
381490771,748,10,receive,375319259,6171512
381491332,712,13,receive,375285978,6205354
381492052,964,16,receive,375316368,6175684
381575066,146,9,receive,375295909,6279157
381575628,88,11,receive,375557481,6018147
381576200,14,18,receive,375522245,6053955
381576720,916,9,receive,375552570,6024150
381579156,174,10,receive,375790727,5788429
381579850,374,10,receive,375708299,5871551
381651210,598,14,receive,375799064,5852146
381651801,580,13,receive,375773598,5878203
381652301,274,14,receive,375771214,5881087
381652789,420,13,receive,376002825,5649964
381653285,258,8,receive,375665421,5987864
381653750,904,12,receive,375806835,5846915
381654242,304,10,receive,375808640,5845602
381654739,120,12,receive,375813904,5840835
381655226,892,13,receive,375782202,5873024
381746182,304,12,receive,376248422,5497760
381746991,362,17,receive,376024311,5722680
381747615,770,13,receive,376005661,5741954
381748117,210,15,receive,376038253,5709864
381748626,826,12,receive,376023723,5724903
381749165,458,15,receive,376027570,5721595
381749831,382,16,receive,376055903,5693928
381750342,418,19,receive,376052501,5697841
381750831,774,15,receive,376036476,5714355
381828498,586,13,receive,376020352,5808146
381829042,904,13,receive,376053632,5775410
381829714,922,13,receive,376240704,5589010
381830240,446,13,receive,376283664,5546576
381830767,2,22,receive,376287062,5543705
381831302,466,12,receive,376291993,5539309
381831914,460,16,receive,376273683,5558231
381832446,18,15,receive,376302724,5529722
381833710,460,17,receive,376499838,5333872
381904803,458,16,receive,376281004,5623799
381905755,550,11,receive,376287361,5618394
381906505,806,17,receive,376249452,5657053
381907151,446,14,receive,376515532,5391619
381907673,666,14,receive,376523659,5384014
381908211,172,17,receive,376510357,5397854
381908980,388,15,receive,376525321,5383659
381999383,216,12,receive,376533757,5465626
381999879,716,17,receive,376462768,5537111
382000500,720,11,receive,376516079,5484421
382001321,388,16,receive,376745505,5255816
382003057,836,18,receive,376580266,5422791
382003950,980,15,receive,376757102,5246848
382004458,270,18,receive,376777359,5227099
382004955,752,15,receive,376763318,5241637
382075520,28,18,receive,376761891,5313629
382076112,976,13,receive,376768906,5307206
382076951,720,12,receive,376779788,5297163
382077471,762,19,receive,376789819,5287652
382078004,842,19,receive,376755248,5322756
382078520,202,20,receive,376734870,5343650
382079010,374,15,receive,376976528,5102482
382079541,144,19,receive,377194215,4885326
382080224,510,18,receive,376864777,5215447
382080763,632,18,receive,377194529,4886234
382156815,128,21,receive,376985875,5170940
382157357,52,21,receive,376983666,5173691
382157983,964,24,receive,376968136,5189847
382158492,76,19,receive,376971580,5186912
382159007,302,12,receive,376947576,5211431
382159522,636,22,receive,376988881,5170641
382160045,716,20,receive,377206893,4953152
382160556,552,17,receive,377222182,4938374
382161066,70,23,receive,377191021,4970045
382161589,70,24,receive,377420343,4741246
382243654,374,16,receive,377199155,5044499
382244155,680,17,receive,377207376,5036779
382244818,52,22,receive,377226999,5017819
382245472,128,22,receive,377237686,5007786
382245962,572,22,receive,377242979,5002983
382246592,848,21,receive,377213951,5032641
382247103,636,24,receive,377454355,4792748
382247591,862,21,receive,377658197,4589394
382248091,458,22,receive,377658335,4589756
382316006,656,25,receive,377493347,4822659
382316530,766,23,receive,377460954,4855576
382317100,304,19,receive,377484565,4832535
382317582,192,21,receive,377479464,4838118
382318096,126,20,receive,377427299,4890797
382318596,122,23,receive,377461604,4856992
382319072,122,24,receive,377663533,4655539
382319563,60,18,receive,377692664,4626899
382320057,812,16,receive,377697145,4622912
382320629,626,20,receive,377643851,4676778
382379815,348,25,receive,377681477,4698338
382380423,448,19,receive,377888493,4491930
382380898,30,20,receive,377719188,4661710
382381456,122,25,receive,377695894,4685562
382381988,508,27,receive,377668333,4713655
382382506,738,20,receive,377700416,4682090
382382958,548,23,receive,377704542,4678416
382383432,468,22,receive,377927849,4455583
382383997,862,23,receive,377899349,4484648
382425393,180,22,receive,377907386,4518007
382425954,190,21,receive,377935910,4490044
382426441,344,23,receive,377893582,4532859
382426893,144,23,receive,377934944,4491949
382427444,10,21,receive,377898113,4529331
382427969,1000,24,receive,377917331,4510638
382428469,934,27,receive,377914323,4514146
382429011,10,23,receive,378154129,4274882
382429507,564,28,receive,378165744,4263763
382471938,310,22,receive,378154895,4317043
382472457,410,24,receive,378132465,4339992
382473045,72,26,receive,378353285,4119760
382473575,758,25,receive,378168982,4304593
382474061,500,22,receive,378163026,4311035
382474637,448,22,receive,378160843,4313794
382475147,358,29,receive,378194569,4280578
382475635,790,26,receive,378176326,4299309
382476155,892,24,receive,378184740,4291415
382476653,866,20,receive,378353228,4123425
382477196,912,25,receive,378374448,4102748
382477692,238,24,receive,378370748,4106944
382521338,366,28,receive,378331131,4190207
382522058,536,22,receive,378338651,4183407
382522572,522,27,receive,378349108,4173464
382523061,458,26,receive,378357089,4165972
382523602,96,25,receive,378344689,4178913
382524099,500,23,receive,378385171,4138928
382524585,904,25,receive,378592073,3932512
382525081,188,23,receive,378527546,3997535
382525593,178,25,receive,378527182,3998411
382564906,652,25,receive,378541456,4023450
382565466,370,24,receive,378547069,4018397
382566567,374,22,receive,378564578,4001989
382567066,374,23,receive,378706047,3861019
382567819,642,23,receive,378558453,4009366
382568771,32,28,receive,378533034,4035737
382569270,370,25,receive,378706772,3862498
382570149,566,27,receive,378744372,3825777
382617503,520,29,receive,378729848,3887655
382618049,558,25,receive,378721234,3896815
382618770,188,24,receive,378729116,3889654
382619249,270,29,receive,378745227,3874022
382619857,230,32,receive,378718022,3901835
382620369,708,29,receive,378717165,3903204
382620850,932,25,receive,378709574,3911276
382621409,702,32,receive,378746962,3874447
382621890,808,30,receive,378937133,3684757
382664558,276,26,receive,378910208,3754350
382664984,374,25,receive,378895134,3769850
382665487,132,26,receive,378895835,3769652
382665905,968,25,receive,378897107,3768798
382666370,236,26,receive,378907777,3758593
382666818,348,31,receive,378919942,3746876
382667310,172,28,receive,378913677,3753633
382667775,68,28,receive,378888779,3778996
382668246,618,37,receive,379083572,3584674
382668716,68,29,receive,379080619,3588097
382715626,922,28,receive,379096598,3619028
382716145,20,30,receive,379063986,3652159
382716781,558,27,receive,379122571,3594210
382717272,236,27,receive,379070407,3646865
382717762,888,31,receive,379087240,3630522
382718532,268,32,receive,379054524,3664008
382719160,944,26,receive,379130549,3588611
382719945,470,27,receive,379246024,3473921
382720490,132,28,receive,379291420,3429070
382763878,580,29,receive,379244811,3519067
382764408,148,26,receive,379249429,3514979
382764957,48,31,receive,379273825,3491132
382765439,470,28,receive,379405532,3359907
382765906,978,25,receive,379262783,3503123
382766407,678,37,receive,379255678,3510729
382766889,624,24,receive,379272150,3494739
382767405,748,31,receive,379415444,3351961
382767996,406,28,receive,379436574,3331422
382768504,130,35,receive,379446052,3322452
382816015,220,29,receive,379436569,3379446
382816524,890,24,receive,379397711,3418813
382817218,676,26,receive,379414020,3403198
382817771,220,30,receive,379557729,3260042
382818413,778,37,receive,379420831,3397582
382818882,900,31,receive,379448624,3370258
382819355,678,40,receive,379585368,3233987
382819814,900,32,receive,379568389,3251425
382821189,754,30,receive,379575824,3245365
382861148,352,33,receive,379556700,3304448
382861722,638,27,receive,379583489,3278233
382862341,322,29,receive,379592642,3269699
382863296,764,32,receive,379549497,3313799
382863784,220,31,receive,379581773,3282011
382864286,210,34,receive,379584872,3279414
382864773,302,24,receive,379591156,3273617
382865262,694,31,receive,379752040,3113222
382865982,934,36,receive,379726706,3139276
382907590,62,37,receive,379783937,3123653
382908097,460,35,receive,379717633,3190464
382908690,954,33,receive,379867000,3041690
382909182,46,33,receive,379736024,3173158
382909690,748,33,receive,379744124,3165566
382910180,514,35,receive,379756625,3153555
382910660,694,32,receive,379869628,3041032
382911143,684,36,receive,379874306,3036837
382911677,338,34,receive,379897141,3014536
382955153,98,34,receive,380010629,2944524
382955895,840,39,receive,379894909,3060986
382956452,274,31,receive,379869268,3087184
382956958,344,34,receive,379845742,3111216
382957445,306,32,receive,379875685,3081760
382957941,512,28,receive,379881491,3076450
382958424,748,35,receive,379887758,3070666
382958924,322,33,receive,380048404,2910520
382959408,312,33,receive,380047689,2911719
382993482,156,35,receive,379993735,2999747
382993981,338,35,receive,380042480,2951501
382994551,132,33,receive,380059690,2934861
382995040,196,40,receive,380011691,2983349
382995536,342,37,receive,379999786,2995750
382996027,4,39,receive,380025217,2970810
382996480,348,38,receive,380027831,2968649
382996937,504,35,receive,380156649,2840288
382997441,670,48,receive,380170605,2826836
383026147,976,32,receive,380177216,2848931
383026639,154,38,receive,380188198,2838441
383027138,454,35,receive,380165206,2861932
383027652,580,36,receive,380208725,2818927
383028289,906,35,receive,380178463,2849826
383028830,692,40,receive,380301640,2727190
383029431,844,38,receive,380156682,2872749
383029933,890,30,receive,380339980,2689953
383030448,130,41,receive,380321663,2708785
383068343,64,41,receive,380317670,2750673
383068844,748,38,receive,380349231,2719613
383069430,778,43,receive,380375867,2693563
383069913,46,37,receive,380335071,2734842
383070405,302,30,receive,380336393,2734012
383070891,510,34,receive,380348656,2722235
383071495,48,39,receive,380433037,2638458
383072001,796,36,receive,380459575,2612426
383072483,778,44,receive,380438315,2634168
383072980,840,47,receive,380558592,2514388
383110854,234,37,receive,380456817,2654037
383111356,356,38,receive,380451442,2659914
383111840,902,33,receive,380437631,2674209
383112990,624,33,receive,380473136,2639854
383113527,392,36,receive,380451519,2662008
383114022,498,46,receive,380618501,2495521
383115028,564,43,receive,380602840,2512188
383154014,954,39,receive,380595467,2558547
383154583,226,38,receive,380609558,2545025
383155338,818,40,receive,380603200,2552138
383155854,96,40,receive,380613175,2542679
383156401,886,42,receive,380600459,2555942
383156917,234,38,receive,380574486,2582431
383157481,156,39,receive,380613141,2544340
383157943,436,52,receive,380703700,2454243
383158435,840,49,receive,380709531,2448904
383158927,130,44,receive,380686900,2472027
383161904,978,35,receive,380723954,2437950
383201911,512,36,receive,380713071,2488840
383204179,78,45,receive,380717713,2486466
383205397,618,50,receive,380728636,2476761
383206793,486,51,receive,380714265,2492528
383207673,568,39,receive,380838871,2368802
383208182,436,53,receive,380823164,2385018
383208742,290,38,receive,380838333,2370409
383209299,316,47,receive,380859106,2350193
383247719,954,41,receive,380838289,2409430
383248199,234,40,receive,380827736,2420463
383248761,996,44,receive,380841685,2407076
383249270,898,41,receive,380767568,2481702
383249946,618,51,receive,380812269,2437677
383250481,992,37,receive,380799700,2450781
383250983,750,43,receive,380818592,2432391
383251505,498,49,receive,380913620,2337885
383251998,676,38,receive,380946614,2305384
383289213,104,46,receive,380940830,2348383
383289765,594,52,receive,380974305,2315460
