receive_timestamp,source_vehicle,message_id,event_type,send_timestamp,latency_us
262795135648,982,1,receive,262795079056,56592
262795136196,984,1,receive,262795081846,54350
262795136680,276,2,receive,262795039009,97671
262795137167,520,2,receive,262795005006,132161
262795137642,532,2,receive,262794950393,187249
262795138075,858,2,receive,262795060530,77545
262795159634,50,2,receive,262795070087,89547
262795207666,534,2,receive,262795001570,206096
262795208111,366,2,receive,262795001827,206284
262795208532,902,2,receive,262795074010,134522
262795208950,768,2,receive,262795088944,120006
262795209404,142,2,receive,262795092212,117192
262795209852,834,2,receive,262795077081,132771
262795228286,972,1,receive,262795096706,131580
262795289118,26,2,receive,262795026885,262233
262795289577,88,2,receive,262795033006,256571
262795290018,970,1,receive,262795098258,191760
262795290527,568,2,receive,262795021119,269408
262795290991,380,2,receive,262795017297,273694
262795291481,988,1,receive,262795103063,188418
262795291956,488,2,receive,262794998425,293531
262795383464,536,2,receive,262795056071,327393
262795383913,968,1,receive,262795108099,275814
262795384370,974,1,receive,262795108579,275791
262795384805,986,1,receive,262795109127,275678
262795385253,980,1,receive,262795113334,271919
262795385692,178,2,receive,262795086010,299682
262795386150,996,1,receive,262795116543,269607
262795386594,886,2,receive,262795051291,335303
262795483060,82,2,receive,262795037400,445660
262795483508,966,1,receive,262795122559,360949
262795483949,382,1,receive,262795125558,358391
262795484402,494,2,receive,262795094268,390134
262795484843,952,2,receive,262795130580,354263
262795485293,978,1,receive,262795121129,364164
262795485728,994,1,receive,262795136986,348742
262795486177,52,2,receive,262795086293,399884
262795583666,992,1,receive,262795141061,442605
262795584120,556,2,receive,262795067005,517115
262795584563,998,1,receive,262795151122,433441
262795585008,990,1,receive,262795143046,441962
262795585495,134,2,receive,262795112506,472989
262795585915,384,2,receive,262795049007,536908
262795586363,120,2,receive,262795115113,471250
262795586798,42,2,receive,262794953452,633346
262795673609,594,2,receive,262795128109,545500
262795674054,372,2,receive,262795117342,556712
262795674508,936,1,receive,262795163022,511486
262795674948,166,2,receive,262795160380,514568
262795675410,274,2,receive,262795127683,547727
262795675864,164,2,receive,262795098347,577517
262795700241,354,3,receive,262795164104,536137
262795763258,480,2,receive,262795083207,680051
262795763710,64,2,receive,262795108346,655364
262795764166,702,2,receive,262795104028,660138
262795764649,790,2,receive,262795139013,625636
262795765110,890,2,receive,262795181759,583351
262795765554,848,2,receive,262795104007,661547
262795765997,736,3,receive,262795155175,610822
262795766453,772,2,receive,262795183574,582879
262795867563,234,2,receive,262794962090,905473
262795868011,150,2,receive,262795192006,676005
262795868458,810,2,receive,262795172580,695878
262795868897,428,2,receive,262795178010,690887
262795869351,842,2,receive,262795157008,712343
262795869786,538,2,receive,262795169780,700006
262795870236,870,2,receive,262795191036,679200
262795870671,122,2,receive,262795151020,719651
262795986146,866,2,receive,262795217068,769078
262795986581,244,2,receive,262795151315,835266
262795987024,144,1,receive,262795217066,769958
262795987461,948,2,receive,262795219572,767889
262795987891,46,2,receive,262795174774,813117
262795988347,60,2,receive,262795028316,960031
262795988781,938,2,receive,262795200017,788764
262796084671,880,2,receive,262795130518,954153
262796085124,86,2,receive,262795156011,929113
262796085564,722,2,receive,262795202016,883548
262796086008,184,2,receive,262795188876,897132
262796086453,1000,1,receive,262795235958,850495
262796086895,778,2,receive,262795225615,861280
262796087346,358,3,receive,262795158156,929190
262796087792,14,2,receive,262795227167,860625
262796189977,854,2,receive,262795025945,1164032
262796190407,62,2,receive,262795198065,992342
262796190823,874,2,receive,262795207780,983043
262796191253,128,2,receive,262795211230,980023
262796191667,348,2,receive,262795126019,1065648
262796192121,236,2,receive,262795176062,1016059
262796230507,698,2,receive,262795182874,1047633
262796230941,976,2,receive,262795242365,988576
262796301116,542,2,receive,262795202559,1098557
262796301534,34,2,receive,262795224006,1077528
262796301949,896,2,receive,262795262010,1039939
262796302374,198,2,receive,262795175713,1126661
262796302788,6,2,receive,262795222621,1080167
262796303220,754,2,receive,262795279349,1023871
262796303641,720,2,receive,262795182834,1120807
262796396173,186,2,receive,262795255131,1141042
262796396612,682,2,receive,262795174077,1222535
262796397123,76,2,receive,262795242141,1154982
262796397543,954,2,receive,262795186367,1211176
262796397959,80,2,receive,262795265363,1132596
262796409698,168,2,receive,262795223810,1185888
262796410131,586,3,receive,262795298077,1112054
262796410549,840,2,receive,262795288011,1122538
262796410969,262,3,receive,262795303009,1107960
262796503563,958,2,receive,262795271506,1232057
262796503983,618,2,receive,262795192141,1311842
262796504413,590,2,receive,262795291956,1212457
262796504832,508,3,receive,262795299362,1205470
262796505257,670,2,receive,262795315688,1189569
262796505675,940,2,receive,262795298578,1207097
262796506122,580,3,receive,262795239149,1266973
262796616393,442,3,receive,262795317101,1299292
262796616864,222,2,receive,262795262006,1354858
262796617340,116,2,receive,262795283474,1333866
262796617808,704,2,receive,262795281568,1336240
262796618285,202,2,receive,262795211565,1406720
262796618752,230,2,receive,262795316860,1301892
262796619229,88,3,receive,262795262006,1357223
262796724308,54,2,receive,262795312072,1412236
262796724777,24,2,receive,262795265106,1459671
262796725258,356,2,receive,262795334689,1390569
262796725716,994,2,receive,262795279482,1446234
262796726177,972,2,receive,262795335015,1391162
262796726627,932,2,receive,262795362451,1364176
262796727081,716,2,receive,262795286512,1440569
262796727536,978,2,receive,262795291139,1436397
262796727989,480,3,receive,262795365448,1362541
262796842036,876,2,receive,262795299282,1542754
262796842490,224,1,receive,262795360803,1481687
262796842929,674,2,receive,262795319006,1523923
262796843382,806,2,receive,262795326007,1517375
262796843827,532,3,receive,262795382857,1460970
262796844289,910,2,receive,262795350269,1494020
262796844756,162,3,receive,262795324648,1520108
262796949487,526,2,receive,262795297210,1652277
262796949942,50,3,receive,262795387475,1562467
262796950409,26,3,receive,262795375402,1575007
262796950870,352,2,receive,262795333283,1617587
262796951343,956,2,receive,262795347798,1603545
262796951806,112,3,receive,262795227563,1724243
262796952278,794,3,receive,262795349072,1603206
262796952749,610,2,receive,262795387010,1565739
262797069816,354,4,receive,262795405501,1664315
262797070309,110,3,receive,262795414267,1656042
262797070793,632,2,receive,262795398098,1672695
262797071275,344,2,receive,262795348014,1723261
262797071746,862,2,receive,262795319006,1752740
262797072223,638,2,receive,262795420640,1651583
262797072694,234,3,receive,262795361017,1711677
262797191257,422,3,receive,262795381926,1809331
262797191699,118,2,receive,262795369010,1822689
262797192161,134,3,receive,262795436763,1755398
262797192618,538,3,receive,262795418007,1774611
262797193080,640,1,receive,262795446205,1746875
262797193546,2,2,receive,262795380007,1813539
262797240054,432,3,receive,262795371008,1869046
262797317529,244,3,receive,262795375374,1942155
262797318021,852,2,receive,262795397064,1920957
262797318513,92,2,receive,262795439214,1879299
262797318979,986,2,receive,262795352838,1966141
262797319448,612,2,receive,262795466222,1853226
262797319912,126,2,receive,262795386102,1933810
262797320384,908,2,receive,262795423009,1897375
262797320845,814,2,receive,262795399084,1921761
262797408584,706,2,receive,262795460020,1948564
262797409051,760,2,receive,262795479730,1929321
262797409512,278,2,receive,262795462010,1947502
262797409981,628,3,receive,262795470139,1939842
262797410455,556,3,receive,262795491005,1919450
262797410919,384,3,receive,262795398006,2012913
262797411386,826,2,receive,262795477450,1933936
262797411837,106,2,receive,262795409827,2002010
262797532823,218,2,receive,262795411014,2121809
262797533282,10,2,receive,262795422099,2111183
262797533737,950,2,receive,262795386486,2147251
262797534235,604,1,receive,262795499076,2035159
262797534702,388,2,receive,262795468008,2066694
262797535176,962,2,receive,262795437072,2098104
262797535638,724,2,receive,262795499152,2036486
262797635719,758,3,receive,262795409919,2225800
262797636209,964,2,receive,262795447010,2189199
262797636665,42,3,receive,262795494475,2142190
262797637133,34,3,receive,262795412512,2224621
262797637604,6,3,receive,262795493676,2143928
262797638068,586,4,receive,262795480620,2157448
262797638528,184,3,receive,262795507964,2130564
262797638984,392,2,receive,262795450629,2188355
262797745910,138,2,receive,262795500064,2245846
262797746383,930,2,receive,262795446115,2300268
262797746847,824,2,receive,262795491367,2255480
262797747331,804,2,receive,262795484006,2263325
262797747795,816,2,receive,262795419597,2328198
262797748273,420,2,receive,262795508505,2239768
262797748739,708,2,receive,262795531189,2217550
262797866243,382,2,receive,262795487989,2378254
262797866701,912,2,receive,262795505242,2361459
262797867168,206,2,receive,262795518078,2349090
262797867631,76,3,receive,262795473568,2394063
262797868103,838,3,receive,262795469159,2398944
262797868573,108,2,receive,262795532031,2336542
262797869039,166,3,receive,262795479005,2390034
262797869494,952,3,receive,262795453290,2416204
262797869948,896,3,receive,262795494009,2375939
262798009611,916,2,receive,262795457417,2552194
262798010079,224,2,receive,262795489819,2520260
262798010540,846,2,receive,262795479006,2531534
262798011005,494,3,receive,262795505525,2505480
262798011468,578,2,receive,262795561339,2450129
262798011923,450,2,receive,262795572557,2439366
262798012388,348,3,receive,262795493735,2518653
262798012841,864,2,receive,262795516693,2496148
262798131325,40,2,receive,262795483259,2648066
262798131782,86,3,receive,262795557225,2574557
262798132258,476,1,receive,262795572060,2560198
262798132716,738,2,receive,262795521983,2610733
262798133239,142,3,receive,262795486529,2646710
262798133704,788,2,receive,262795559530,2574174
262798134169,466,2,receive,262795548393,2585776
262798253493,850,2,receive,262795502006,2751487
262798253931,958,3,receive,262795573518,2680413
262798254385,372,3,receive,262795553842,2700543
262798254818,678,2,receive,262795537007,2717811
262798255271,208,2,receive,262795566356,2688915
262798255734,352,3,receive,262795559887,2695847
262798256199,22,2,receive,262795555186,2701013
262798381170,744,2,receive,262795541610,2839560
262798381610,928,2,receive,262795576207,2805403
262798382052,12,3,receive,262795520504,2861548
262798382494,968,2,receive,262795525987,2856507
262798382930,358,4,receive,262795483103,2899827
262798383382,934,2,receive,262795578622,2804760
262798383820,132,3,receive,262795587556,2796264
262798384269,588,2,receive,262795586010,2798259
262798384699,398,2,receive,262795615009,2769690
262798528204,734,2,receive,262795601499,2926705
262798528672,116,3,receive,262795488851,3039821
262798529151,596,2,receive,262795570092,2959059
262798529624,890,3,receive,262795572281,2957343
262798530106,290,1,receive,262795626425,2903681
262798530573,730,2,receive,262795545268,2985305
262798531044,820,3,receive,262795632840,2898204
262798531514,80,3,receive,262795588010,2943504
262798531975,888,3,receive,262795578104,2953871
262798663942,186,3,receive,262795601564,3062378
262798664419,482,2,receive,262795523779,3140640
262798664889,38,2,receive,262795524005,3140884
262798665417,472,2,receive,262795638005,3027412
262798665888,682,3,receive,262795595246,3070642
262798666374,844,2,receive,262795642562,3023812
262798666841,630,2,receive,262795569010,3097831
262798788364,906,2,receive,262795638137,3150227
262798788815,134,4,receive,262795608010,3180805
262798789275,226,2,receive,262795638811,3150464
262798789731,582,2,receive,262795620067,3169664
262798790200,818,2,receive,262795633105,3157095
262798790650,894,2,receive,262795629083,3161567
262798791115,168,3,receive,262795657536,3133579
262798791573,782,2,receive,262795595033,3196540
262798933797,18,2,receive,262795554865,3378932
262798934263,736,4,receive,262795650081,3284182
262798934717,938,3,receive,262795560006,3374711
262798935177,802,2,receive,262795544016,3391161
262798935630,812,2,receive,262795552158,3383472
262798936090,914,2,receive,262795515185,3420905
262798936545,74,3,receive,262795547996,3388549
262798936998,364,3,receive,262795585828,3351170
262799048857,140,2,receive,262795631081,3417776
262799049320,98,3,receive,262795668205,3381115
262799049769,590,3,receive,262795642006,3407763
262799050223,532,4,receive,262795673062,3377161
262799050677,150,3,receive,262795618193,3432484
262799051148,732,2,receive,262795691449,3359699
262799051611,824,3,receive,262795692714,3358897
262799188970,96,2,receive,262795614422,3574548
262799189438,28,2,receive,262795611132,3578306
262799189898,726,2,receive,262795581494,3608404
262799190415,380,3,receive,262795602080,3588335
262799190851,366,3,receive,262795617548,3573303
262799191321,72,2,receive,262795661006,3530315
262799191777,984,2,receive,262795703009,3488768
262799297929,670,3,receive,262795667006,3630923
262799298396,810,3,receive,262795705012,3593384
262799298866,842,3,receive,262795695142,3603724
262799299350,638,3,receive,262795673010,3626340
262799308373,932,3,receive,262795651223,3657150
262799308864,102,2,receive,262795709011,3599853
262799309351,376,2,receive,262795701163,3608188
262799392484,620,2,receive,262795558682,3833802
262799392942,30,2,receive,262795671254,3721688
262799393416,792,2,receive,262795707007,3686409
262799393873,680,2,receive,262795697262,3696611
262799394346,278,3,receive,262795696717,3697629
262799394802,918,3,receive,262795691008,3703794
262799395274,688,2,receive,262795659837,3735437
262799395731,838,4,receive,262795683311,3712420
262799532800,704,3,receive,262795704197,3828603
262799533260,998,2,receive,262795654010,3879250
262799533766,878,2,receive,262795706010,3827756
262799534233,392,3,receive,262795652006,3882227
262799558581,170,2,receive,262795718348,3840233
262799559027,606,2,receive,262795663332,3895695
262799559490,970,2,receive,262795729072,3830418
262799559947,44,2,receive,262795703006,3856941
262799662915,520,3,receive,262795590006,4072909
262799663380,552,2,receive,262795725289,3938091
262799663834,832,2,receive,262795689345,3974489
262799664323,36,2,receive,262795674391,3989932
262799664798,884,2,receive,262795726031,3938767
262799665283,542,3,receive,262795740080,3925203
262799665754,708,3,receive,262795712245,3953509
262799788444,562,2,receive,262795741669,4046775
262799788886,388,3,receive,262795648371,4140515
262799789337,762,2,receive,262795683639,4105698
262799789773,464,2,receive,262795701111,4088662
262799790218,960,2,receive,262795749079,4041139
262799790674,148,2,receive,262795696007,4094667
262799791152,34,4,receive,262795690020,4101132
262799791611,880,3,receive,262795736091,4055520
262799914198,854,3,receive,262795736007,4178191
262799914743,712,2,receive,262795675323,4239420
262799915236,228,1,receive,262795772035,4143201
262799915709,904,2,receive,262795700010,4215699
262799916193,104,2,receive,262795764062,4152131
262799916675,348,4,receive,262795748735,4167940
262799917165,920,2,receive,262795713439,4203726
262799917648,834,3,receive,262795646328,4271320
262800031612,24,3,receive,262795669008,4362604
262800032073,70,2,receive,262795690430,4341643
262800032517,224,3,receive,262795800081,4232436
262800032959,974,2,receive,262795825523,4207436
262800033430,590,4,receive,262795837096,4196334
262800033892,398,3,receive,262795844012,4189880
262800034372,156,2,receive,262795808692,4225680
262800034841,752,2,receive,262795724317,4310524
262800128029,220,2,receive,262795775077,4352952
262800128509,936,2,receive,262795890476,4238033
262800128984,14,3,receive,262795916384,4212600
262800129471,176,2,receive,262795955221,4174250
262800129941,102,3,receive,262795961136,4168805
262800130427,276,3,receive,262795940011,4190416
262800130909,702,3,receive,262795948011,4182898
262800237841,140,3,receive,262795995223,4242618
262800238311,622,1,receive,262796017816,4220495
262800238769,92,3,receive,262796026286,4212483
262800239243,884,3,receive,262796108573,4130670
262800239703,974,3,receive,262796091106,4148597
262800240182,922,2,receive,262795939013,4301169
262800240642,706,3,receive,262796022339,4218303
262800327261,28,3,receive,262795997939,4329322
262800327727,914,3,receive,262795983409,4344318
262800328194,840,3,receive,262796104032,4224162
262800328643,552,3,receive,262796158317,4170326
262800329108,262,4,receive,262796133619,4195489
262800329573,980,2,receive,262796143317,4186256
262800330046,712,3,receive,262796198253,4131793
262800330501,138,3,receive,262796154006,4176495
262800330952,802,3,receive,262796183021,4147931
262800426477,218,4,receive,262796221993,4204484
262800426912,28,4,receive,262796240449,4186463
262800427362,364,4,receive,262796264010,4163352
262800427803,18,3,receive,262796221124,4206679
262800442974,472,3,receive,262796234644,4208330
262800458260,94,3,receive,262796279006,4179254
262800527037,84,3,receive,262796237005,4290032
262800527493,174,3,receive,262796217231,4310262
262800527943,788,5,receive,262796298277,4229666
262800528419,956,4,receive,262796334175,4194244
262800528877,842,4,receive,262796374006,4154871
262800543877,150,4,receive,262796388080,4155797
262800549177,708,5,receive,262796331006,4218171
262800618308,278,4,receive,262796326333,4291975
262800618764,952,5,receive,262796370567,4248197
262800619233,6,4,receive,262796396005,4223228
262800619698,420,3,receive,262796355139,4264559
262800623358,162,4,receive,262796400600,4222758
262800623798,628,4,receive,262796422277,4201521
262800624238,438,2,receive,262796519752,4104486
262800624669,680,3,receive,262796419064,4205605
262800724055,890,5,receive,262796511006,4213049
262800724503,618,4,receive,262796453328,4271175
262800724947,542,4,receive,262796494510,4230437
262800725402,970,3,receive,262796526144,4199258
262800725848,206,4,receive,262796604639,4121209
262800726329,630,3,receive,262796515741,4210588
262800726767,834,4,receive,262796536005,4190762
262800814066,838,7,receive,262796590130,4223936
262800814543,840,4,receive,262796551486,4263057
262800815011,110,5,receive,262796601580,4213431
262800815478,148,3,receive,262796602347,4213131
262800815939,418,3,receive,262796740631,4075308
262800816416,852,4,receive,262796740796,4075620
262800816874,792,3,receive,262796712645,4104229
262800891468,890,6,receive,262796686200,4205268
262800891930,884,4,receive,262796736010,4155920
262800892401,788,6,receive,262796624794,4267607
262800892861,6,5,receive,262796729150,4163711
262800893344,420,4,receive,262796732006,4161338
262800893812,568,4,receive,262796686392,4207420
262800950939,920,3,receive,262796764913,4186026
262800951410,206,5,receive,262796785104,4166306
262800952404,872,5,receive,262796708203,4244201
262800967056,288,2,receive,262796782434,4184622
262800971297,928,5,receive,262796748373,4222924
262800971750,854,4,receive,262796791006,4180744
262800972278,702,4,receive,262796843477,4128801
262800972730,466,6,receive,262796841005,4131725
262801041218,76,5,receive,262796903079,4138139
262801041651,62,4,receive,262796727220,4314431
262801042094,884,5,receive,262796927011,4115083
262801043821,348,6,receive,262796927738,4116083
262801044298,918,5,receive,262796965480,4078818
262801044752,68,3,receive,262796817292,4227460
262801076720,962,5,receive,262796967853,4108867
262801121216,714,3,receive,262797047496,4073720
262801121689,208,4,receive,262797083412,4038277
262801122202,638,5,receive,262796985561,4136641
262801122674,788,7,receive,262797085372,4037302
262801123160,586,6,receive,262796860189,4262971
262801123630,966,3,receive,262796994233,4129397
262801176913,792,4,receive,262797090063,4086850
262801177375,378,4,receive,262797200006,3977369
262801177822,580,5,receive,262797021206,4156616
262801178275,802,4,receive,262797174449,4003826
262801178719,384,6,receive,262797197282,3981437
262801201366,900,6,receive,262797203011,3998355
262801201807,614,5,receive,262797240768,3961039
262801237686,128,4,receive,262797226519,4011167
262801238125,730,5,receive,262797234007,4004118
262801238554,958,5,receive,262797310058,3928496
262801238980,594,5,receive,262797244267,3994713
262801239418,560,3,receive,262797225005,4014413
262801239857,170,5,receive,262797332828,3907029
262801240317,810,6,receive,262797335281,3905036
262801240765,406,1,receive,262797316790,3923975
262801319872,122,4,receive,262797312222,4007650
262801320377,712,5,receive,262797341824,3978553
262801320839,872,6,receive,262797379901,3940938
262801336776,74,6,receive,262797345157,3991619
262801351616,892,5,receive,262797367262,3984354
262801352076,818,6,receive,262797336009,4016067
262801352509,434,4,receive,262797385675,3966834
262801352935,680,4,receive,262797388952,3963983
262801413254,526,5,receive,262797263742,4149512
262801413711,372,8,receive,262797494006,3919705
262801414368,1000,4,receive,262797491010,3923358
262801414842,950,7,receive,262797549450,3865392
262801415324,904,5,receive,262797530452,3884872
262801415783,496,2,receive,262797538303,3877480
262801416264,244,6,receive,262797541641,3874623
262801416718,274,6,receive,262797526987,3889731
262801517237,132,6,receive,262797577362,3939875
262801517679,634,5,receive,262797652009,3865670
262801518131,902,6,receive,262797617718,3900413
262801518583,398,5,receive,262797610796,3907787
262801519045,766,4,receive,262797581256,3937789
262801519508,420,5,receive,262797540006,3979502
262801544720,682,6,receive,262797634371,3910349
262801589281,936,4,receive,262797589090,4000191
262801589713,454,6,receive,262797754223,3835490
262801590185,712,6,receive,262797744490,3845695
262801590706,86,6,receive,262797751560,3839146
262801591157,706,5,receive,262797763565,3827592
262801591610,702,5,receive,262797764198,3827412
262801592095,434,5,receive,262797785302,3806793
262801592549,992,5,receive,262797714098,3878451
262801682811,704,7,receive,262797872045,3810766
262801683296,854,6,receive,262797749068,3934228
262801683756,480,6,receive,262797833131,3850625
262801684239,280,6,receive,262797848483,3835756
262801684677,826,5,receive,262797820676,3864001
262801685129,884,7,receive,262797863010,3822119
262801685566,984,5,receive,262797782011,3903555
262801758172,824,5,receive,262797644280,4113892
262801758636,466,8,receive,262797816137,3942499
262801759101,766,5,receive,262797936006,3823095
262801759549,358,9,receive,262797989006,3770543
262801759993,792,6,receive,262797966006,3793987
262801760453,900,7,receive,262797941131,3819322
262801760901,742,5,receive,262797959687,3801214
262801761378,48,6,receive,262798017846,3743532
262801761856,972,5,receive,262798034430,3727426
262801838183,790,6,receive,262797964804,3873379
262801838638,156,5,receive,262798112993,3725645
262801839109,678,6,receive,262798087075,3752034
262801839579,392,7,receive,262798058008,3781571
262801840050,810,7,receive,262798092263,3747787
262801840516,942,5,receive,262798146094,3694422
262801840977,978,6,receive,262798070010,3770967
262801910449,198,5,receive,262798086203,3824246
262801910898,36,6,receive,262798221813,3689085
262801911362,226,5,receive,262798240452,3670910
262801911810,98,7,receive,262798274158,3637652
262801912267,526,6,receive,262798204049,3708218
262801912713,612,6,receive,262798191272,3721441
262801913173,558,7,receive,262798236336,3676837
262801913621,768,7,receive,262798280010,3633611
262801996579,752,6,receive,262798328799,3667780
262801997068,716,6,receive,262798360365,3636703
262801997541,982,8,receive,262798318749,3678792
262801998009,668,1,receive,262798396130,3601879
262801998472,660,3,receive,262798294020,3704452
262801998932,744,7,receive,262798389410,3609522
262801999405,490,3,receive,262798182798,3816607
262801999869,714,6,receive,262798322011,3677858
262802074021,766,6,receive,262798404075,3669946
262802074478,600,6,receive,262798502305,3572173
262802074928,352,7,receive,262798423214,3651714
262802075385,628,10,receive,262798522777,3552608
262802075831,356,8,receive,262798469360,3606471
262802076294,358,10,receive,262798520012,3556282
262802076743,720,6,receive,262798446132,3630611
262802134565,112,8,receive,262798525229,3609336
262802135020,26,7,receive,262798498779,3636241
262802135480,956,9,receive,262798511007,3624473
262802135954,968,6,receive,262798667346,3468608
262802146395,862,8,receive,262798686009,3460386
262802146847,946,7,receive,262798641106,3505741
262802207208,66,6,receive,262798607728,3599480
262802207658,1000,7,receive,262798688084,3519574
262802208131,248,2,receive,262798639738,3568393
262802208589,882,6,receive,262798591151,3617438
262802209054,490,4,receive,262798801074,3407980
262802209518,788,9,receive,262798719706,3489812
262802209977,868,6,receive,262798804718,3405259
262802210441,100,8,receive,262798724074,3486367
262802210898,922,7,receive,262798725487,3485411
262802292945,280,7,receive,262798742111,3550834
262802293395,68,6,receive,262798736133,3557262
262802293830,104,7,receive,262798816367,3477463
262802294302,742,6,receive,262798910534,3383768
262802294768,916,7,receive,262798873313,3421455
262802295237,556,8,receive,262798864476,3430761
262802295691,646,5,receive,262798897185,3398506
262802371167,888,7,receive,262798891586,3479581
262802371606,656,3,receive,262798938010,3433596
262802372051,210,7,receive,262798829006,3543045
262802372492,150,8,receive,262798868672,3503820
262802372936,778,9,receive,262799015708,3357228
262802373432,618,7,receive,262799050614,3322818
262802373900,42,10,receive,262798987442,3386458
262802374378,722,9,receive,262799034016,3340362
262802374848,680,7,receive,262799050205,3324643
262802468331,850,7,receive,262799030185,3438146
262802468770,534,6,receive,262799033089,3435681
262802469219,388,9,receive,262799111007,3358212
262802470210,628,11,receive,262799199133,3271077
262802470671,762,8,receive,262799112632,3358039
262802471136,986,8,receive,262799217009,3254127
262802471599,884,9,receive,262799135503,3336096
262802548483,152,7,receive,262799204110,3344373
262802548942,274,9,receive,262799147007,3401935
262802549418,118,7,receive,262799293007,3256411
262802549875,508,9,receive,262799301344,3248531
262802562768,28,7,receive,262799115268,3447500
262802563222,654,6,receive,262799134008,3429214
262802563663,160,7,receive,262799145231,3418432
262802627909,364,10,receive,262799264286,3363623
262802628387,912,8,receive,262799238226,3390161
262802628847,442,9,receive,262799245343,3383504
262802629317,244,9,receive,262799346070,3283247
262802629781,466,10,receive,262799405006,3224775
262802630250,380,7,receive,262799238981,3391269
262802630711,758,11,receive,262799401076,3229635
262802706202,108,7,receive,262799409006,3297196
262802706674,674,8,receive,262799410779,3295895
262802707151,362,7,receive,262799364121,3343030
262802707611,352,9,receive,262799541718,3165893
262802708093,406,5,receive,262799385011,3323082
262802708561,110,11,receive,262799506530,3202031
262802760215,630,7,receive,262799534583,3225632
262802760690,1000,9,receive,262799539886,3220804
262802761170,974,8,receive,262799576301,3184869
262802761638,2,8,receive,262799576898,3184740
262802762118,716,8,receive,262799541288,3220830
262802782866,906,8,receive,262799679006,3103860
262802783343,30,8,receive,262799641164,3142179
262802783805,402,5,receive,262799584011,3199794
262802846247,502,4,receive,262799475077,3371170
262802846706,954,8,receive,262799690339,3156367
262802847174,590,11,receive,262799617541,3229633
262802847642,76,12,receive,262799680167,3167475
262802848119,740,8,receive,262799870142,2977977
262802848575,622,7,receive,262799848742,2999833
262802901067,552,10,receive,262799918971,2982096
262802901535,906,9,receive,262799870150,3031385
262802901987,916,9,receive,262799883964,3018023
262802902450,466,11,receive,262799915749,2986701
262802902913,682,9,receive,262799924562,2978351
262802903380,172,7,receive,262799919623,2983757
262802903842,86,9,receive,262799853483,3050359
262802904306,40,7,receive,262799850124,3054182
262802904755,210,8,receive,262799910900,2993855
262802975604,768,11,receive,262799851220,3124384
262802976077,876,9,receive,262799868349,3107728
262802976631,376,9,receive,262799936078,3040553
262802977083,66,8,receive,262799924007,3053076
262802977533,720,8,receive,262799890260,3087273
262802977982,884,10,receive,262800019933,2958049
262802978454,582,10,receive,262800068693,2909761
262802978916,496,5,receive,262799986010,2992906
262803037461,970,7,receive,262800037121,3000340
262803037918,608,8,receive,262799981475,3056443
262803038396,978,9,receive,262800085458,2952938
262803038854,402,6,receive,262799904628,3134226
262803039330,274,11,receive,262800090798,2948532
262803039793,482,9,receive,262800108269,2931524
262803040263,168,11,receive,262800095030,2945233
262803107348,148,8,receive,262800140536,2966812
262803107782,726,11,receive,262800142632,2965150
262803108243,162,10,receive,262800078690,3029553
262803108693,376,10,receive,262800158177,2950516
262803109159,20,9,receive,262800096366,3012793
262803109618,820,11,receive,262800014188,3095430
262803110078,580,8,receive,262800242450,2867628
262803171037,70,9,receive,262800133069,3037968
262803171498,442,10,receive,262800233136,2938362
262803171950,194,3,receive,262800175513,2996437
262803172431,896,9,receive,262800172476,2999955
262803172897,578,11,receive,262800238264,2934633
262803173383,686,3,receive,262800320784,2852599
262803173861,722,12,receive,262800366848,2807013
262803174343,146,8,receive,262800330264,2844079
262803174812,22,10,receive,262800360548,2814264
262803237307,660,7,receive,262800364522,2872785
262803237745,920,8,receive,262800357795,2879950
262803238192,600,8,receive,262800354075,2884117
262803238628,610,8,receive,262800165321,3073307
262803239101,912,9,receive,262800224154,3014947
262803239563,8,10,receive,262800389547,2850016
262803240030,990,8,receive,262800340466,2899564
262803290405,794,12,receive,262800394667,2895738
262803290860,444,10,receive,262800409788,2881072
262803291334,898,9,receive,262800430010,2861324
262803291794,152,10,receive,262800375393,2916401
262803292275,604,7,receive,262800437097,2855178
262803292736,680,9,receive,262800450007,2842729
262803293231,740,9,receive,262800467175,2826056
262803293697,818,11,receive,262800542930,2750767
262803363873,952,12,receive,262800489286,2874587
262803364350,674,10,receive,262800515006,2849344
262803364812,974,9,receive,262800454704,2910108
262803365291,826,11,receive,262800561945,2803346
262803365748,630,9,receive,262800552453,2813295
262803382641,536,10,receive,262800594441,2788200
262803383121,194,4,receive,262800578006,2805115
262803383585,662,4,receive,262800596189,2787396
262803440401,918,11,receive,262800606192,2834209
262803440872,588,10,receive,262800619010,2821862
262803441356,272,3,receive,262800559464,2881892
262803441820,980,9,receive,262800687006,2754814
262803442295,714,12,receive,262800682076,2760219
262803442769,104,10,receive,262800655749,2787020
262803457274,276,9,receive,262800700428,2756846
262803457723,8,11,receive,262800719917,2737806
262803497600,232,6,receive,262800736250,2761350
262803498078,358,13,receive,262800684257,2813821
262803498518,774,12,receive,262800830006,2668512
262803498950,352,11,receive,262800792695,2706255
262803499415,600,9,receive,262800827881,2671534
262803499872,364,13,receive,262800852647,2647225
262803500348,274,12,receive,262800852063,2648285
262803500800,188,1,receive,262800844597,2656203
262803573278,490,7,receive,262800830335,2742943
262803573734,722,13,receive,262800836016,2737718
262803574222,884,11,receive,262800838198,2736024
262803574678,698,10,receive,262800824193,2750485
262803575154,146,9,receive,262800899866,2675288
262803575619,388,12,receive,262800867670,2707949
262803633098,674,11,receive,262800894188,2738910
262803633544,356,13,receive,262800950011,2683533
262803633989,910,10,receive,262800932011,2701978
262803634452,390,10,receive,262800951083,2683369
262803634897,414,5,receive,262800940007,2694890
262803635351,166,11,receive,262800935736,2699615
262803635804,552,12,receive,262800908874,2726930
262803636263,86,10,receive,262800925081,2711182
262803636712,614,10,receive,262800957846,2678866
262803717173,842,13,receive,262800992368,2724805
262803717603,520,11,receive,262801039064,2678539
262803718049,812,12,receive,262800964008,2754041
262803718484,2,10,receive,262801005006,2713478
262803718930,742,8,receive,262800976716,2742214
262803719993,244,11,receive,262801048094,2671899
262803720439,942,9,receive,262801017007,2703432
262803720871,136,9,receive,262801138663,2582208
262803775353,406,8,receive,262801113010,2662343
262803775809,60,11,receive,262801139142,2636667
262803776279,336,1,receive,262801140930,2635349
262803776740,582,12,receive,262801114005,2662735
262803777209,918,12,receive,262801123582,2653627
262803777669,788,13,receive,262801100972,2676697
262803828159,786,11,receive,262801103009,2725150
262803828589,300,1,receive,262801186338,2642251
262803829033,906,11,receive,262801127990,2701043
262803829474,638,10,receive,262801043329,2786145
262803829925,960,10,receive,262801210578,2619347
262803839266,214,3,receive,262801116341,2722925
262803839703,878,9,receive,262801152276,2687427
262803873035,998,11,receive,262801178884,2694151
262803873488,158,5,receive,262801187007,2686481
262803873931,20,11,receive,262801203377,2670554
262803874420,482,10,receive,262801160307,2714113
262803884541,190,1,receive,262801043440,2841101
262803884985,520,12,receive,262801234935,2650050
262803885443,554,2,receive,262801186006,2699437
262803885903,956,13,receive,262801277006,2608897
262803937343,868,10,receive,262801258013,2679330
262803937804,608,10,receive,262801284707,2653097
262803938276,500,11,receive,262801302602,2635674
262803938739,836,9,receive,262801152782,2785957
262803939214,54,9,receive,262801356788,2582426
262803939672,782,12,receive,262801269438,2670234
262803983690,632,12,receive,262801284434,2699256
262803984176,662,5,receive,262801376576,2607600
262803984648,72,11,receive,262801380463,2604185
262803990192,366,12,receive,262801370184,2620008
262803990651,104,12,receive,262801321006,2669645
262803991134,10,11,receive,262801322062,2669072
262803991610,600,10,receive,262801362083,2629527
262804036537,592,12,receive,262801400010,2636527
262804036976,20,12,receive,262801391007,2645969
262804037427,380,10,receive,262801510901,2526526
262804037853,166,12,receive,262801414323,2623530
262804047774,934,11,receive,262801473016,2574758
262804058120,902,13,receive,262801473571,2584549
262804067473,438,9,receive,262801412635,2654838
262804095082,786,12,receive,262801516146,2578936
262804095533,696,1,receive,262801559138,2536395
262804095998,638,11,receive,262801571288,2524710
262804096475,48,11,receive,262801465127,2631348
262804096925,22,12,receive,262801548213,2548712
262804097393,594,13,receive,262801588765,2508628
262804116293,404,11,receive,262801555378,2560915
262804116725,926,11,receive,262801560077,2556648
262804159569,628,16,receive,262801528397,2631172
262804160033,248,6,receive,262801551005,2609028
262804160490,328,3,receive,262801612768,2547722
262804160943,782,13,receive,262801691145,2469798
262804161407,258,7,receive,262801624189,2537218
262804161859,58,13,receive,262801706622,2455237
262804162320,188,2,receive,262801674839,2487481
262804162773,914,11,receive,262801667277,2495496
262804213047,214,4,receive,262801660005,2553042
262804213516,500,12,receive,262801711825,2501691
262804213972,220,9,receive,262801671912,2542060
262804214447,908,16,receive,262801744843,2469604
262804214944,152,12,receive,262801722797,2492147
262804234029,856,10,receive,262801702133,2531896
262804265846,656,7,receive,262801765787,2500059
262804266354,470,7,receive,262801756649,2509705
262804266826,380,12,receive,262801773699,2493127
262804267306,714,14,receive,262801724718,2542588
262804267763,494,13,receive,262801797398,2470365
262804268235,308,2,receive,262801851823,2416412
262804268694,312,2,receive,262801852070,2416624
262804313701,432,12,receive,262801800883,2512818
262804314158,86,11,receive,262801773072,2541086
262804314606,722,15,receive,262801839178,2475428
262804315056,788,14,receive,262801683090,2631966
262804315506,970,10,receive,262802001007,2314499
262804315976,806,10,receive,262801957005,2358971
262804316432,562,12,receive,262801973068,2343364
262804316875,274,14,receive,262801839060,2477815
262804372359,980,12,receive,262802012006,2360353
262804372804,8,14,receive,262801987291,2385513
262804373267,960,11,receive,262801998006,2375261
262804377085,604,9,receive,262802000426,2376659
262804377542,976,14,receive,262802000975,2376567
262804378006,372,16,receive,262802006723,2371283
262804378467,228,10,receive,262801981572,2396895
262804378940,52,12,receive,262801972010,2406930
262804418437,614,12,receive,262802011007,2407430
262804418900,304,2,receive,262802040803,2378097
262804419372,10,12,receive,262802013914,2405458
262804419840,696,2,receive,262801970641,2449199
262804420320,812,13,receive,262801948823,2471497
262804420777,248,7,receive,262802086797,2333980
262804421245,72,12,receive,262802057827,2363418
262804421701,940,13,receive,262802025554,2396147
262804481316,2,13,receive,262802082566,2398750
262804481777,906,12,receive,262802061427,2420350
262804482247,50,14,receive,262802075028,2407219
262804482699,236,11,receive,262802084174,2398525
262804483167,174,15,receive,262802097765,2385402
262804483625,658,9,receive,262802103846,2379779
262804484086,244,13,receive,262802105010,2379076
262804484558,950,15,receive,262802116375,2368183
262804583112,654,11,receive,262802139339,2443773
262804583777,320,5,receive,262802100475,2483302
262804584450,154,8,receive,262802155010,2429440
262804585109,402,11,receive,262802222265,2362844
262804585773,806,11,receive,262802209005,2376768
262804651273,998,12,receive,262802215857,2435416
262804651937,390,12,receive,262802245005,2406932
262804652623,660,10,receive,262802197136,2455487
262804653314,956,14,receive,262802187923,2465391
262804654009,568,12,receive,262802255005,2399004
262804654700,414,7,receive,262802284510,2370190
262804736409,994,13,receive,262802275309,2461100
262804737135,708,15,receive,262802278351,2458784
262804737793,210,12,receive,262802293945,2443848
262804738453,946,13,receive,262802218437,2520016
262804739121,942,11,receive,262802265526,2473595
262804739785,878,11,receive,262802302013,2437772
262804794335,622,11,receive,262802353009,2441326
262804795030,392,13,receive,262802319773,2475257
262804795722,320,6,receive,262802382009,2413713
262804796410,86,12,receive,262802390804,2405606
262804840388,662,6,receive,262802396010,2444378
262804841103,58,14,receive,262802335605,2505498
262804841760,202,13,receive,262802396975,2444785
262804842424,974,12,receive,262802373244,2469180
262804843098,148,12,receive,262802408725,2434373
262804843757,962,14,receive,262802425347,2418410
262804891974,188,4,receive,262802468699,2423275
262804892696,22,13,receive,262802464011,2428685
262804893386,678,14,receive,262802457961,2435425
262804894079,874,15,receive,262802482890,2411189
262804894744,608,12,receive,262802506650,2388094
262804935713,242,2,receive,262802482601,2453112
262804936382,172,11,receive,262802547006,2389376
262804937078,126,13,receive,262802506007,2431071
262804937768,182,6,receive,262802498006,2439762
262804938460,146,12,receive,262802544375,2394085
262804979182,32,12,receive,262802443376,2535806
262804979873,372,17,receive,262802549306,2430567
262804980571,258,8,receive,262802567006,2413565
262804981278,658,11,receive,262802581006,2400272
262804981966,684,7,receive,262802583749,2398217
262805017013,866,15,receive,262802616285,2400728
262805017698,594,14,receive,262802618172,2399526
262805018382,934,13,receive,262802638422,2379960
262805028516,58,15,receive,262802565798,2462718
262805051608,556,14,receive,262802624153,2427455
262805052307,868,13,receive,262802710483,2341824
262805052989,906,13,receive,262802701034,2351955
262805053678,312,4,receive,262802694127,2359551
262805054362,402,12,receive,262802708771,2345591
262805096291,272,7,receive,262802691698,2404593
262805096990,410,3,receive,262802721006,2375984
262805097683,656,8,receive,262802721290,2376393
