receive_timestamp,source_vehicle,message_id,event_type,send_timestamp,latency_us
262803822942,96,1,receive,262794645700,9177242
262803823429,262,1,receive,262794646137,9177292
262803823875,82,1,receive,262794647666,9176209
262803824374,110,1,receive,262794648198,9176176
262803824813,12,1,receive,262794651507,9173306
262803825277,372,1,receive,262794651592,9173685
262803825753,156,1,receive,262794652107,9173646
262803869334,198,1,receive,262794652771,9216563
262803869766,186,1,receive,262794653417,9216349
262803870219,16,1,receive,262794654371,9215848
262803870671,376,1,receive,262794656043,9214628
262803871121,582,1,receive,262794656105,9215016
262803871561,380,1,receive,262794656620,9214941
262803872011,210,1,receive,262794657065,9214946
262803872474,580,1,receive,262794657773,9214701
262803872916,218,1,receive,262794659052,9213864
262803928400,596,1,receive,262794659861,9268539
262803928846,50,1,receive,262794660037,9268809
262803929308,76,1,receive,262794660045,9269263
262803929747,44,1,receive,262794661029,9268718
262803930198,592,1,receive,262794664405,9265793
262803930637,420,1,receive,262794665047,9265590
262803931081,588,1,receive,262794665889,9265192
262803931535,150,1,receive,262794668319,9263216
262803931977,632,1,receive,262794668908,9263069
262803993362,164,1,receive,262794669151,9324211
262803993813,384,1,receive,262794669749,9324064
262803994270,14,1,receive,262794650105,9344165
262803994713,542,1,receive,262794672968,9321745
262803999677,628,1,receive,262794676074,9323603
262804000149,52,1,receive,262794677035,9323114
262804000602,590,1,receive,262794679633,9320969
262804040359,170,1,receive,262794680405,9359954
262804040791,226,1,receive,262794680969,9359822
262804041238,364,1,receive,262794682340,9358898
262804041679,10,1,receive,262794651651,9390028
262804042131,88,1,receive,262794684352,9357779
262804042576,134,1,receive,262794684917,9357659
262804043026,358,1,receive,262794685038,9357988
262804043478,120,1,receive,262794685420,9358058
262804043931,758,1,receive,262794685979,9357952
262804099877,166,1,receive,262794688499,9411378
262804100345,208,1,receive,262794691855,9408490
262804100797,344,1,receive,262794693037,9407760
262804101322,832,1,receive,262794694048,9407274
262804101785,794,1,receive,262794695138,9406647
262804102247,442,1,receive,262794697452,9404795
262804102702,450,1,receive,262794698023,9404679
262804151193,162,1,receive,262794700773,9450420
262804151651,802,1,receive,262794702973,9448678
262804152120,812,1,receive,262794703956,9448164
262804152578,834,1,receive,262794704045,9448533
262804153046,126,1,receive,262794705053,9447993
262804153510,824,1,receive,262794709244,9444266
262804153974,818,1,receive,262794710825,9443149
262804197012,552,1,receive,262794712774,9484238
262804197464,752,1,receive,262794715035,9482429
262804197910,274,1,receive,262794718059,9479851
262804198364,830,1,receive,262794719284,9479080
262804198807,480,1,receive,262794719296,9479511
262804199264,822,1,receive,262794719860,9479404
262804199706,618,1,receive,262794721795,9477911
262804249318,520,1,receive,262794730338,9518980
262804249751,630,1,receive,262794730659,9519092
262804250207,500,1,receive,262794731099,9519108
262804250656,526,1,receive,262794732762,9517894
262804251415,348,1,receive,262794733707,9517708
262804251867,508,1,receive,262794734772,9517095
262804252335,836,1,receive,262794737218,9515117
262804252784,792,1,receive,262794738039,9514745
262804302324,762,1,receive,262794738054,9564270
262804302757,820,1,receive,262794738579,9564178
262804303189,168,1,receive,262794739068,9564121
262804303631,454,1,receive,262794739055,9564576
262804308082,354,1,receive,262794739204,9568878
262804308515,840,1,receive,262794739718,9568797
262804308956,388,1,receive,262794699467,9609489
262804309418,488,1,receive,262794741721,9567697
262804309878,92,1,receive,262794651844,9658034
262804358241,816,1,receive,262794745511,9612730
262804358678,202,1,receive,262794745539,9613139
262804359146,244,1,receive,262794745732,9613414
262804359613,212,1,receive,262794749217,9610396
262804360095,432,1,receive,262794657302,9702793
262804360565,178,1,receive,262794679202,9681363
262804409059,352,1,receive,262794747193,9661866
262804409526,610,1,receive,262794753207,9656319
262804409983,634,1,receive,262794756062,9653921
262804410453,540,1,receive,262794759061,9651392
262804410908,786,1,receive,262794759277,9651631
262804411372,494,1,receive,262794759442,9651930
262804411826,482,1,receive,262794759783,9652043
262804412295,838,1,receive,262794760973,9651322
262804412757,736,1,receive,262794761059,9651698
262804464418,712,1,receive,262794765916,9698502
262804464929,606,1,receive,262794767049,9697880
262804465404,594,1,receive,262794771037,9694367
262804465863,62,1,receive,262794771460,9694403
262804466336,236,1,receive,262794669024,9797312
262804466796,356,1,receive,262794775038,9691758
262804467266,724,1,receive,262794775084,9692182
262804467732,722,1,receive,262794775712,9692020
262804520783,788,1,receive,262794776734,9744049
262804521253,638,1,receive,262794777049,9744204
262804521710,466,1,receive,262794779063,9742647
262804522182,754,1,receive,262794779855,9742327
262804522640,744,1,receive,262794782098,9740542
262804523101,718,1,receive,262794784101,9739000
262804523563,58,1,receive,262794634580,9888983
262804609154,852,1,receive,262794785938,9823216
262804609676,842,1,receive,262794787098,9822578
262804610179,140,1,receive,262794705034,9905145
262804610672,874,1,receive,262794790712,9819960
262804611165,608,1,receive,262794791047,9820118
262804611639,740,1,receive,262794791185,9820454
262804612128,862,1,receive,262794791404,9820724
262804612602,586,1,receive,262794773034,9839568
262804674215,680,1,receive,262794800964,9873251
262804674678,556,1,receive,262794801210,9873468
262804675138,80,1,receive,262794753077,9922061
262804675587,810,1,receive,262794800687,9874900
262804676046,682,1,receive,262794803273,9872773
262804676509,848,1,receive,262794804357,9872152
262804676980,688,1,receive,262794805146,9871834
262804690435,670,1,receive,262794805425,9885010
262804690888,706,1,receive,262794805754,9885134
262804728387,532,1,receive,262794804039,9924348
262804728854,866,1,receive,262794807290,9921564
262804729335,846,1,receive,262794808433,9920902
262804729800,700,1,receive,262794808661,9921139
262804730276,666,1,receive,262794808832,9921444
262804730751,726,1,receive,262794809152,9921599
262804731225,886,1,receive,262794809654,9921571
262804731689,280,1,receive,262794804038,9927651
262804783243,534,1,receive,262794810019,9973224
262804783684,742,1,receive,262794810046,9973638
262804784124,734,1,receive,262794805975,9978149
262804784563,738,1,receive,262794804564,9979999
262804785006,578,1,receive,262794813571,9971435
262804785448,614,1,receive,262794818064,9967384
262804785884,766,1,receive,262794818592,9967292
262804786327,814,1,receive,262794819547,9966780
262804786762,760,1,receive,262794820818,9965944
262804817716,620,1,receive,262794817830,9999886
262804818149,864,1,receive,262794816273,10001876
262804818568,612,1,receive,262794824582,9993986
262804818981,768,1,receive,262794826059,9992922
262804828659,472,1,receive,262794824203,10004456
262804829099,890,1,receive,262794828041,10001058
262804833682,902,1,receive,262794828444,10005238
262804848203,878,1,receive,262794829373,10018830
262804848625,558,1,receive,262794826751,10021874
262804849049,882,1,receive,262794827769,10021280
262804849471,730,1,receive,262794831114,10018357
262804851926,780,1,receive,262794831798,10020128
262804852376,32,1,receive,262794664030,10188346
262804852810,174,1,receive,262794707028,10145782
262804853257,538,1,receive,262794831395,10021862
262804882144,774,1,receive,262794834551,10047593
262804882582,782,1,receive,262794831156,10051426
262804883035,636,1,receive,262794835757,10047278
262804884312,230,1,receive,262794836017,10048295
262804884775,568,1,receive,262794828903,10055872
262804885241,276,1,receive,262794718788,10166453
262804885722,184,1,receive,262794837518,10048204
262804913188,888,1,receive,262794838015,10075173
262804913624,708,1,receive,262794823509,10090115
262804914260,704,1,receive,262794836511,10077749
262804914698,536,1,receive,262794827439,10087259
262804918048,884,1,receive,262794818675,10099373
262804918499,880,1,receive,262794828803,10089696
262804918947,856,1,receive,262794841630,10077317
262804938324,674,1,receive,262794842731,10095593
262804938774,678,1,receive,262794849031,10089743
262804939230,868,1,receive,262794833809,10105421
262804947945,698,1,receive,262794848604,10099341
262804949363,806,1,receive,262794853081,10096282
262804952952,778,1,receive,262794855512,10097440
262804953415,720,1,receive,262794843242,10110173
262804953859,844,1,receive,262794842017,10111842
262804972145,900,1,receive,262794839300,10132845
262804972673,464,1,receive,262794827781,10144892
262804977028,804,1,receive,262794860983,10116045
262804977450,444,1,receive,262794861645,10115805
262804982635,790,1,receive,262794850137,10132498
262804983081,896,1,receive,262794858653,10124428
262804983523,870,1,receive,262794831029,10152494
262804983965,912,1,receive,262794858038,10125927
262804997620,116,1,receive,262794852130,10145490
262804998584,716,1,receive,262794853883,10144701
262805001840,876,1,receive,262794852260,10149580
262805005657,732,1,receive,262794852037,10153620
262805010058,854,1,receive,262794864460,10145598
262805014575,914,1,receive,262794874858,10139717
262805021557,828,1,receive,262794871988,10149569
262805022028,910,1,receive,262794873486,10148542
262805022493,892,1,receive,262794863422,10159071
262805025033,600,1,receive,262794874615,10150418
262805029961,924,1,receive,262794879157,10150804
262805034539,124,2,receive,262794780600,10253939
262805037370,918,1,receive,262794884191,10153179
262805037828,858,1,receive,262794875062,10162766
262805048607,628,2,receive,262794887482,10161125
262805049064,222,1,receive,262794858074,10190990
262805049512,826,1,receive,262794888886,10160626
262805049957,908,1,receive,262794887953,10162004
262805050405,916,1,receive,262794895909,10154496
262805068805,898,1,receive,262794897612,10171193
262805083869,206,1,receive,262794894084,10189785
262805084325,906,1,receive,262794896323,10188002
262805084767,176,1,receive,262794885163,10199604
262805088285,850,1,receive,262794880639,10207646
262805095043,702,1,receive,262794859037,10236006
262805095469,920,1,receive,262794906037,10189432
262805095883,904,1,receive,262794898967,10196916
262805096316,104,1,receive,262794693040,10403276
262805096754,894,1,receive,262794910035,10186719
262805118257,714,1,receive,262794869932,10248325
262805119734,432,2,receive,262794897567,10222167
262805120187,362,1,receive,262794890412,10229775
262805120618,74,2,receive,262794891949,10228669
262805121064,138,1,receive,262794906230,10214834
262805136029,872,1,receive,262794868647,10267382
262805136490,926,1,receive,262794922243,10214247
262805136944,860,1,receive,262794864783,10272161
262805147681,928,1,receive,262794926348,10221333
262805152017,922,1,receive,262794927383,10224634
262805158458,442,2,receive,262794921009,10237449
262805165575,172,1,receive,262794871811,10293764
262805166012,152,1,receive,262794921274,10244738
262805166429,820,2,receive,262794926445,10239984
262805166844,562,1,receive,262794948009,10218835
262805184429,378,1,receive,262794945663,10238766
262805184849,114,1,receive,262794899455,10285394
262805185299,758,2,receive,262794953280,10232019
262805192318,110,2,receive,262794921860,10270458
262805198716,148,1,receive,262794843310,10355406
262805199145,772,1,receive,262794960625,10238520
262805207059,212,2,receive,262794923249,10283810
262805217713,354,2,receive,262794884812,10332901
262805218159,938,1,receive,262794965518,10252641
262805218577,736,2,receive,262794901012,10317565
262805224302,934,1,receive,262794966837,10257465
262805224721,580,2,receive,262794955918,10268803
262805225150,888,2,receive,262794981489,10243661
262805225571,956,1,receive,262794984049,10241522
262805225993,508,2,receive,262794961472,10264521
262805246843,262,2,receive,262794986507,10260336
262805249218,962,1,receive,262794987230,10261988
262805253877,220,1,receive,262794979264,10274613
262805258408,838,2,receive,262794990251,10268157
262805258836,930,1,receive,262794990426,10268410
262805269752,700,2,receive,262794990760,10278992
262805284528,418,1,receive,262794895366,10389162
262805284952,12,2,receive,262794920545,10364407
262805285396,958,1,receive,262794999239,10286157
262805285834,964,1,receive,262795001085,10284749
262805286281,954,1,receive,262795002131,10284150
262805300156,948,1,receive,262795005276,10294880
262805300603,950,1,receive,262795006730,10293873
262805319727,944,1,receive,262795008940,10310787
262805320196,952,1,receive,262795010977,10309219
262805320647,358,2,receive,262795011078,10309569
262805321096,942,1,receive,262795012579,10308517
262805321546,20,2,receive,262794917166,10404380
262805321984,946,1,receive,262795013041,10308943
262805322435,404,1,receive,262795004819,10317616
262805322875,960,1,receive,262795017037,10305838
262805356965,162,2,receive,262795004120,10352845
262805357420,586,2,receive,262795027329,10330091
262805357858,98,2,receive,262794964568,10393290
262805358308,362,16,receive,262803821005,1537303
262805358744,308,7,receive,262803868473,1490271
262805377563,430,3,receive,262803821073,1556490
262805397397,20,17,receive,262803885063,1512334
262805397827,412,1,receive,262803872185,1525642
262805398266,312,6,receive,262803896007,1502259
262805398698,944,14,receive,262803898885,1499813
262805399149,478,3,receive,262803855127,1544022
262805408027,344,17,receive,262803900634,1507393
262805408451,320,10,receive,262803894820,1513631
262805408867,350,1,receive,262803906909,1501958
262805434815,942,13,receive,262803868487,1566328
262805435267,52,14,receive,262803874816,1560451
262805435709,826,16,receive,262803853471,1582238
262805436157,406,12,receive,262803858465,1577692
262805436608,8,17,receive,262803897142,1539466
262805437050,960,14,receive,262803934990,1502060
262805437494,470,11,receive,262803925070,1512424
262805437930,654,14,receive,262803950275,1487655
262805477842,244,18,receive,262803906077,1571765
262805478379,28,15,receive,262803952004,1526375
262805478818,580,15,receive,262803904422,1574396
262805479263,578,16,receive,262803952593,1526670
262805479700,968,15,receive,262803959485,1520215
262805480161,210,15,receive,262803972211,1507950
262805480598,916,15,receive,262803994124,1486474
262805520947,452,4,receive,262803904005,1616942
262805521444,368,2,receive,262803986007,1535437
262805521893,100,16,receive,262803972080,1549813
262805522346,4,2,receive,262804008077,1514269
262805522789,294,3,receive,262804015092,1507697
262805523241,998,14,receive,262804050423,1472818
262805523678,270,4,receive,262804058860,1464818
262805562211,920,14,receive,262804035782,1526429
262805562626,868,16,receive,262804045670,1516956
262805563059,386,6,receive,262804037124,1525935
262805563498,152,17,receive,262804063200,1500298
262805563969,174,18,receive,262804003152,1560817
262805564437,370,3,receive,262804062272,1502165
262805564874,600,15,receive,262804065784,1499090
262805565334,318,2,receive,262804024295,1541039
262805565774,980,19,receive,262804091042,1474732
262805622218,86,16,receive,262804036620,1585598
262805622641,88,18,receive,262804077007,1545634
262805623090,694,6,receive,262804073126,1549964
262805623542,256,4,receive,262804103853,1519689
262805623985,710,1,receive,262804121788,1502197
262805624426,336,5,receive,262804117194,1507232
262805624862,510,1,receive,262804149614,1475248
262805661108,934,18,receive,262804149520,1511588
262805661533,676,1,receive,262804161135,1500398
262805661945,388,17,receive,262804131811,1530134
262805662415,146,14,receive,262804144241,1518174
262805662833,498,2,receive,262804147382,1515451
262805663262,252,11,receive,262804163007,1500255
262805663692,332,6,receive,262804172078,1491614
262805712816,214,7,receive,262804189911,1522905
262805713255,806,14,receive,262804216802,1496453
262805713699,690,1,receive,262804217203,1496496
262805714144,478,4,receive,262804161933,1552211
262805714563,258,11,receive,262804187689,1526874
262805714982,728,1,receive,262804234856,1480126
262805715413,302,5,receive,262804216129,1499284
262805715826,324,8,receive,262804212400,1503426
262805755286,20,18,receive,262804228771,1526515
262805755730,394,12,receive,262804226188,1529542
262805756193,520,16,receive,262804242208,1513985
262805756629,390,15,receive,262804238080,1518549
262805757078,10,16,receive,262804260765,1496313
262805757522,58,19,receive,262804268078,1489444
262805757953,668,10,receive,262804304975,1452978
262805758407,424,4,receive,262804319751,1438656
262805758844,708,19,receive,262804269048,1489796
262805813834,696,5,receive,262804313008,1500826
262805814287,372,19,receive,262804297138,1517149
262805814725,2,16,receive,262804282480,1532245
262805815173,178,13,receive,262804331792,1483381
262805815613,338,5,receive,262804338863,1476750
262805816067,304,5,receive,262804322890,1493177
262805816508,952,19,receive,262804350810,1465698
262805816941,812,16,receive,262804371747,1445194
262805864488,194,11,receive,262804375370,1489118
262805864930,270,5,receive,262804367006,1497924
262805865380,934,19,receive,262804381960,1483420
262805865821,862,16,receive,262804387321,1478500
262805866278,948,14,receive,262804374925,1491353
262805866718,386,7,receive,262804413400,1453318
262805867175,316,8,receive,262804420378,1446797
262805867619,300,5,receive,262804419010,1448609
262805922546,538,18,receive,262804403249,1519297
262805922990,490,13,receive,262804413350,1509640
262805923446,672,1,receive,262804446661,1476785
262805923894,608,15,receive,262804452583,1471311
262805932899,460,1,receive,262804461312,1471587
262805933376,320,11,receive,262804428137,1505239
262805933842,238,6,receive,262804441931,1491911
262805971779,304,6,receive,262804470971,1500808
262805972239,332,7,receive,262804414555,1557684
262805972688,18,15,receive,262804427011,1545677
262805973150,520,17,receive,262804439525,1533625
262805973603,458,3,receive,262804479960,1493643
262805974053,412,2,receive,262804449456,1524597
262806028396,74,17,receive,262804514932,1513464
262806028852,656,10,receive,262804559008,1469844
262806029302,360,4,receive,262804553008,1476294
262806029738,374,4,receive,262804503084,1526654
262806030189,50,19,receive,262804565893,1464296
262806030629,492,3,receive,262804564089,1466540
262806031078,616,1,receive,262804585726,1445352
262806031523,512,1,receive,262804674051,1357472
262806031972,546,1,receive,262804683864,1348108
262806080475,66,15,receive,262804663184,1417291
262806080928,460,2,receive,262804677249,1403679
262806081385,442,17,receive,262804663201,1418184
262806081826,654,15,receive,262804683736,1398090
262806082274,196,1,receive,262804708328,1373946
262806082713,548,1,receive,262804715067,1367646
262806130076,190,8,receive,262804684513,1445563
262806130526,550,1,receive,262804710554,1419972
262806130973,414,11,receive,262804714015,1416958
262806131432,518,1,receive,262804689158,1442274
262806131880,200,1,receive,262804706202,1425678
262806132337,268,7,receive,262804709399,1422938
262806132786,296,8,receive,262804697756,1435030
262806170750,538,19,receive,262804700498,1470252
262806171208,188,8,receive,262804714006,1457202
262806171643,514,2,receive,262804709550,1462093
262806172109,436,10,receive,262804742282,1429827
262806172548,484,2,receive,262804739880,1432668
262806172982,662,11,receive,262804746982,1426000
262806173433,862,17,receive,262804732727,1440706
262806173872,498,3,receive,262804737782,1436090
262806206509,416,2,receive,262804740016,1466493
262806206935,204,1,receive,262804752892,1454043
262806207366,440,1,receive,262804780053,1427313
262806207787,426,2,receive,262804774323,1433464
262806208220,4,3,receive,262804784270,1423950
262806208637,182,9,receive,262804781009,1427628
262806209069,332,9,receive,262804787948,1421121
262806209501,410,6,receive,262804785006,1424495
262806209946,694,7,receive,262804748843,1461103
262806262395,510,3,receive,262804780350,1482045
262806262815,406,13,receive,262804796933,1465882
262806263267,502,15,receive,262804792791,1470476
262806263702,308,8,receive,262804839012,1424690
262806264150,970,13,receive,262804815658,1448492
262806264593,338,6,receive,262804840550,1424043
262806283770,460,3,receive,262804839433,1444337
262806284223,546,2,receive,262804823127,1461096
262806284667,692,2,receive,262804847010,1437657
262806285118,334,3,receive,262804837010,1448108
262806285566,390,17,receive,262804859537,1426029
262806286011,980,20,receive,262804866319,1419692
262806304104,652,11,receive,262804839070,1465034
262806318064,214,8,receive,262804861005,1457059
262806318495,642,1,receive,262804880378,1438117
262806319822,514,3,receive,262804873175,1446647
262806325508,284,5,receive,262804879504,1446004
262806331954,544,2,receive,262804885682,1446272
262806332389,294,4,receive,262804877832,1454557
262806332819,492,4,receive,262804901549,1431270
262806333271,192,6,receive,262804898386,1434885
262806333718,314,3,receive,262804905006,1428712
262806362562,180,9,receive,262804884631,1477931
262806362983,414,12,receive,262804909944,1453039
262806363424,696,6,receive,262804891467,1471957
262806363842,342,8,receive,262804931525,1432317
262806377757,686,10,receive,262804917440,1460317
262806378223,524,2,receive,262804908009,1470214
262806378674,648,1,receive,262804941804,1436870
262806404754,246,6,receive,262804950347,1454407
262806405210,302,7,receive,262804937007,1468203
262806405653,940,17,receive,262804929515,1476138
262806406113,404,16,receive,262804955802,1450311
262806406554,318,3,receive,262804956147,1450407
262806406995,474,1,receive,262804965055,1441940
262806422116,200,2,receive,262804933237,1488879
262806438094,306,5,receive,262804970207,1467887
262806438540,470,13,receive,262804973755,1464785
262806438978,336,7,receive,262804971009,1467969
262806439427,238,7,receive,262804968728,1470699
262806439883,258,13,receive,262804986006,1453877
262806440329,692,3,receive,262804967657,1472672
262806440761,272,10,receive,262805002062,1438699
262806478110,554,8,receive,262804968367,1509743
262806478557,350,3,receive,262804986662,1491895
262806478998,676,3,receive,262805005425,1473573
262806479441,446,2,receive,262804996015,1483426
262806479880,312,7,receive,262804931064,1548816
262806480337,328,9,receive,262805004006,1476331
262806480784,268,8,receive,262804979068,1501716
262806541727,414,13,receive,262805040696,1501031
262806542231,424,5,receive,262805024207,1518024
262806542702,710,3,receive,262805040121,1502581
262806543453,980,21,receive,262805030772,1512681
262806543939,616,2,receive,262805040162,1503777
262806544428,250,1,receive,262805034868,1509560
262806544909,504,3,receive,262805044692,1500217
262806591205,452,5,receive,262805013115,1578090
262806591650,300,7,receive,262805024607,1567043
262806592100,456,1,receive,262805056587,1535513
262806592561,412,4,receive,262805061858,1530703
262806593034,478,5,receive,262805051433,1541601
262806593501,254,1,receive,262805070223,1523278
262806593959,330,3,receive,262805069606,1524353
262806627562,260,1,receive,262805099706,1527856
262806628044,518,2,receive,262805092006,1536038
262806628528,604,14,receive,262805107182,1521346
262806628997,188,9,receive,262805087004,1541993
262806629465,598,1,receive,262805113564,1515901
262806629933,320,12,receive,262805109011,1520922
262806630407,486,1,receive,262805114959,1515448
262806685679,374,5,receive,262805100917,1584762
262806686143,764,1,receive,262805141798,1544345
262806686601,326,3,receive,262805135697,1550904
262806687076,196,2,receive,262805124693,1562383
262806691575,690,2,receive,262805081914,1609661
262806692099,316,9,receive,262805145489,1546610
262806692571,662,12,receive,262805130006,1562565
262806731043,264,1,receive,262805143277,1587766
262806732063,360,6,receive,262805130688,1601375
262806732533,394,13,receive,262805138304,1594229
262806732995,256,6,receive,262805147116,1585879
262806733472,602,1,receive,262805158467,1575005
262806733938,510,4,receive,262805180850,1553088
262806734417,546,3,receive,262805158253,1576164
262806734879,252,12,receive,262805181884,1552995
262806776181,258,14,receive,262805187192,1588989
262806776642,242,9,receive,262805190008,1586634
262806777115,448,9,receive,262805180360,1596755
262806777575,548,2,receive,262805204629,1572946
262806778044,574,1,receive,262805221469,1556575
262806778506,272,11,receive,262805214361,1564145
262806778960,400,3,receive,262805233010,1545950
262806827636,282,1,receive,262805234803,1592833
262806828105,340,3,receive,262805237930,1590175
262806828571,426,3,receive,262805211743,1616828
262806829039,572,1,receive,262805248804,1580235
262806829509,554,9,receive,262805200140,1629369
262806829971,270,6,receive,262805239912,1590059
262806830443,286,1,receive,262805262144,1568299
262806830919,254,2,receive,262805260976,1569943
262806876795,672,3,receive,262805271582,1605213
262806877294,470,14,receive,262805249361,1627933
262806877815,654,16,receive,262805274094,1603721
262806878351,310,5,receive,262805252184,1626167
262806878812,468,5,receive,262805268571,1610241
262806879285,296,9,receive,262805268385,1610900
262806879752,650,1,receive,262805295838,1583914
262806922991,314,4,receive,262805280222,1642769
262806923469,498,4,receive,262805295946,1627523
262806923932,194,12,receive,262805294005,1629927
262806924409,512,2,receive,262805291636,1632773
262806924885,504,4,receive,262805300296,1624589
262806925361,332,10,receive,262805282670,1642691
262806925831,550,2,receive,262805315453,1610378
262806967925,292,1,receive,262805307930,1659995
262806968397,304,7,receive,262805307394,1661003
262806968870,642,2,receive,262805301806,1667064
262806969338,506,1,receive,262805328039,1641299
262806969790,696,7,receive,262805310905,1658885
262806970254,522,2,receive,262805310866,1659388
262807007262,424,6,receive,262805311310,1695952
262807007720,360,7,receive,262805355011,1652709
262807008198,322,4,receive,262805344801,1663397
262807008679,416,3,receive,262805350613,1658066
262807009162,644,1,receive,262805371488,1637674
262807009626,270,7,receive,262805384819,1624807
262807010100,346,1,receive,262805416711,1593389
262807010572,386,9,receive,262805398863,1611709
262807056061,518,4,receive,262805438335,1617726
262807056525,516,1,receive,262805438809,1617716
262807057010,250,2,receive,262805450472,1606538
262807057488,374,6,receive,262805446133,1611355
262807058712,238,8,receive,262805456699,1602013
262807059186,396,1,receive,262805450533,1608653
262807059652,664,3,receive,262805459394,1600258
262807082545,298,6,receive,262805458122,1624423
262807083017,514,4,receive,262805442693,1640324
262807083474,544,3,receive,262805458288,1625186
262807083921,410,7,receive,262805487390,1596531
262807084379,266,6,receive,262805488127,1596252
262807084832,370,5,receive,262805466631,1618201
262807085298,486,2,receive,262805510844,1574454
262807085746,390,18,receive,262805497928,1587818
262807137765,306,6,receive,262805502007,1635758
262807138277,130,3,receive,262805520501,1617776
262807138735,460,4,receive,262805458140,1680595
262807139207,498,5,receive,262805493182,1646025
262807139681,462,2,receive,262805487011,1652670
262807140163,510,5,receive,262805512126,1628037
262807140621,756,1,receive,262805530587,1610034
262807168623,284,6,receive,262805520061,1648562
262807169117,214,9,receive,262805441671,1727446
262807169576,550,3,receive,262805548354,1621222
262807170042,656,11,receive,262805552326,1617716
262807170502,240,1,receive,262805562225,1608277
262807170966,676,4,receive,262805536281,1634685
262807171438,312,8,receive,262805571334,1600104
262807171898,406,14,receive,262805556218,1615680
262807204283,296,10,receive,262805553935,1650348
262807204916,368,4,receive,262805552363,1652553
262807209922,528,1,receive,262805579475,1630447
262807218457,490,15,receive,262805554147,1664310
262807218907,192,7,receive,262805559144,1659763
262807219360,318,4,receive,262805547320,1672040
262807240591,524,3,receive,262805580014,1660577
262807241062,308,9,receive,262805581347,1659715
262807241540,180,10,receive,262805599423,1642117
262807242021,452,6,receive,262805592279,1649742
262807242532,522,3,receive,262805602304,1640228
262807243015,746,1,receive,262805617836,1625179
262807243490,370,6,receive,262805627983,1615507
262807243956,504,5,receive,262805589006,1654950
262807287506,264,2,receive,262805617951,1669555
262807288031,204,2,receive,262805631120,1656911
262807288547,254,3,receive,262805640096,1648451
262807289021,456,2,receive,262805618226,1670795
262807289484,412,5,receive,262805654532,1634952
262807289947,484,3,receive,262805610010,1679937
262807318948,692,4,receive,262805654779,1664169
262807319483,478,6,receive,262805653538,1665945
262807319974,784,1,receive,262805674500,1645474
262807320463,292,2,receive,262805652444,1668019
262807337024,430,5,receive,262805662875,1674149
262807337494,414,14,receive,262805664270,1673224
262807337961,502,16,receive,262805669618,1668343
262807357443,550,4,receive,262805681070,1676373
262807357889,200,3,receive,262805697750,1660139
262807358365,616,3,receive,262805698166,1660199
262807358835,242,10,receive,262805713537,1645298
262807359312,458,5,receive,262805717705,1641607
262807359788,328,10,receive,262805731066,1628722
262807392263,664,4,receive,262805710121,1682142
262807392734,694,8,receive,262805739501,1653233
262807393209,686,11,receive,262805730390,1662819
262807393675,798,1,receive,262805764047,1629628
262807394148,554,10,receive,262805725008,1669140
262807394613,514,5,receive,262805769787,1624826
262807431578,4,4,receive,262805783907,1647671
262807432053,584,1,receive,262805774020,1658033
262807432686,300,8,receive,262805751078,1681608
262807433154,338,7,receive,262805771590,1661564
262807433603,446,3,receive,262805780509,1653094
262807434060,296,11,receive,262805782010,1652050
262807434512,498,6,receive,262805813633,1620879
262807434958,272,12,receive,262805826186,1608772
262807467944,250,3,receive,262805827783,1640161
262807468407,286,2,receive,262805801329,1667078
262807468855,270,8,receive,262805819842,1649013
262807469317,572,2,receive,262805850008,1619309
262807469772,200,4,receive,262805850047,1619725
262807470234,252,13,receive,262805863493,1606741
262807470686,564,1,receive,262805872688,1597998
262807509156,216,2,receive,262805866811,1642345
262807509730,470,15,receive,262805861007,1648723
262807510211,460,5,receive,262805805381,1704830
262807510820,516,2,receive,262805863008,1647812
262807511304,616,4,receive,262805870455,1640849
262807511751,800,1,receive,262805897540,1614211
262807512199,490,16,receive,262805935506,1576693
262807512635,750,1,receive,262805955878,1556757
262807551326,326,4,receive,262805960006,1591320
262807551758,130,4,receive,262805956306,1595452
262807552229,246,7,receive,262805928181,1624048
262807552684,808,1,receive,262805971317,1581367
262807553156,330,6,receive,262805970126,1583030
262807566035,486,3,receive,262805863010,1703025
262807587468,518,5,receive,262805940815,1646653
262807587943,624,1,receive,262805991483,1596460
262807588410,528,2,receive,262805988246,1600164
262807588885,696,9,receive,262805976688,1612197
262807589352,268,9,receive,262805984007,1605345
262807589814,504,6,receive,262805997618,1592196
262807590282,546,4,receive,262806025903,1564379
262807590742,598,2,receive,262806014012,1576730
262807628738,264,3,receive,262806000906,1627832
262807629199,192,8,receive,262805996500,1632699
262807629647,564,2,receive,262806051516,1578131
262807630106,190,10,receive,262806041627,1588479
262807630557,426,4,receive,262806043068,1587489
262807631009,776,1,receive,262806067035,1563974
262807646032,254,4,receive,262806063858,1582174
262807664349,672,6,receive,262806074591,1589758
262807664813,272,13,receive,262806074007,1590806
262807665269,240,2,receive,262806043357,1621912
262807665720,796,2,receive,262806080606,1585114
262807666177,544,4,receive,262806089006,1577171
262807666629,710,4,receive,262806041356,1625273
262807667096,216,3,receive,262806137007,1530089
262807667549,282,2,receive,262806127188,1540361
262807705275,242,12,receive,262806140075,1565200
262807705721,524,4,receive,262806163855,1541866
262807706184,642,3,receive,262806168315,1537869
262807706630,238,9,receive,262806175653,1530977
262807707083,756,2,receive,262806149855,1557228
262807707533,656,12,receive,262806183727,1523806
262807707986,270,10,receive,262806141557,1566429
262807708442,4,5,receive,262806188767,1519675
262807708884,662,14,receive,262806187545,1521339
262807759025,468,6,receive,262806164982,1594043
262807759470,214,10,receive,262806191725,1567745
262807759923,286,3,receive,262806203873,1556050
262807760392,192,9,receive,262806203872,1556520
262807760858,346,2,receive,262806176861,1583997
262807761332,296,13,receive,262806181059,1580273
262807761796,676,5,receive,262806186009,1575787
262807799286,258,15,receive,262806225995,1573291
262807799739,518,6,receive,262806178314,1621425
262807800259,340,4,receive,262806208006,1592253
262807800704,644,2,receive,262806155285,1645419
262807801157,448,10,receive,262806214895,1586262
262807801598,314,5,receive,262806264066,1537532
262807831440,570,2,receive,262806254616,1576824
262807831890,368,5,receive,262806257544,1574346
262807832484,478,7,receive,262806291691,1540793
262807832929,396,3,receive,262806290678,1542251
262807833403,180,11,receive,262806289205,1544198
262807833880,426,5,receive,262806235070,1598810
262807834354,242,13,receive,262806285009,1549345
262807834824,576,2,receive,262806281934,1552890
262807876810,728,4,receive,262806246449,1630361
262807877275,326,5,receive,262806177124,1700151
262807877733,342,10,receive,262806291005,1586728
262807878209,470,16,receive,262806319571,1558638
262807878669,194,13,receive,262806308174,1570495
262807879147,662,15,receive,262806328382,1550765
262807919706,518,7,receive,262806340789,1578917
262807920186,764,3,receive,262806353193,1566993
262807920645,292,3,receive,262806325009,1595636
262807921112,452,7,receive,262806309225,1611887
262807921573,484,4,receive,262806341958,1579615
262807922036,692,5,receive,262806370087,1551949
262807952760,424,7,receive,262806358671,1594089
262807953230,386,10,receive,262806356009,1597221
262807953690,574,3,receive,262806193605,1760085
262807954158,664,5,receive,262806299315,1654843
262807954616,510,6,receive,262806335416,1619200
262807955080,330,7,receive,262806310016,1645064
262807955539,204,3,receive,262806383946,1571593
262807991460,200,5,receive,262806385702,1605758
262807991913,448,11,receive,262806396118,1595795
262807992377,266,8,receive,262806404374,1588003
262807992831,504,7,receive,262806340091,1652740
262807993305,310,7,receive,262806393148,1600157
262807993756,456,3,receive,262806338248,1655508
262807994215,410,8,receive,262806429014,1565201
262807994667,566,3,receive,262806421121,1573546
262808033621,770,2,receive,262806424316,1609305
262808034065,284,8,receive,262806396841,1637224
262808034516,694,9,receive,262806390706,1643810
262808034970,696,10,receive,262806446326,1588644
262808035432,530,3,receive,262806469609,1565823
262808035883,368,6,receive,262806476306,1559577
262808036347,272,14,receive,262806478468,1557879
262808076822,412,6,receive,262806486135,1590687
262808077292,676,6,receive,262806461010,1616282
262808077735,340,5,receive,262806471991,1605744
262808078202,346,3,receive,262806491387,1586815
262808078654,546,5,receive,262806487683,1590971
262808079114,240,3,receive,262806498374,1580740
262808079557,252,14,receive,262806505034,1574523
262808118028,296,14,receive,262806552287,1565741
262808118492,550,5,receive,262806549840,1568652
262808118936,800,2,receive,262806547869,1571067
262808119397,200,6,receive,262806552153,1567244
262808119846,264,4,receive,262806567438,1552408
262808120305,294,6,receive,262806541668,1578637
262808120760,598,3,receive,262806557209,1563551
262808121254,602,3,receive,262806607366,1513888
262808121710,334,5,receive,262806613840,1507870
262808168176,746,2,receive,262806603755,1564421
262808168617,330,8,receive,262806590146,1578471
262808169081,130,5,receive,262806610280,1558801
262808169531,626,2,receive,262806575592,1593939
262808169987,796,3,receive,262806530435,1639552
262808170456,284,9,receive,262806611324,1559132
262808170903,386,11,receive,262806618012,1552891
262808171426,194,14,receive,262806634311,1537115
262808171887,530,4,receive,262806648892,1522995
262808215494,750,2,receive,262806638196,1577298
262808215935,336,9,receive,262806658311,1557624
262808216398,414,15,receive,262806642946,1573452
262808216847,300,10,receive,262806692986,1523861
262808217311,360,9,receive,262806737009,1480302
262808233750,190,11,receive,262806733591,1500159
262808247847,598,4,receive,262806747311,1500536
262808248299,522,5,receive,262806756567,1491732
262808254234,514,6,receive,262806729422,1524812
262808258552,616,5,receive,262806750067,1508485
262808265882,462,4,receive,262806708648,1557234
262808269948,440,3,receive,262806721004,1548944
262808275418,302,11,receive,262806744552,1530866
262808297551,304,9,receive,262806781619,1515932
262808298079,256,8,receive,262806763293,1534786
262808298521,776,2,receive,262806769116,1529405
262808299040,584,3,receive,262806779318,1519722
262808299484,642,4,receive,262806786006,1513478
262808299931,282,3,receive,262806779006,1520925
262808300398,516,4,receive,262806782611,1517787
262808300851,250,4,receive,262806765121,1535730
262808338583,400,6,receive,262806802588,1535995
262808339044,624,2,receive,262806785363,1553681
262808339505,286,4,receive,262806810005,1529500
262808339957,728,5,receive,262806777070,1562887
262808340437,484,6,receive,262806838204,1502233
262808340888,690,4,receive,262806814849,1526039
262808341356,460,6,receive,262806850720,1490636
262808341813,190,12,receive,262806855004,1486809
262808385546,648,3,receive,262806849069,1536477
262808386118,258,17,receive,262806856623,1529495
262808386575,412,8,receive,262806852231,1534344
262808387041,360,10,receive,262806864716,1522325
262808387498,260,3,receive,262806885059,1502439
262808387950,566,4,receive,262806874270,1513680
262808388415,308,12,receive,262806894127,1494288
262808435065,312,10,receive,262806900809,1534256
262808435511,486,4,receive,262806875282,1560229
262808435954,310,8,receive,262806911325,1524629
262808436423,544,5,receive,262806905485,1530938
262808436882,374,8,receive,262806912692,1524190
262808440553,340,6,receive,262806917007,1523546
262808441022,776,3,receive,262806933864,1507158
262808441484,400,7,receive,262806908346,1533138
262808441954,574,5,receive,262806935009,1506945
262808478437,554,12,receive,262806893982,1584455
262808478888,424,8,receive,262806910009,1568879
262808479358,300,11,receive,262806959737,1519621
262808480217,196,5,receive,262806966432,1513785
262808480664,510,7,receive,262806972008,1508656
262808481120,272,15,receive,262806951493,1529627
262808481568,430,8,receive,262806961759,1519809
262808518747,448,12,receive,262806977128,1541619
262808519214,298,8,receive,262806985451,1533763
262808519705,300,12,receive,262807087482,1432223
262808520189,530,5,receive,262807082921,1437268
262808520653,266,9,receive,262807101238,1419415
262808521130,672,7,receive,262807066689,1454441
262808521592,548,4,receive,262807101070,1420522
262808565460,214,11,receive,262807092627,1472833
262808565900,328,12,receive,262807077914,1487986
262808566326,270,11,receive,262807078563,1487763
262808566752,808,3,receive,262807104021,1462731
262808567211,242,14,receive,262807085544,1481667
262808567646,498,8,receive,262807107277,1460369
262808568089,312,11,receive,262807097962,1470127
262808568528,456,4,receive,262807044538,1523990
262808568969,650,3,receive,262807110943,1458026
262808614096,470,17,receive,262807124349,1489747
262808614515,4,6,receive,262807138017,1476498
262808614938,194,16,receive,262807126843,1488095
262808615404,664,6,receive,262807117007,1498397
262808615869,426,6,receive,262807075272,1540597
262808616347,326,6,receive,262807082430,1533917
262808616817,322,6,receive,262807124006,1492811
262808655851,204,4,receive,262807163006,1492845
262808656304,492,8,receive,262807137835,1518469
262808656744,416,5,receive,262807105010,1551734
262808657193,798,3,receive,262807165843,1491350
262808657630,458,7,receive,262807184976,1472654
262808658079,462,5,receive,262807176532,1481547
262808658518,406,16,receive,262807159033,1499485
262808658952,750,5,receive,262807164716,1494236
262808698214,284,10,receive,262807200071,1498143
262808698629,304,10,receive,262807194247,1504382
262808699064,524,6,receive,262807192883,1506181
262808699504,452,8,receive,262807194187,1505317
262808699935,192,10,receive,262807225011,1474924
262808700380,292,4,receive,262807185326,1515054
262808715051,566,5,receive,262807196078,1518973
262808735392,514,7,receive,262807191614,1543778
262808735839,576,3,receive,262807212076,1523763
262808736750,796,4,receive,262807233079,1503671
262808737244,692,6,receive,262807219414,1517830
262808737679,672,8,receive,262807245016,1492663
262808738118,690,5,receive,262807235005,1503113
262808738545,4,7,receive,262807260561,1477984
262808738979,272,16,receive,262807244568,1494411
262808754603,334,6,receive,262807255011,1499592
262808755060,696,11,receive,262807283413,1471647
262808782106,486,5,receive,262807281919,1500187
262808782778,250,5,receive,262807265265,1517513
262808783435,294,7,receive,262807269680,1513755
262808784180,322,7,receive,262807271670,1512510
262808806253,676,8,receive,262807244006,1562247
262808806905,318,6,receive,262807297443,1509462
262808847020,200,7,receive,262807286345,1560675
262808847730,518,9,receive,262807269588,1578142
262808848408,386,13,receive,262807310956,1537452
262808849089,396,4,receive,262807310945,1538144
262808849775,572,4,receive,262807295006,1554769
262808862648,264,6,receive,262807285776,1576872
262808863320,512,5,receive,262807324262,1539058
262808869021,800,3,receive,262807333006,1536015
262808876031,204,5,receive,262807365240,1510791
262808877656,328,13,receive,262807357399,1520257
262808880102,190,13,receive,262807364503,1515599
262808882656,180,12,receive,262807346547,1536109
262808887621,550,6,receive,262807351005,1536616
262808893080,784,3,receive,262807341739,1551341
262808897989,764,4,receive,262807348537,1549452
262808899224,808,4,receive,262807335896,1563328
262808903240,626,3,receive,262807375126,1528114
262808907026,504,9,receive,262807374090,1532936
262808911940,350,6,receive,262807398253,1513687
262808931689,598,5,receive,262807371964,1559725
262808932353,650,4,receive,262807406115,1526238
262808933022,616,7,receive,262807394006,1539016
262808933686,242,15,receive,262807414006,1519680
262808934360,254,6,receive,262807438130,1496230
262808971042,510,8,receive,262807452186,1518856
262808971702,424,9,receive,262807428417,1543285
262808972363,446,5,receive,262807455318,1517045
262808973047,306,8,receive,262807435846,1537201
262808973709,214,12,receive,262807457689,1516020
262808974379,728,6,receive,262807442398,1531981
262809013335,322,8,receive,262807464123,1549212
262809014032,478,9,receive,262807440329,1573703
262809014727,528,4,receive,262807475118,1539609
262809015424,266,10,receive,262807470364,1545060
262809016139,530,6,receive,262807472317,1543822
262809027141,696,12,receive,262807505059,1522082
262809027801,748,3,receive,262807491741,1536060
262809028484,240,4,receive,262807500410,1528074
262809029178,784,4,receive,262807490269,1538909
262809029862,272,17,receive,262807524472,1505390
262809072124,770,4,receive,262807532370,1539754
262809072773,440,4,receive,262807526734,1546039
262809073427,308,13,receive,262807531879,1541548
262809074105,710,6,receive,262807539594,1534511
262809074772,260,4,receive,262807545253,1529519
262809098061,346,5,receive,262807548071,1549990
262809098738,460,7,receive,262807547635,1551103
262809099398,410,10,receive,262807557020,1542378
262809100074,310,9,receive,262807561084,1538990
262809100744,506,4,receive,262807557406,1543338
262809119673,504,10,receive,262807562285,1557388
262809120343,798,4,receive,262807562309,1558034
262809121025,546,6,receive,262807536298,1584727
262809121694,648,4,receive,262807538850,1582844
262809122370,4,8,receive,262807593576,1528794
262809158142,800,4,receive,262807576254,1581888
262809158800,330,9,receive,262807616599,1542201
262809159462,462,6,receive,262807596507,1562955
262809160121,412,9,receive,262807621886,1538235
262809170385,204,6,receive,262807604352,1566033
262809188944,602,5,receive,262807612530,1576414
262809189670,570,4,receive,262807634853,1554817
262809190316,426,7,receive,262807630655,1559661
262809190991,468,8,receive,262807634513,1556478
262809191666,342,13,receive,262807633179,1558487
262809212563,624,3,receive,262807626074,1586489
262809213242,296,16,receive,262807609885,1603357
262809213894,516,5,receive,262807660673,1553221
262809220198,512,6,receive,262807654385,1565813
262809235279,196,6,receive,262807709590,1525689
262809235972,302,12,receive,262807693525,1542447
262809236637,292,5,receive,262807730139,1506498
262809237289,644,4,receive,262807746400,1490889
262809237931,522,6,receive,262807721128,1516803
262809238584,412,10,receive,262807760515,1478069
262809273657,694,12,receive,262807755006,1518651
262809274335,416,6,receive,262807751478,1522857
262809274995,584,4,receive,262807764004,1510991
262809275668,304,11,receive,262807766073,1509595
262809288325,430,9,receive,262807742578,1545747
262809316031,564,4,receive,262807732370,1583661
262809316690,314,7,receive,262807738518,1578172
262809317343,544,6,receive,262807761088,1556255
262809317988,396,5,receive,262807759145,1558843
262809318655,574,6,receive,262807776805,1541850
262809319318,386,14,receive,262807754308,1565010
262809319987,528,5,receive,262807774572,1545415
262809354103,566,6,receive,262807754470,1599633
262809354758,484,7,receive,262807753530,1601228
262809355410,334,7,receive,262807785006,1570404
262809356057,340,7,receive,262807779996,1576061
262809356709,256,9,receive,262807793118,1563591
262809392385,190,14,receive,262807798679,1593706
262809393039,282,4,receive,262807802421,1590618
262809393844,298,10,receive,262807807621,1586223
262809401755,308,14,receive,262807822115,1579640
262809408266,510,9,receive,262807813483,1594783
262809432373,284,11,receive,262807816822,1615551
262809433068,478,10,receive,262807830966,1602102
262809433740,642,6,receive,262807833868,1599872
262809434412,294,8,receive,262807844239,1590173
262809435069,326,7,receive,262807829873,1605196
262809470949,448,13,receive,262807856061,1614888
262809471612,370,9,receive,262807844950,1626662
262809472294,602,6,receive,262807828103,1644191
262809472965,546,7,receive,262807850729,1622236
262809473636,300,13,receive,262807861752,1611884
262809501510,296,17,receive,262807859134,1642376
262809502163,512,7,receive,262807877769,1624394
262809502810,506,5,receive,262807868599,1634211
262809503466,690,6,receive,262807873851,1629615
262809504124,130,7,receive,262807882129,1621995
262809504772,676,9,receive,262807914305,1590467
262809538807,650,5,receive,262807935264,1603543
262809539442,458,8,receive,262807938325,1601117
262809540080,338,10,receive,262807931713,1608367
262809540752,528,6,receive,262807936492,1604260
262809541420,808,5,receive,262807948540,1592880
262809575920,776,4,receive,262807939620,1636300
262809576592,664,7,receive,262807935266,1641326
262809577273,468,9,receive,262807951468,1625805
262809578909,268,13,receive,262807940005,1638904
262809585192,748,4,receive,262807961291,1623901
262809608947,504,11,receive,262807929515,1679432
262809609609,524,7,receive,262807959761,1649848
262809610265,240,5,receive,262807990693,1619572
262809610913,516,6,receive,262807977125,1633788
262809611568,548,5,receive,262807997980,1613588
262809629688,180,13,receive,262807993780,1635908
262809630342,264,7,receive,262808008118,1622224
262809631010,310,10,receive,262807979260,1651750
262809631680,318,7,receive,262807971709,1659971
262809648674,514,8,receive,262808021844,1626830
262809667880,272,18,receive,262808030679,1637201
262809668524,672,9,receive,262808040943,1627581
262809669178,370,10,receive,262808039788,1629390
262809669825,518,10,receive,262808030126,1639699
262809670494,306,9,receive,262808054387,1616107
262809702173,644,5,receive,262808044070,1658103
262809702843,270,13,receive,262808034005,1668838
262809703635,522,7,receive,262808083005,1620630
262809704289,492,9,receive,262808055166,1649123
262809704940,414,17,receive,262808106759,1598181
262809705591,692,7,receive,262808120440,1585151
262809736552,800,5,receive,262808127759,1608793
262809737201,664,8,receive,262808124746,1612455
262809737847,796,5,receive,262808121454,1616393
262809738506,260,5,receive,262808111328,1627178
262809739163,506,6,receive,262808103006,1636157
262809739816,572,5,receive,262808121798,1618018
262809770521,214,13,receive,262808134095,1636426
262809771187,334,8,receive,262808125069,1646118
262809771827,550,7,receive,262808122514,1649313
262809776392,386,15,receive,262808165010,1611382
262809792973,272,19,receive,262808153398,1639575
262809793658,410,11,receive,262808167570,1626088
262809794328,746,4,receive,262808184339,1609989
262809794980,576,4,receive,262808146798,1648182
262809795634,504,12,receive,262808185820,1609814
262809820556,284,12,receive,262808157836,1662720
262809821301,648,5,receive,262808191584,1629717
262809821950,446,6,receive,262808180128,1641822
262809822596,302,14,receive,262808205916,1616680
262809830581,250,6,receive,262808211008,1619573
262809844432,770,5,receive,262808218004,1626428
262809845113,294,9,receive,262808202847,1642266
262809845783,336,11,receive,262808223132,1622651
262809856429,400,9,receive,262808231306,1625123
262809873191,530,7,receive,262808236252,1636939
262809873844,798,5,receive,262808197082,1676762
262809874497,292,6,receive,262808198012,1676485
262809875160,512,8,receive,262808240710,1634450
262809875839,264,8,receive,262808234119,1641720
262809902467,268,14,receive,262808253006,1649461
262809903137,764,5,receive,262808251554,1651583
262809903791,256,10,receive,262808259358,1644433
262809904461,808,6,receive,262808260517,1643944
262809905143,370,11,receive,262808274010,1631133
262809905822,694,13,receive,262808288009,1617813
262809930420,196,8,receive,262808296614,1633806
262809931097,728,7,receive,262808276185,1654912
262809938174,322,10,receive,262808309125,1629049
262809942753,304,12,receive,262808316139,1626614
262809959642,308,15,receive,262808292463,1667179
262809960322,602,7,receive,262808307707,1652615
262809960973,266,11,receive,262808326193,1634780
262809966504,458,9,receive,262808318642,1647862
262809971308,528,7,receive,262808311602,1659706
262809988962,350,8,receive,262808214011,1774951
262809989638,254,7,receive,262808354334,1635304
262809990325,416,7,receive,262808345832,1644493
262809990999,424,10,receive,262808307073,1683926
262809991659,574,7,receive,262808353640,1638019
262810017445,334,9,receive,262808364687,1652758
262810018137,462,7,receive,262808384235,1633902
262810018782,282,5,receive,262808400008,1618774
262810019435,410,12,receive,262808408794,1610641
262810041549,690,7,receive,262808376138,1665411
262810042283,446,7,receive,262808398373,1643910
262810042938,570,6,receive,262808378757,1664181
262810043578,286,8,receive,262808426549,1617029
262810044238,340,8,receive,262808434493,1609745
262810044912,616,8,receive,262808454190,1590722
262810070886,518,11,receive,262808457148,1613738
262810071912,710,7,receive,262808421008,1650904
262810076951,544,7,receive,262808489885,1587066
262810079242,314,8,receive,262808482241,1597001
262810098618,696,13,receive,262808499006,1599612
262810099271,498,10,receive,262808502607,1596664
262810099916,566,7,receive,262808515010,1584906
262810101465,504,13,receive,262808503010,1598455
262810107178,522,8,receive,262808507483,1599695
262810124022,346,6,receive,262808517006,1607016
262810124696,486,7,receive,262808484378,1640318
262810125376,200,9,receive,262808565005,1560371
262810126053,338,11,receive,262808554009,1572044
262810126707,260,6,receive,262808573010,1553697
262810127353,330,10,receive,262808588353,1539000
262810151686,440,6,receive,262808575158,1576528
262810152360,268,15,receive,262808564766,1587594
262810157552,624,5,receive,262808582133,1575419
262810162953,468,10,receive,262808557972,1604981
262810183185,756,5,receive,262808551881,1631304
262810183843,572,6,receive,262808604348,1579495
262810184479,396,7,receive,262808611640,1572839
262810185139,130,8,receive,262808604943,1580196
262810185786,530,8,receive,262808631005,1554781
262810186436,602,8,receive,262808620135,1566301
262810213296,412,11,receive,262808624734,1588562
262810214050,370,12,receive,262808602205,1611845
262810214726,448,14,receive,262808625410,1589316
262810215395,368,10,receive,262808644617,1570778
262810216051,478,11,receive,262808655430,1560621
262810216692,460,9,receive,262808652946,1563746
262810242602,336,12,receive,262808665497,1577105
262810243610,544,8,receive,262808682123,1561487
262810244290,342,14,receive,262808680698,1563592
262810244964,214,14,receive,262808685814,1559150
262810245646,416,8,receive,262808697626,1548020
262810266306,522,9,receive,262808679420,1586886
262810266953,266,12,receive,262808708854,1558099
262810267611,256,11,receive,262808694207,1573404
262810268265,430,11,receive,262808706528,1561737
262810268915,302,15,receive,262808695008,1573907
262810289333,642,7,receive,262808683118,1606215
262810289980,298,11,receive,262808724009,1565971
262810290636,796,6,receive,262808712252,1578384
262810300391,284,13,receive,262808713062,1587329
262810310739,510,10,receive,262808738666,1572073
262810311426,564,5,receive,262808743837,1567589
262810312104,410,13,receive,262808730118,1581986
262810312738,728,8,receive,262808741722,1571016
262810313383,296,18,receive,262808697195,1616188
262810332529,326,8,receive,262808738847,1593682
262810333202,484,8,receive,262808742080,1591122
262810333883,456,6,receive,262808766183,1567700
262810339596,800,6,receive,262808702410,1637186
262810340271,746,5,receive,262808739501,1600770
262810340946,294,10,receive,262808764785,1576161
262810362917,584,5,receive,262808773868,1589049
262810363568,548,6,receive,262808759141,1604427
262810372021,338,12,receive,262808763855,1608166
262810372675,676,10,receive,262808745507,1627168
262810373336,386,16,receive,262808798790,1574546
262810373969,216,6,receive,262808797705,1576264
262810393924,546,8,receive,262808825416,1568508
262810394569,550,8,receive,262808799361,1595208
262810401386,576,5,receive,262808803858,1597528
262810409301,446,8,receive,262808795384,1613917
262810422302,240,7,receive,262808826005,1596297
262810422957,644,7,receive,262808827419,1595538
262810423606,574,8,receive,262808859010,1564596
262810424262,650,7,receive,262808824619,1599643
262810435297,474,7,receive,262808789355,1645942
262810450253,642,8,receive,262808867535,1582718
262810450909,748,5,receive,262808881008,1569901
262810451502,548,7,receive,262808888918,1562584
262810452154,648,6,receive,262808894118,1558036
262810452801,514,9,receive,262808878654,1574147
262810453453,672,10,receive,262808874395,1579058
262810477265,310,11,receive,262808879583,1597682
262810477914,598,7,receive,262808908076,1569838
262810478560,770,6,receive,262808887904,1590656
262810479210,270,14,receive,262808902481,1576729
262810479859,460,10,receive,262808899880,1579979
262810513270,292,7,receive,262808920630,1592640
262810513917,692,8,receive,262808891012,1622905
262810514567,448,15,receive,262808921873,1592694
262810515220,200,10,receive,262808927129,1588091
262810523220,308,16,receive,262808913203,1610017
262810535389,304,13,receive,262808973639,1561750
262810536071,574,9,receive,262808984658,1551413
262810536728,330,11,receive,262808917383,1619345
262810537388,798,6,receive,262808998087,1539301
262810538039,650,8,receive,262808993104,1544935
262810538680,400,10,receive,262808993095,1545585
262810569580,764,6,receive,262808979956,1589624
262810570246,570,7,receive,262809006007,1564239
262810570920,690,8,receive,262809000247,1570673
262810571573,696,14,receive,262809001095,1570478
262810572160,750,7,receive,262809006137,1566023
262810572807,314,9,receive,262809005872,1566935
262810604717,468,11,receive,262809029713,1575004
262810605386,516,7,receive,262808993930,1611456
262810606646,204,8,receive,262808995435,1611211
262810611243,624,6,receive,262809034237,1577006
262810629206,808,7,receive,262809046006,1583200
262810629869,340,9,receive,262809070078,1559791
262810630524,492,10,receive,262809055006,1575518
262810631179,216,7,receive,262809079516,1551663
262810631827,270,15,receive,262809051423,1580404
262810632476,572,7,receive,262809049013,1583463
262810660839,664,9,receive,262809087062,1573777
262810661491,370,13,receive,262809109952,1551539
262810662145,616,9,receive,262809113144,1549001
262810662795,544,9,receive,262809133547,1529248
262810663452,268,16,receive,262809130240,1533212
262810690102,458,10,receive,262809130011,1560091
262810690749,528,8,receive,262809146348,1544401
262810691355,746,6,receive,262809148010,1543345
262810691993,626,5,receive,262809134929,1557064
262810692635,504,14,receive,262809126339,1566296
262810693283,282,7,receive,262809166202,1527081
262810693916,250,7,receive,262809179269,1514647
262810725304,566,8,receive,262809185230,1540074
262810725943,512,9,receive,262809166451,1559492
262810726769,318,9,receive,262809172006,1554763
262810731250,642,9,receive,262809195971,1535279
262810739079,710,8,receive,262809189832,1549247
262810746692,4,10,receive,262809185684,1561008
262810747412,334,10,receive,262809203695,1543717
262810754403,800,7,receive,262809210689,1543714
262810759728,292,8,receive,262809206875,1552853
262810770729,346,7,receive,262809175191,1595538
262810771441,756,6,receive,262809223532,1547909
262810777830,572,8,receive,262809244203,1533627
262810783044,350,9,receive,262809237599,1545445
262810786913,256,12,receive,262809238027,1548886
262810802551,750,8,receive,262809263119,1539432
262810803196,784,7,receive,262809258230,1544966
262810803943,486,8,receive,262809275326,1528617
262810812020,284,14,receive,262809247484,1564536
262810817022,196,9,receive,262809243190,1573832
262810824092,764,7,receive,262809271528,1552564
262810827846,518,12,receive,262809288121,1539725
262810833234,530,9,receive,262809320649,1512585
262810838718,304,14,receive,262809315346,1523372
262810843007,410,15,receive,262809319228,1523779
262810856401,516,8,receive,262809295010,1561391
262810857043,566,9,receive,262809329415,1527628
262810858564,770,7,receive,262809337283,1521281
262810866222,498,11,receive,262809359481,1506741
262810871267,692,9,receive,262809357135,1514132
262810876135,240,8,receive,262809362972,1513163
262810877445,286,9,receive,262809382007,1495438
262810886193,334,11,receive,262809358498,1527695
262810886850,266,13,receive,262809360007,1526843
262810892046,506,8,receive,262809392006,1500040
262810892696,676,11,receive,262809393469,1499227
262810899447,644,8,receive,262809378735,1520712
262810905438,642,10,receive,262809407855,1497583
262810909179,648,7,receive,262809385689,1523490
262810911719,800,8,receive,262809390754,1520965
262810915124,130,9,receive,262809411563,1503561
262810923302,462,8,receive,262809410205,1513097
262810927718,474,8,receive,262809426820,1500898
262810931362,696,15,receive,262809442061,1489301
262810935331,310,12,receive,262809426708,1508623
262810936113,516,9,receive,262809443004,1493109
262810943594,368,11,receive,262809438117,1505477
262810944236,602,9,receive,262809453706,1490530
262810944892,254,9,receive,262809459062,1485830
262810959269,710,9,receive,262809437420,1521849
262810963660,572,9,receive,262809463115,1500545
262810968376,776,6,receive,262809462593,1505783
262810969317,796,7,receive,262809448887,1520430
262810976714,484,9,receive,262809444148,1532566
262810977367,250,8,receive,262809475640,1501727
262810982138,616,10,receive,262809488450,1493688
262810994308,750,9,receive,262809500723,1493585
262810994964,240,9,receive,262809478182,1516782
262810995620,340,10,receive,262809516819,1478801
262810996271,510,11,receive,262809525541,1470730
262811005066,416,9,receive,262809508872,1496194
262811013037,808,8,receive,262809532009,1481028
262811015063,770,8,receive,262809549299,1465764
262811020023,598,8,receive,262809526942,1493081
262811022244,302,16,receive,262809554098,1468146
262811026227,282,8,receive,262809533797,1492430
262811040899,342,16,receive,262809576292,1464607
262811041557,446,9,receive,262809581007,1460550
262811042215,264,10,receive,262809575575,1466640
262811047270,522,10,receive,262809589637,1457633
262811048038,796,8,receive,262809605420,1442618
262811056314,326,9,receive,262809610976,1445338
262811056963,412,12,receive,262809617369,1439594
262811064075,546,9,receive,262809626182,1437893
262811067131,492,11,receive,262809624253,1442878
262811069669,254,10,receive,262809619807,1449862
262811077750,566,10,receive,262809638006,1439744
262811079711,350,10,receive,262809636010,1443701
262811083018,330,12,receive,262809653377,1429641
262811087246,650,9,receive,262809658139,1429107
262811092254,298,12,receive,262809668316,1423938
262811103114,462,9,receive,262809648292,1454822
262811103760,410,17,receive,262809663673,1440087
262811104409,304,15,receive,262809678005,1426404
262811105066,468,12,receive,262809664290,1440776
262811105720,576,6,receive,262809673219,1432501
262811119205,798,7,receive,262809697021,1422184
262811119856,346,8,receive,262809709865,1409991
262811120506,746,7,receive,262809707569,1412937
262811121163,270,16,receive,262809708372,1412791
262811121811,284,15,receive,262809722132,1399679
262811140097,294,11,receive,262809714007,1426090
262811140747,456,7,receive,262809737595,1403152
262811141397,368,12,receive,262809703005,1438392
262811142051,282,9,receive,262809746960,1395091
262811142706,310,13,receive,262809752596,1390110
262811164243,626,6,receive,262809733702,1430541
262811165552,572,10,receive,262809762116,1403436
262811167936,624,7,receive,262809750012,1417924
262811173299,200,11,receive,262809746635,1426664
262811182163,474,9,receive,262809768771,1413392
262811182817,564,6,receive,262809777006,1405811
262811183469,584,7,receive,262809804752,1378717
262811191224,546,10,receive,262809805709,1385515
262811193769,250,9,receive,262809796411,1397358
262811201487,292,9,receive,262809784708,1416779
262811204043,748,6,receive,262809790777,1413266
262811209023,690,9,receive,262809815071,1393952
262811211961,196,10,receive,262809823743,1388218
262811212632,256,13,receive,262809832581,1380051
262811222888,460,11,receive,262809822006,1400882
262811223551,204,9,receive,262809810367,1413184
262811224228,458,11,receive,262809852756,1371472
262811233827,498,12,receive,262809830686,1403141
262811238168,800,9,receive,262809854362,1383806
262811247678,566,11,receive,262809838954,1408724
262811248413,710,10,receive,262809886987,1361426
262811249074,514,10,receive,262809860336,1388738
262811249755,548,8,receive,262809904477,1345278
262811250432,254,11,receive,262809914495,1335937
262811268132,584,8,receive,262809931834,1336298
262811269368,650,10,receive,262809925765,1343603
262811272409,570,9,receive,262809936012,1336397
262811275947,400,11,receive,262809952007,1323940
262811278531,808,9,receive,262809953390,1325141
262811287468,478,13,receive,262809952204,1335264
262811288298,784,8,receive,262809942792,1345506
262811295023,572,11,receive,262809961443,1333580
262811296535,644,10,receive,262809996101,1300434
262811301021,574,10,receive,262810001616,1299405
262811309141,346,9,receive,262810007902,1301239
262811311348,462,10,receive,262810007006,1304342
262811317019,504,15,receive,262810038007,1279012
262811317793,284,16,receive,262810053309,1264484
262811322039,216,8,receive,262810035181,1286858
262811322715,524,10,receive,262810053308,1269407
262811329554,510,12,receive,262810059298,1270256
262811335669,664,10,receive,262810060613,1275056
262811336395,598,9,receive,262810064007,1272388
262811338863,692,10,receive,262810071758,1267105
262811355486,544,10,receive,262810077705,1277781
262811356193,690,10,receive,262810070897,1285296
262811356860,566,12,receive,262810076473,1280387
262811357527,254,12,receive,262810084859,1272668
262811358183,584,9,receive,262810091626,1266557
262811368432,396,10,receive,262810058432,1310000
262811369906,784,9,receive,262810078049,1291857
262811376026,302,17,receive,262810092967,1283059
262811376675,516,10,receive,262810100640,1276035
262811380459,204,10,receive,262810117824,1262635
262811388567,770,10,receive,262810124943,1263624
262811389580,440,8,receive,262810131888,1257692
262811395038,564,7,receive,262810142071,1252967
262811395736,800,10,receive,262810116450,1279286
262811399796,260,8,receive,262810144136,1255660
262811407658,292,10,receive,262810147012,1260646
262811409490,412,13,receive,262810154953,1254537
262811414948,458,12,receive,262810106541,1308407
262811415702,294,12,receive,262810149908,1265794
262811425070,426,12,receive,262810179468,1245602
262811426500,196,11,receive,262810171953,1254547
262811428429,504,16,receive,262810183848,1244581
262811431794,550,10,receive,262810166836,1264958
262811436753,342,17,receive,262810196131,1240622
262811443290,282,10,receive,262810191515,1251775
262811443965,286,10,receive,262810214559,1229406
262811444637,748,7,receive,262810210190,1234447
262811445316,676,12,receive,262810222431,1222885
262811446042,756,7,receive,262810224759,1221283
262811463027,784,10,receive,262810219007,1244020
262811464507,410,18,receive,262810221006,1243501
262811466112,548,9,receive,262810212231,1253881
262811468987,506,9,receive,262810233670,1235317
262811473927,130,10,receive,262810227955,1245972
262811477887,304,16,receive,262810238304,1239583
262811483523,460,12,receive,262810241260,1242263
262811484374,216,9,receive,262810247128,1237246
262811488300,764,8,receive,262810232988,1255312
262811492344,516,11,receive,262810251827,1240517
262811499562,650,11,receive,262810250648,1248914
262811500304,330,13,receive,262810243872,1256432
262811500976,484,10,receive,262810244455,1256521
262811501651,310,14,receive,262810269011,1232640
262811502333,486,9,receive,262810251332,1251001
262811515009,492,12,receive,262810279063,1235946
262811515672,514,11,receive,262810278538,1237134
262811516324,416,10,receive,262810306006,1210318
262811523389,292,11,receive,262810321647,1201742
262811526405,254,13,receive,262810347007,1179398
262811539328,314,11,receive,262810352201,1187127
262811539996,410,19,receive,262810350769,1189227
262811540950,458,13,receive,262810352329,1188621
262811546677,624,8,receive,262810352241,1194436
262811550569,648,8,receive,262810366131,1184438
262811556499,310,15,receive,262810381010,1175489
262811557286,334,12,receive,262810379773,1177513
262811560317,750,10,receive,262810397006,1163311
262811565311,318,11,receive,262810407119,1158192
262811565965,800,11,receive,262810412005,1153960
262811575840,574,11,receive,262810415014,1160826
262811576703,396,11,receive,262810422723,1153980
262811580682,342,18,receive,262810421537,1159145
262811582935,544,11,receive,262810414397,1168538
262811586190,570,10,receive,262810435555,1150635
262811589194,200,12,receive,262810445578,1143616
262811592673,474,10,receive,262810428839,1163834
262811596939,650,12,receive,262810452957,1143982
262811600543,784,11,receive,262810458682,1141861
262811608105,426,13,receive,262810475475,1132630
262811609599,264,11,receive,262810482516,1127083
262811615775,286,11,receive,262810484338,1131437
262811616463,510,13,receive,262810483138,1133325
262811617150,676,13,receive,262810485643,1131507
262811624303,626,7,receive,262810461793,1162510
262811624956,522,11,receive,262810465128,1159828
262811625611,4,12,receive,262810489537,1136074
262811632174,672,12,receive,262810480210,1151964
262811637549,130,11,receive,262810488618,1148931
262811638631,796,9,receive,262810484302,1154329
262811640955,624,9,receive,262810495260,1145695
262811647605,644,11,receive,262810506420,1141185
262811648266,498,13,receive,262810501064,1147202
262811648917,284,17,receive,262810519943,1128974
262811655313,440,9,receive,262810524275,1131038
262811655962,690,11,receive,262810545785,1110177
262811656614,798,8,receive,262810527658,1128956
262811657268,350,11,receive,262810557964,1099304
262811671838,412,14,receive,262810571558,1100280
262811672488,292,12,receive,262810574717,1097771
262811673143,304,17,receive,262810584632,1088511
262811673792,200,13,receive,262810591696,1082096
262811674444,468,13,receive,262810607005,1067439
262811692340,400,12,receive,262810604840,1087500
262811692987,764,9,receive,262810582432,1110555
262811693646,492,13,receive,262810615306,1078340
262811694295,564,8,receive,262810647189,1047106
262811694940,572,12,receive,262810633005,1061935
262811695592,808,10,receive,262810663006,1032586
262811712704,710,11,receive,262810663981,1048723
262811713352,800,12,receive,262810682004,1031348
262811713989,746,8,receive,262810667513,1046476
262811721437,648,9,receive,262810698567,1022870
262811725021,250,10,receive,262810693926,1031095
262811731758,544,12,receive,262810715011,1016747
262811732409,576,8,receive,262810722556,1009853
262811733062,750,11,receive,262810728476,1004586
262811733713,522,12,receive,262810692906,1040807
262811734365,342,19,receive,262810737005,997360
262811750080,546,11,receive,262810751723,998357
262811750739,286,12,receive,262810752768,997971
262811751734,462,11,receive,262810744666,1007068
262811756434,644,12,receive,262810754588,1001846
262811761212,510,14,receive,262810736601,1024611
262811766192,412,15,receive,262810772905,993287
262811766847,240,11,receive,262810746952,1019895
262811767500,776,8,receive,262810794896,972604
262811768156,770,11,receive,262810810469,957687
262811774101,550,11,receive,262810847762,926339
262811779715,492,14,receive,262810857127,922588
262811783011,314,12,receive,262810864606,918405
262811783714,204,11,receive,262810873283,910431
262811786638,548,10,receive,262810865978,920660
262811789108,728,11,receive,262810875010,914098
262811794793,644,13,receive,262810875700,919093
262811797429,764,10,receive,262810873454,923975
262811798139,498,14,receive,262810884938,913201
262811800537,346,10,receive,262810902810,897727
262811803391,572,13,receive,262810914648,888743
262811808681,748,8,receive,262810935330,873351
262811809337,664,11,receive,262810922337,887000
262811809987,746,9,receive,262810944965,865022
262811810656,756,8,receive,262810941017,869639
262811811315,514,12,receive,262810948729,862586
