receive_timestamp,source_vehicle,message_id,event_type,send_timestamp,latency_us
373430577,2,4,receive,373220657,209920
373431027,28,4,receive,373220875,210152
373431522,24,3,receive,373220968,210554
373431968,4,3,receive,373221525,210443
373432462,48,4,receive,373222099,210363
373432920,8,2,receive,373222592,210328
373433368,34,3,receive,373223268,210100
373433816,182,1,receive,373224671,209145
373434266,72,2,receive,373225030,209236
373434723,42,2,receive,373226069,208654
373436566,52,2,receive,373226807,209759
373439201,186,1,receive,373227735,211466
373749667,32,1,receive,373229238,520429
373750138,130,1,receive,373230125,520013
373806007,108,1,receive,373231840,574167
373806450,34,4,receive,373232773,573677
373825556,12,1,receive,373233415,592141
373826032,146,1,receive,373235434,590598
373853460,170,1,receive,373236911,616549
373854009,88,1,receive,373237445,616564
373854540,12,2,receive,373237933,616607
373855034,208,1,receive,373238414,616620
373855536,64,2,receive,373238524,617012
373856080,156,1,receive,373240057,616023
373856576,26,2,receive,373233161,623415
373857085,78,3,receive,373240961,616124
373857640,20,3,receive,373241051,616589
373858148,114,1,receive,373243393,614755
374089744,26,3,receive,373242977,846767
374090184,184,1,receive,373244281,845903
374090878,44,4,receive,373244365,846513
374091332,152,1,receive,373244303,847029
374091775,70,4,receive,373234554,857221
374092213,196,1,receive,373244839,847374
374092664,202,1,receive,373245191,847473
374093115,110,1,receive,373246363,846752
374093561,130,2,receive,373247303,846258
374094024,16,2,receive,373248215,845809
374313782,106,1,receive,373248258,1065524
374314233,182,2,receive,373248814,1065419
374314820,128,1,receive,373248918,1065902
374315295,58,3,receive,373249671,1065624
374315744,10,1,receive,373250106,1065638
374316190,90,1,receive,373250077,1066113
374316647,74,3,receive,373250725,1065922
374317114,38,3,receive,373241428,1075686
374317565,184,2,receive,373252728,1064837
374318049,82,1,receive,373253177,1064872
374537956,72,3,receive,373236969,1300987
374538442,156,2,receive,373254574,1283868
374539145,8,3,receive,373254823,1284322
374539620,126,1,receive,373255577,1284043
374540072,6,3,receive,373245051,1295021
374540539,74,4,receive,373256025,1284514
374541967,40,3,receive,373255919,1286048
374542448,168,1,receive,373256251,1286197
374542913,128,2,receive,373258107,1284806
374543380,186,2,receive,373259077,1284303
374756393,4,4,receive,373258886,1497507
374756851,12,3,receive,373259914,1496937
374757427,32,2,receive,373250011,1507416
374757918,104,1,receive,373260181,1497737
374758400,92,1,receive,373260118,1498282
374758940,114,2,receive,373260429,1498511
374759436,172,1,receive,373260499,1498937
374761933,66,6,receive,373256207,1505726
374982475,144,1,receive,373260632,1721843
374983041,8,4,receive,373257755,1725286
374983523,112,1,receive,373262148,1721375
374983979,40,4,receive,373262494,1721485
374984434,206,1,receive,373262711,1721723
374984882,96,1,receive,373262913,1721969
374985340,150,1,receive,373264523,1720817
374985822,208,2,receive,373264969,1720853
374986281,14,6,receive,373264854,1721427
375201623,590,1,receive,373266097,1935526
375202084,14,7,receive,373267806,1934278
375202654,140,1,receive,373270021,1932633
375203109,22,1,receive,373270029,1933080
375203576,18,1,receive,373270036,1933540
375204052,202,2,receive,373270712,1933340
375204533,60,1,receive,373270683,1933850
375204998,160,1,receive,373270910,1934088
375205494,20,4,receive,373261219,1944275
375205938,590,2,receive,373272425,1933513
375439527,172,2,receive,373273789,2165738
375440028,128,3,receive,373275202,2164826
375440621,456,1,receive,373276083,2164538
375441152,196,2,receive,373276902,2164250
375441637,188,1,receive,373276852,2164785
375442107,110,2,receive,373277086,2165021
375442583,184,3,receive,373277380,2165203
375443038,162,1,receive,373277349,2165689
375443512,20,5,receive,373276963,2166549
375443982,12,4,receive,373278229,2165753
375675028,164,1,receive,373272121,2402907
375675509,394,1,receive,373278752,2396757
375676195,82,2,receive,373266117,2410078
375676671,34,5,receive,373244407,2432264
375677125,40,5,receive,373278855,2398270
375677596,230,1,receive,373279031,2398565
375678097,492,1,receive,373279049,2399048
375678562,570,1,receive,373279141,2399421
375679035,36,1,receive,373280391,2398644
375679529,152,2,receive,373281154,2398375
375909945,88,2,receive,373263989,2645956
375910428,52,3,receive,373248117,2662311
375911032,154,1,receive,373286200,2624832
375911493,186,3,receive,373272645,2638848
375911968,196,3,receive,373287096,2624872
375912426,114,3,receive,373287285,2625141
375912889,96,2,receive,373287418,2625471
375913372,76,3,receive,373251724,2661648
375913838,590,3,receive,373289408,2624430
375914307,636,1,receive,373289341,2624966
376145479,778,1,receive,373289648,2855831
376146011,86,1,receive,373290793,2855218
376146665,98,1,receive,373291041,2855624
376147129,868,1,receive,373291114,2856015
376147589,590,4,receive,373292667,2854922
376148062,104,2,receive,373292892,2855170
376148518,90,2,receive,373293038,2855480
376148972,778,2,receive,373293094,2855878
376149433,432,1,receive,373294811,2854622
376149902,68,1,receive,373294917,2854985
376387490,346,1,receive,373295462,3092028
376387984,320,1,receive,373296620,3091364
376388575,108,2,receive,373288603,3099972
376389048,84,1,receive,373282609,3106439
376389543,84,2,receive,373297268,3092275
376390044,302,1,receive,373297189,3092855
376390530,612,1,receive,373297315,3093215
376391017,150,2,receive,373297382,3093635
376391501,974,1,receive,373292613,3098888
376391969,674,1,receive,373297959,3094010
376621661,106,2,receive,373298141,3323520
376622157,778,3,receive,373298369,3323788
376622750,104,3,receive,373300144,3322606
376623219,98,2,receive,373301015,3322204
376623719,152,3,receive,373301213,3322506
376624226,384,1,receive,373301901,3322325
376624710,86,2,receive,373303095,3321615
376625182,448,1,receive,373303372,3321810
376625650,486,1,receive,373304542,3321108
376846200,42,3,receive,373242320,3603880
376846702,426,1,receive,373306585,3540117
376847322,160,2,receive,373306687,3540635
376847826,634,1,receive,373308105,3539721
376848302,408,1,receive,373308867,3539435
376848796,870,1,receive,373309486,3539310
376849289,210,1,receive,373310039,3539250
376849779,26,4,receive,373245006,3604773
376850263,114,4,receive,373311673,3538590
377066845,64,3,receive,373282318,3784527
377067302,30,1,receive,373312619,3754683
377067864,196,4,receive,373313394,3754470
377068336,408,2,receive,373314436,3753900
377068783,974,2,receive,373314787,3753996
377069225,140,2,receive,373316070,3753155
377069672,104,4,receive,373316474,3753198
377070153,184,4,receive,373316662,3753491
377070604,166,1,receive,373316885,3753719
377071047,128,4,receive,373317077,3753970
377287794,790,1,receive,373318464,3969330
377288290,50,1,receive,373318434,3969856
377288847,798,1,receive,373318566,3970281
377289315,196,5,receive,373318774,3970541
377289806,54,1,receive,373318997,3970809
377290291,202,3,receive,373294291,3996000
377290766,18,2,receive,373320016,3970750
377291238,80,1,receive,373322157,3969081
377291690,86,3,receive,373322441,3969249
377292140,400,1,receive,373323456,3968684
377509690,122,1,receive,373296841,4212849
377510172,158,1,receive,373304081,4206091
377510742,230,2,receive,373326675,4184067
377511226,320,2,receive,373327062,4184164
377511683,98,3,receive,373323391,4188292
377512128,384,2,receive,373330017,4182111
377512584,252,1,receive,373331018,4181566
377513046,634,2,receive,373331441,4181605
377513494,632,1,receive,373332263,4181231
377513942,118,1,receive,373332253,4181689
377731581,6,4,receive,373278304,4453277
377732145,90,3,receive,373332855,4399290
377732596,818,1,receive,373332891,4399705
377733056,90,4,receive,373333221,4399835
377733550,400,2,receive,373333307,4400243
377734007,150,3,receive,373334297,4399710
377734452,154,2,receive,373334689,4399763
377734895,44,5,receive,373273715,4461180
377735379,758,1,receive,373334743,4400636
377943269,486,2,receive,373334774,4608495
377943740,182,3,receive,373296292,4647448
377944301,206,2,receive,373335639,4608662
377944755,972,1,receive,373336349,4608406
377945210,798,2,receive,373336605,4608605
377945669,728,1,receive,373337175,4608494
377946116,152,4,receive,373321810,4624306
377946568,58,4,receive,373280331,4666237
377947044,670,1,receive,373337448,4609596
377947533,132,1,receive,373337427,4610106
378171439,766,1,receive,373337608,4833831
378171871,84,3,receive,373324172,4847699
378172417,312,1,receive,373339142,4833275
378172860,312,2,receive,373339616,4833244
378173264,100,1,receive,373257727,4915537
378173662,96,3,receive,373340772,4832890
378174169,274,1,receive,373342284,4831885
378174631,204,1,receive,373342449,4832182
378175038,188,2,receive,373340656,4834382
378175435,426,2,receive,373343822,4831613
378175873,408,3,receive,373344177,4831696
378392846,338,1,receive,373344313,5048533
378393251,18,3,receive,373343300,5049951
378393909,12,5,receive,373315677,5078232
378394355,138,1,receive,373345262,5049093
378394798,626,1,receive,373345494,5049304
378395217,110,3,receive,373345744,5049473
378395695,590,5,receive,373345797,5049898
378396157,782,1,receive,373346124,5050033
378396569,160,3,receive,373346421,5050148
378396989,290,1,receive,373311159,5085830
378397442,964,1,receive,373346825,5050617
378604407,96,4,receive,373346856,5257551
378604887,432,2,receive,373347684,5257203
378605465,670,2,receive,373349026,5256439
378605903,632,2,receive,373350024,5255879
378606337,106,3,receive,373351343,5254994
378606798,708,1,receive,373351772,5255026
378607306,158,2,receive,373351916,5255390
378607749,150,4,receive,373352784,5254965
378608190,284,1,receive,373353815,5254375
378608649,70,5,receive,373288342,5320307
378802166,426,3,receive,373354781,5447385
378802621,868,2,receive,373354805,5447816
378803181,730,1,receive,373355393,5447788
378803644,206,3,receive,373355353,5448291
378804100,1000,1,receive,373355649,5448451
378804557,382,1,receive,373356097,5448460
378805002,320,3,receive,373357048,5447954
378805500,80,2,receive,373357455,5448045
378805950,36,2,receive,373357977,5447973
378806424,56,3,receive,373241375,5565049
379000385,490,1,receive,373358269,5642116
379000857,400,3,receive,373358854,5642003
379001716,554,1,receive,373359320,5642396
379002236,598,1,receive,373359649,5642587
379002715,104,5,receive,373360476,5642239
379003174,212,1,receive,373360429,5642745
379003633,818,2,receive,373360893,5642740
379004092,128,5,receive,373361359,5642733
379004570,190,1,receive,373362713,5641857
379181235,764,1,receive,373362713,5818522
379181733,210,2,receive,373363083,5818650
379182276,230,3,receive,373364522,5817754
379182740,778,4,receive,373364429,5818311
379183209,592,1,receive,373364608,5818601
379183655,488,1,receive,373367149,5816506
379184113,426,4,receive,373367583,5816530
379184554,332,1,receive,373367726,5816828
379185013,354,1,receive,373368455,5816558
379185457,114,5,receive,373368894,5816563
379350339,582,1,receive,373368957,5981382
379350805,86,4,receive,373369044,5981761
379351372,640,1,receive,373369448,5981924
379351865,166,2,receive,373358761,5993104
379352334,300,1,receive,373370044,5982290
379352787,192,1,receive,373370182,5982605
379353366,712,1,receive,373370313,5983053
379353865,486,3,receive,373371338,5982527
379354393,130,3,receive,373309045,6045348
379489729,524,1,receive,373374149,6115580
379490269,130,4,receive,373373933,6116336
379490813,530,1,receive,373374600,6116213
379491278,436,1,receive,373374829,6116449
379491749,130,5,receive,373375029,6116720
379492263,636,2,receive,373376013,6116250
379492776,90,5,receive,373376866,6115910
379493214,508,1,receive,373376887,6116327
379493688,130,6,receive,373376476,6117212
379624058,972,2,receive,373377276,6246782
379624604,426,5,receive,373377644,6246960
379625036,634,3,receive,373378345,6246691
379625430,918,1,receive,373378463,6246967
379625816,618,1,receive,373379066,6246750
379626293,166,3,receive,373380013,6246280
379626744,112,2,receive,373285041,6341703
379627183,196,6,receive,373381922,6245261
379627579,868,3,receive,373382063,6245516
379627972,8,5,receive,373278178,6349794
379628368,90,6,receive,373382316,6246052
379766850,400,4,receive,373382781,6384069
379767253,340,1,receive,373296934,6470319
379767849,486,4,receive,373383975,6383874
379768276,432,3,receive,373383008,6385268
379768678,126,2,receive,373305048,6463630
379769068,222,1,receive,373375932,6393136
379769455,316,1,receive,373386209,6383246
379769839,486,5,receive,373386787,6383052
379770282,730,2,receive,373387278,6383004
379770671,2,5,receive,373273391,6497280
379771057,154,3,receive,373388709,6382348
379771439,734,1,receive,373389539,6381900
379917550,444,1,receive,373334200,6583350
379917967,436,2,receive,373390018,6527949
379918571,492,2,receive,373390020,6528551
379919026,638,1,receive,373371725,6547301
379919410,366,1,receive,373390145,6529265
379919796,618,2,receive,373390437,6529359
379920188,62,4,receive,373250337,6669851
379920643,792,1,receive,373430663,6489980
379921041,450,1,receive,373431662,6489379
379921418,428,1,receive,373430101,6491317
379921884,582,2,receive,373432544,6489340
379922284,506,1,receive,373432861,6489423
380078035,538,1,receive,373433495,6644540
380078520,478,1,receive,373433985,6644535
380079172,230,5,receive,373434750,6644422
380079626,498,1,receive,373436296,6643330
380080108,964,5,receive,373438204,6641904
380080614,166,5,receive,373438419,6642195
380081072,300,3,receive,373438927,6642145
380081526,486,6,receive,373440016,6641510
380082010,180,3,receive,373738797,6343213
380082487,662,3,receive,373681225,6401262
380236813,974,4,receive,373636137,6600676
380237278,762,4,receive,373806096,6431182
380237822,658,3,receive,373711005,6526817
380238287,746,9,receive,373723777,6514510
380238760,478,8,receive,373750013,6488747
380239234,824,4,receive,373656052,6583182
380239703,152,6,receive,373663978,6575725
380240173,86,5,receive,373406692,6833481
380240625,244,3,receive,373856535,6384090
380353983,250,2,receive,373763244,6590739
380354482,804,14,receive,373857912,6496570
380355054,284,5,receive,373645284,6709770
380355515,824,5,receive,373857890,6497625
380355977,574,10,receive,373859211,6496766
380356454,468,2,receive,373896474,6459980
380356911,152,7,receive,373874648,6482263
380357370,956,4,receive,373862705,6494665
380357850,368,11,receive,373891159,6466691
380468546,76,6,receive,373843878,6624668
380469026,712,6,receive,373656947,6812079
380469573,320,11,receive,374093278,6376295
380471451,824,7,receive,374093431,6378020
380472036,842,6,receive,373893716,6578320
380472542,706,2,receive,373882610,6589932
380473033,460,6,receive,374102465,6370568
380473561,688,5,receive,374080007,6393554
380474052,64,8,receive,374121761,6352291
380576624,552,3,receive,374102463,6474161
380577099,926,8,receive,374073981,6503118
380577664,372,9,receive,374125851,6451813
380578290,644,4,receive,374074945,6503345
380578750,372,10,receive,374318348,6260402
380579263,222,6,receive,374024482,6554781
380579749,954,4,receive,374118050,6461699
380580240,72,8,receive,374337283,6242957
380580755,704,4,receive,374330008,6250747
380581210,386,9,receive,374347206,6234004
380693893,480,4,receive,374259783,6434110
380694351,398,3,receive,374318151,6376200
380694859,264,12,receive,374335365,6359494
380695305,578,6,receive,374344826,6350479
380695746,38,8,receive,374351324,6344422
380696241,38,9,receive,374543507,6152734
380696691,70,9,receive,374329684,6367007
380697160,608,5,receive,374549834,6147326
380697619,436,16,receive,374567349,6130270
380698090,270,9,receive,374529394,6168696
380798158,538,7,receive,374758459,6039699
380798878,828,6,receive,374568076,6230802
380799311,168,6,receive,374576088,6223223
380800296,994,7,receive,374551471,6248825
380800934,176,7,receive,374763574,6037360
380801342,318,8,receive,374797038,6004304
380801796,482,6,receive,374781636,6020160
380802226,802,11,receive,374765106,6037120
380907191,922,8,receive,374749561,6157630
380907679,600,6,receive,374765706,6141973
380908230,894,10,receive,374780006,6128224
380908702,822,7,receive,374777880,6130822
380909171,822,8,receive,374986532,5922639
380909657,268,12,receive,374776030,6133627
380910157,586,10,receive,374983699,5926458
380910614,452,10,receive,374998010,5912604
380911087,474,6,receive,375027545,5883542
381008889,846,7,receive,375006418,6002471
381009406,600,7,receive,375028407,5980999
381010023,100,9,receive,374990925,6019098
381010549,752,7,receive,375025922,5984627
381011057,854,13,receive,375000249,6010808
381011584,552,7,receive,374998125,6013459
381012118,400,14,receive,374944840,6067278
381012725,482,8,receive,375240663,5772062
381013262,730,13,receive,375154303,5858959
381123083,924,12,receive,375217323,5905760
381123567,532,8,receive,375235422,5888145
381124246,542,7,receive,375142890,5981356
381124790,242,8,receive,375251839,5872951
381125326,440,7,receive,375244042,5881284
381125852,76,11,receive,375231087,5894765
381126359,972,19,receive,375231008,5895351
381126900,688,10,receive,375054074,6072826
381127389,920,8,receive,375483012,5644377
381127890,972,20,receive,375456703,5671187
381227336,600,9,receive,375476513,5750823
381227851,710,7,receive,375677164,5550687
381228533,212,10,receive,375444363,5784170
381229022,716,11,receive,375463324,5765698
381229519,206,13,receive,375510656,5718863
381230087,664,17,receive,375510351,5719736
381230579,568,9,receive,375458090,5772489
381231066,392,9,receive,375509922,5721144
381231695,352,11,receive,375672808,5558887
381327378,478,21,receive,375717426,5609952
381327973,256,17,receive,375684567,5643406
381328576,530,11,receive,375669183,5659393
381329063,656,17,receive,375912356,5416707
381329551,154,12,receive,375665232,5664319
381330127,222,8,receive,375228968,6101159
381330907,920,9,receive,375701654,5629253
381331386,12,16,receive,375681756,5649630
381331885,424,14,receive,375723499,5608386
381411687,558,13,receive,376145896,5265791
381412278,482,11,receive,375957213,5455065
381412785,10,13,receive,375970300,5442485
381413342,640,17,receive,376147491,5265851
381413920,656,18,receive,375954751,5459169
381414445,154,13,receive,375961571,5452874
381415039,744,20,receive,375929332,5485707
381415576,106,13,receive,375927205,5488371
381416086,952,10,receive,375960599,5455487
381416584,994,13,receive,375938071,5478513
381503875,594,20,receive,376144894,5358981
381504389,994,15,receive,376179984,5324405
381504967,978,11,receive,376162027,5342940
381505478,732,18,receive,376204263,5301215
381505991,196,20,receive,376153442,5352549
381506638,450,16,receive,376199662,5306976
381507170,730,16,receive,376142882,5364288
381507701,576,11,receive,376175349,5332352
381508276,224,14,receive,376174039,5334237
381508774,392,12,receive,376189712,5319062
381509263,356,17,receive,376424757,5084506
381583500,670,26,receive,376440185,5143315
381584058,436,27,receive,376407012,5177046
381584519,438,13,receive,376448258,5136261
381585012,856,14,receive,376381090,5203922
381585489,910,13,receive,376381473,5204016
381585959,238,15,receive,376414569,5171390
381586464,860,15,receive,376407072,5179392
381586975,670,27,receive,376625856,4961119
381587467,154,16,receive,376624072,4963395
381588003,154,17,receive,376847293,4740710
381659354,526,15,receive,376649063,5010291
381659860,744,23,receive,376621806,5038054
381660798,58,19,receive,376655355,5005443
381661628,920,14,receive,376651552,5010076
381662114,232,13,receive,376668333,4993781
381662596,828,15,receive,376653751,5008845
381663099,948,13,receive,376641934,5021165
381663593,744,24,receive,376877428,4786165
381664077,706,14,receive,377067418,4596659
381735580,238,17,receive,376875940,4859640
381736109,988,17,receive,376834245,4901864
381736699,994,18,receive,376867051,4869648
381737192,136,18,receive,376860201,4876991
381737679,526,16,receive,376855833,4881846
381738181,154,18,receive,376872558,4865623
381738676,886,19,receive,376877403,4861273
381739151,930,17,receive,376869123,4870028
381739629,414,16,receive,377062185,4677444
381803957,820,16,receive,377093852,4710105
381804460,650,17,receive,377055597,4748863
381805022,828,17,receive,377120607,4684415
381805537,300,18,receive,377108496,4697041
381806033,386,20,receive,377102400,4703633
381806528,454,18,receive,377080021,4726507
381807010,602,17,receive,376907092,4899918
381807539,68,19,receive,377085767,4721772
381808026,886,20,receive,377095562,4712464
381808498,256,24,receive,377314045,4494453
381883657,750,21,receive,377283295,4600362
381884149,854,23,receive,377307314,4576835
381884729,820,17,receive,377316148,4568581
381885237,66,27,receive,377326140,4559097
381885725,852,25,receive,377333856,4551869
381886212,828,18,receive,377318240,4567972
381886720,854,24,receive,377514362,4372358
381887206,886,22,receive,377326743,4560463
381887677,280,19,receive,377511909,4375768
381888153,612,29,receive,377535123,4353030
381966057,672,21,receive,377549163,4416894
381966835,754,19,receive,377565023,4401812
381967411,854,25,receive,377551300,4416111
381967929,428,19,receive,377516398,4451531
381968433,574,28,receive,377734017,4234416
381968941,84,24,receive,377521642,4447299
381969457,922,19,receive,377541020,4428437
381969948,582,22,receive,377545754,4424194
381970637,672,22,receive,377763742,4206895
382040747,220,18,receive,377749770,4290977
382041269,870,17,receive,377708348,4332921
382041829,288,21,receive,377711154,4330675
382042317,164,23,receive,377770206,4272111
382042819,354,23,receive,377701629,4341190
382043312,220,19,receive,377947807,4095505
382043792,582,23,receive,377740004,4303788
382044272,414,19,receive,377762482,4281790
382044748,234,21,receive,377779349,4265399
382045249,736,21,receive,377957489,4087760
382117111,102,22,receive,377953099,4164012
382117617,740,21,receive,377951196,4166421
382118196,636,26,receive,377917833,4200363
382118679,740,22,receive,378174011,3944668
382119186,872,20,receive,377987771,4131415
382119970,162,23,receive,377983562,4136408
382120484,854,27,receive,377970351,4150133
382120973,610,20,receive,377963779,4157194
382121468,582,24,receive,377961723,4159745
382182755,234,22,receive,377962250,4220505
382183263,890,18,receive,378174762,4008501
382183851,256,28,receive,378231782,3952069
382184377,820,21,receive,378206399,3977978
382184878,234,24,receive,378221446,3963432
382185380,994,24,receive,378208327,3977053
382185865,334,22,receive,378168986,4016879
382186351,42,22,receive,378239889,3946462
382186851,112,25,receive,378243796,3943055
382248144,636,27,receive,378199269,4048875
382248659,938,24,receive,378188026,4060633
