receive_timestamp,source_vehicle,message_id,event_type,send_timestamp,latency_us
262797281262,70,5,receive,262797136078,145184
262797282053,358,8,receive,262797162534,119519
262797282722,892,4,receive,262797139909,142813
262797283365,96,4,receive,262797168011,115354
262797283917,854,5,receive,262797203970,79947
262797284478,762,4,receive,262797221217,63261
262797401105,84,4,receive,262797210064,191041
262797401847,378,4,receive,262797200006,201841
262797402582,580,5,receive,262797021206,381376
262797403255,802,4,receive,262797174449,228806
262797448362,384,6,receive,262797197282,251080
262797540339,900,6,receive,262797203011,337328
262797541041,614,5,receive,262797240768,300273
262797541734,128,4,receive,262797226519,315215
262797542431,730,5,receive,262797234007,308424
262797543123,652,1,receive,262797251794,291329
262797543811,618,5,receive,262797255771,288040
262797658515,198,4,receive,262797157408,501107
262797659201,836,4,receive,262797259309,399892
262797659874,688,4,receive,262797169010,490864
262797660555,144,4,receive,262797191087,469468
262797764397,902,5,receive,262797197010,567387
262797765092,184,6,receive,262797190255,574837
262797765781,94,4,receive,262797197631,568150
262797766450,918,6,receive,262797242007,524443
262797767120,654,2,receive,262797247771,519349
262797767776,500,4,receive,262797199010,568766
262797889088,464,4,receive,262797229744,659344
262797889777,14,6,receive,262797244308,645469
262797890424,54,4,receive,262797287009,603415
262797924940,888,5,receive,262797288568,636372
262797925617,926,4,receive,262797294004,631613
262798023286,906,5,receive,262797257410,765876
262798023946,956,6,receive,262797249006,774940
262798024614,986,5,receive,262797214009,810605
262798025277,454,5,receive,262797180935,844342
262798025920,758,6,receive,262797282657,743263
262798026606,28,5,receive,262797181006,845600
262798159329,866,5,receive,262797307795,851534
262798160017,714,4,receive,262797270205,889812
262798160683,372,7,receive,262797298323,862360
262798161347,280,4,receive,262797257895,903452
262798161996,222,4,receive,262797275014,886982
262798162681,382,4,receive,262797139691,1022990
262798266635,26,5,receive,262797289185,977450
262798267299,538,5,receive,262797316773,950526
262798267953,162,6,receive,262797214717,1053236
262798268612,274,5,receive,262797290598,978014
262798269276,858,6,receive,262797261439,1007837
262798269955,366,6,receive,262797284957,984998
262798420256,904,4,receive,262797260138,1160118
262798420916,632,5,receive,262797299009,1121907
262798421525,476,5,receive,262797280072,1141453
262798422200,786,4,receive,262797328218,1093982
262798422872,958,5,receive,262797310058,1112814
262798537832,594,5,receive,262797244267,1293565
262798538501,560,3,receive,262797225005,1313496
262798539185,170,5,receive,262797332828,1206357
262798539864,810,6,receive,262797335281,1204583
262798627879,406,1,receive,262797316790,1311089
262798628517,122,4,receive,262797312222,1316295
262798629179,32,4,receive,262797290079,1339100
262798629832,344,5,receive,262797288010,1341822
262798630493,698,5,receive,262797313015,1317478
262798732243,136,4,receive,262797342005,1390238
262798732925,716,5,receive,262797315088,1417837
262798733594,388,6,receive,262797273784,1459810
262798734254,262,6,receive,262797286032,1448222
262798775166,578,6,receive,262797348005,1427161
262798775826,934,5,receive,262797349581,1426245
262798872474,628,7,receive,262797322182,1550292
262798873135,790,5,receive,262797243707,1629428
262798882273,490,2,receive,262797193994,1688279
262798919277,792,5,receive,262797297653,1621624
262798958406,76,6,receive,262797250922,1707484
262798959088,636,4,receive,262797270191,1688897
262798979869,842,5,receive,262797271495,1708374
262799005735,604,3,receive,262797288006,1717729
262799026626,864,5,receive,262797354606,1672020
262799089556,230,4,receive,262797354090,1735466
262799090225,290,5,receive,262797279125,1811100
262799090885,494,6,receive,262797271020,1819865
262799091550,998,5,receive,262797348013,1743537
262799092200,392,5,receive,262797347936,1744264
262799092857,110,8,receive,262797363249,1729608
262799220443,990,4,receive,262797343271,1877172
262799221106,124,7,receive,262797335011,1886095
262799221770,376,5,receive,262797370006,1851764
262799222439,212,6,receive,262797333227,1889212
262799333064,974,5,receive,262797386343,1946721
262799333733,104,4,receive,262797276519,2057214
262799334398,176,4,receive,262797355505,1978893
262799365414,874,5,receive,262797362006,2003408
262799366072,208,5,receive,262797392903,1973169
262799366734,982,5,receive,262797319499,2047235
262799490629,760,6,receive,262797362755,2127874
262799491307,972,4,receive,262797300361,2190946
262799494026,12,5,receive,262797334312,2159714
262799494690,910,5,receive,262797331606,2163084
262799495371,712,5,receive,262797341824,2153547
262799604547,872,6,receive,262797379901,2224646
262799605261,74,6,receive,262797345157,2260104
262799605920,892,5,receive,262797367262,2238658
262799606603,818,6,receive,262797336009,2270594
262799607298,434,4,receive,262797385675,2221623
262799607982,680,4,receive,262797388952,2219030
262799748471,526,5,receive,262797263742,2484729
262799749133,540,5,receive,262797362618,2386515
262799749790,82,5,receive,262797330060,2419730
262799750455,8,5,receive,262797399440,2351015
262799841595,848,5,receive,262797418087,2423508
262799842281,472,5,receive,262797338797,2503484
262799842965,58,6,receive,262797403261,2439704
262799843652,820,5,receive,262797414852,2428800
262799844328,924,5,receive,262797344871,2499457
262799844991,174,6,receive,262797423489,2421502
262799952859,812,5,receive,262797222137,2730722
262799953548,948,5,receive,262797409772,2543776
262799954229,226,4,receive,262797386602,2567627
262799954917,658,1,receive,262797456086,2498831
262799955611,856,4,receive,262797426128,2529483
262800063474,778,6,receive,262797399521,2663953
262800064162,418,5,receive,262797360978,2703184
262800064831,978,5,receive,262797442011,2622820
262800065508,444,5,receive,262797470008,2595500
262800066192,76,7,receive,262797470006,2596186
262800066868,168,7,receive,262797472534,2594334
262800176179,674,5,receive,262797401447,2774732
262800176834,918,7,receive,262797475824,2701010
262800177499,600,4,receive,262797450011,2727488
262800178164,884,6,receive,262797453010,2725154
262800274081,890,7,receive,262797395896,2878185
262800274749,508,7,receive,262797439737,2835012
262800275441,120,7,receive,262797439067,2836374
262800276098,724,4,receive,262797484349,2791749
262800276771,438,3,receive,262797406006,2870765
262800277453,138,5,receive,262797469791,2807662
262800378707,988,5,receive,262797474013,2904694
262800379393,100,5,receive,262797482067,2897326
262800380455,612,5,receive,262797288262,3092193
262800381119,734,6,receive,262797416656,2964463
262800381799,212,7,receive,262797498353,2883446
262800471737,794,5,receive,262797383969,3087768
262800472377,394,3,receive,262797358719,3113658
262800482061,90,5,receive,262797463943,3018118
262800517627,752,4,receive,262797492747,3024880
262800571347,736,6,receive,262797456072,3115275
262800572015,834,5,receive,262797322084,3249931
262800572667,946,4,receive,262797440360,3132307
262800573336,364,7,receive,262797458011,3115325
262800574016,116,5,receive,262797451629,3122387
262800574685,866,6,receive,262797515289,3059396
262800676926,126,4,receive,262797348141,3328785
262800677613,16,5,receive,262797453009,3224604
262800678274,654,3,receive,262797415141,3263133
262800717486,758,7,receive,262797413489,3303997
262800718169,18,5,receive,262797434442,3283727
262800718834,588,4,receive,262797504010,3214824
262800809551,348,8,receive,262797486091,3323460
262800810216,844,4,receive,262797455509,3354707
262800810874,392,6,receive,262797488333,3322541
262800811519,608,4,receive,262797463009,3348510
262800877205,774,5,receive,262797510136,3367069
262800877890,218,6,receive,262797524121,3353769
262800878566,740,4,receive,262797399482,3479084
262800883819,660,1,receive,262797545559,3338260
262800884473,372,8,receive,262797494006,3390467
262800968171,1000,4,receive,262797491010,3477161
262800968827,950,7,receive,262797549450,3419377
262800971329,904,5,receive,262797530452,3440877
262800972008,496,2,receive,262797538303,3433705
262800990015,244,6,receive,262797541641,3448374
262801066646,274,6,receive,262797526987,3539659
262801067322,30,4,receive,262797461007,3606315
262801068026,56,5,receive,262797500009,3568017
262801068705,20,6,receive,262797524509,3544196
262801069341,558,6,receive,262797535762,3533579
262801156156,592,6,receive,262797541443,3614713
262801156847,62,5,receive,262797513909,3642938
262801157536,828,4,receive,262797550237,3607299
262801166044,822,5,receive,262797535013,3631031
262801169535,106,5,receive,262797533592,3635943
262801242482,280,5,receive,262797553579,3688903
262801243179,206,6,receive,262797485065,3758114
262801243850,78,9,receive,262797569596,3674254
262801244531,738,5,receive,262797548006,3696525
262801245215,744,5,receive,262797524345,3720870
262801245896,288,4,receive,262797486353,3759543
262801335587,878,4,receive,262797579394,3756193
262801336263,502,1,receive,262797580897,3755366
262801336940,934,6,receive,262797528149,3808791
262801337615,786,5,receive,262797584010,3753605
262801414646,802,5,receive,262797497720,3916926
262801415317,482,5,receive,262797589441,3825876
262801415966,760,7,receive,262797524081,3891885
262801416628,976,6,receive,262797543215,3873413
262801417310,378,5,receive,262797524985,3892325
262801417990,846,5,receive,262797465606,3952384
262801502680,714,5,receive,262797564745,3937935
262801503363,140,5,receive,262797567816,3935547
262801504048,632,6,receive,262797589422,3914626
262801504698,922,5,receive,262797588145,3916553
262801588026,960,5,receive,262797594006,3994020
262801588692,390,4,receive,262797556592,4032100
262801589465,178,5,receive,262797488225,4101240
262801590124,120,8,receive,262797603006,3987118
262801590778,228,3,receive,262797513465,4077313
262801591441,44,4,receive,262797492006,4099435
262801682458,970,4,receive,262797558880,4123578
262801683188,388,7,receive,262797576044,4107144
262801683847,998,6,receive,262797491950,4191897
262801684510,622,3,receive,262797503098,4181412
262801685174,582,5,receive,262797602415,4082759
262801685821,860,4,receive,262797480685,4205136
262801774333,138,6,receive,262797605381,4168952
262801775014,356,6,receive,262797501365,4273649
262801775653,450,5,receive,262797559020,4216633
262801794269,88,6,receive,262797557937,4236332
262801794952,568,5,receive,262797577485,4217467
262801844967,154,2,receive,262797577419,4267548
262801845703,980,4,receive,262797570529,4275174
262801846397,556,6,receive,262797544897,4301500
262801869232,944,5,receive,262797610499,4258733
262801918457,782,4,receive,262797532563,4385894
262801919126,128,5,receive,262797614346,4304780
262801919780,186,6,receive,262797571820,4347960
262801920416,964,5,receive,262797399009,4521407
262801921073,42,7,receive,262797561695,4359378
262801921734,842,6,receive,262797601226,4320508
262802020406,870,5,receive,262797632005,4388401
262802021091,916,5,receive,262797553063,4468028
262802021755,442,6,receive,262797589433,4432322
262802022414,132,6,receive,262797577362,4445052
262802081144,634,5,receive,262797652009,4429135
262802081828,902,6,receive,262797617718,4464110
262802082840,398,5,receive,262797610796,4472044
262802083522,766,4,receive,262797581256,4502266
262802084207,420,5,receive,262797540006,4544201
262802084865,682,6,receive,262797634371,4450494
262802160555,936,4,receive,262797589090,4571465
262802161219,908,6,receive,262797637285,4523934
262802161876,14,7,receive,262797657008,4504868
262802162541,172,4,receive,262797560006,4602535
262802221166,72,5,receive,262797651321,4569845
262802221819,428,6,receive,262797603917,4617902
262802222486,80,8,receive,262797645468,4577018
262802223149,210,5,receive,262797540006,4683143
262802223808,628,8,receive,262797543722,4680086
262802300711,538,6,receive,262797573090,4727621
262802301401,930,5,receive,262797602215,4699186
262802302073,48,5,receive,262797638673,4663400
262802302748,620,5,receive,262797626520,4676228
262802303400,46,5,receive,262797558805,4744595
262802381600,552,5,receive,262797443006,4938594
262802382277,1000,5,receive,262797681146,4701131
262802382964,814,6,receive,262797675006,4707958
262802411239,590,7,receive,262797570327,4840912
262802417685,600,5,receive,262797675682,4742003
262802465711,466,7,receive,262797591005,4874706
262802466378,866,7,receive,262797646296,4820082
262802467035,768,5,receive,262797671006,4796029
262802467669,762,5,receive,262797629082,4838587
262802468329,968,5,receive,262797623717,4844612
262802542667,402,2,receive,262797635847,4906820
262802543335,670,7,receive,262797701082,4842253
262802543992,262,7,receive,262797665005,4878987
262802562882,494,7,receive,262797666968,4895914
262802563535,704,6,receive,262797694129,4869406
262802626491,562,5,receive,262797681579,4944912
262802627152,114,5,receive,262797654863,4972289
262802627791,880,6,receive,262797720236,4907555
262802653203,654,4,receive,262797707261,4945942
262802653860,150,6,receive,262797662371,4991489
262802654520,102,5,receive,262797723993,4930527
262802700304,404,5,receive,262797659912,5040392
262802700983,780,5,receive,262797648006,5052977
262802701666,640,6,receive,262797710078,4991588
262802738325,718,4,receive,262797663006,5075319
262802779074,838,8,receive,262797661960,5117114
262802779739,70,6,receive,262797659973,5119766
262802780408,532,7,receive,262797734588,5045820
262802781071,698,6,receive,262797704135,5076936
262802781728,666,5,receive,262797682468,5099260
262802782398,924,6,receive,262797722245,5060153
262802858801,124,8,receive,262797709027,5149774
262802859481,956,7,receive,262797694075,5165406
262802860162,974,6,receive,262797718426,5141736
262802860836,104,5,receive,262797723154,5137682
262802861516,610,4,receive,262797394835,5466681
262802918542,758,8,receive,262797744288,5174254
262802919203,882,4,receive,262797702248,5216955
262802919860,868,5,receive,262797581292,5338568
262802920526,606,5,receive,262797775332,5145194
262802921192,6,6,receive,262797764984,5156208
262802921850,92,5,receive,262797638603,5283247
262802993250,454,6,receive,262797754223,5239027
262802993775,712,6,receive,262797744490,5249285
262802994317,36,5,receive,262797821940,5172377
262802994806,890,8,receive,262797926013,5068793
262802995337,700,6,receive,262797925586,5069751
262802995842,38,6,receive,262797929951,5065891
262803050766,806,5,receive,262797862530,5188236
262803051456,170,6,receive,262798051079,5000377
262803052139,120,10,receive,262798051648,5000491
262803052822,364,8,receive,262797976793,5076029
262803053507,212,8,receive,262797992072,5061435
262803132746,618,6,receive,262798013082,5119664
262803133201,418,6,receive,262797999007,5134194
262803133799,198,5,receive,262798086203,5047596
262803134485,476,6,receive,262798034419,5100066
262803135167,578,7,receive,262798074574,5060593
262803190219,234,7,receive,262798155265,5034954
262803190886,344,7,receive,262798145665,5045221
262803191546,82,6,receive,262798037356,5154190
262803192216,126,6,receive,262798258869,4933347
262803192900,708,8,receive,262798270635,4922265
262803193563,844,5,receive,262798198038,4995525
262803266941,874,6,receive,262798270595,4996346
262803267536,262,8,receive,262798250271,5017265
262803268355,594,6,receive,262798209468,5058887
262803269038,894,7,receive,262798406412,4862626
262803269702,792,7,receive,262798200198,5069504
262803315164,432,7,receive,262798360189,4954975
262803315816,406,3,receive,262798412084,4903732
262803316496,568,6,receive,262798343158,4973338
262803338816,600,6,receive,262798502305,4836511
262803375681,352,7,receive,262798423214,4952467
262803376379,628,10,receive,262798522777,4853602
262803377067,356,8,receive,262798469360,4907707
262803377747,358,10,receive,262798520012,4857735
262803378416,60,7,receive,262798527270,4851146
262803439874,398,6,receive,262798503875,4935999
262803440539,78,10,receive,262798555370,4885169
262803441199,654,5,receive,262798593094,4848105
262803441851,76,10,receive,262798643805,4798046
262803442510,882,6,receive,262798591151,4851359
262803510316,176,7,receive,262798685549,4824767
262803510972,132,7,receive,262798628994,4881978
262803511638,986,7,receive,262798720059,4791579
262803512280,540,7,receive,262798723309,4788971
262803512936,422,8,receive,262798757486,4755450
262803513598,658,4,receive,262798829006,4684592
262803587621,866,9,receive,262798779221,4808400
262803588284,442,8,receive,262798805244,4783040
262803588956,806,6,receive,262798745796,4843160
262803593739,228,5,receive,262798853268,4740471
262803594422,210,7,receive,262798829006,4765416
262803651022,150,8,receive,262798868672,4782350
262803651703,274,8,receive,262798849667,4802036
262803652382,354,10,receive,262798987627,4664755
262803653060,140,7,receive,262799083605,4569455
262803653735,992,8,receive,262799053052,4600683
262803700787,20,8,receive,262798960245,4740542
262803701671,100,9,receive,262799071541,4630130
262803711424,164,8,receive,262799079007,4632417
262803724543,18,8,receive,262799099014,4625529
262803761285,274,9,receive,262799147007,4614278
262803762018,634,8,receive,262799226219,4535799
262803762682,840,8,receive,262799161621,4601061
262803763357,520,9,receive,262799231372,4531985
262803764039,558,9,receive,262799334809,4429230
262803764704,932,7,receive,262799247010,4517694
262803820608,980,7,receive,262799307314,4513294
262803821267,444,8,receive,262799308800,4512467
262803821925,92,8,receive,262799381350,4440575
262803827882,966,6,receive,262799324490,4503392
262803828537,590,10,receive,262799371635,4456902
262803878225,170,8,receive,262799390655,4487570
262803878902,594,9,receive,262799415139,4463763
262803879611,686,2,receive,262799507539,4372072
262803880303,66,7,receive,262799421717,4458586
262803880974,86,8,receive,262799572083,4308891
262803923811,218,10,receive,262799564073,4359738
262803924479,968,7,receive,262799544458,4380021
262803925144,670,11,receive,262799580383,4344761
262803925811,226,8,receive,262799590241,4335570
262803926488,10,8,receive,262799599275,4327213
262803976194,536,8,receive,262799711169,4265025
262803976874,232,5,receive,262799634513,4342361
262803977561,58,11,receive,262799699094,4278467
262803978247,702,9,receive,262799743167,4235080
262803978928,538,9,receive,262799800960,4177968
262804014586,8,9,receive,262799677534,4337052
262804015275,936,7,receive,262799767006,4248269
262804015954,578,10,receive,262799826340,4189614
262804016529,930,9,receive,262799776768,4239761
262804049452,932,8,receive,262799815009,4234443
262804050141,38,9,receive,262799947714,4102427
262804060192,596,11,receive,262799871827,4188365
262804068335,234,13,receive,262799941187,4127148
262804080684,392,9,receive,262799969219,4111465
262804098669,628,13,receive,262799959390,4139279
262804099244,840,10,receive,262800040007,4059237
262804099753,884,10,receive,262800019933,4079820
262804100264,582,10,receive,262800068693,4031571
262804100764,496,5,receive,262799986010,4114754
262804143142,970,7,receive,262800037121,4106021
262804143834,608,8,receive,262799981475,4162359
262804152313,652,5,receive,262800153336,3998977
262804153005,840,11,receive,262800179006,3973999
262804153695,594,10,receive,262800102249,4051446
262804204328,832,7,receive,262800193289,4011039
262804205009,678,10,receive,262800175559,4029450
262804205677,782,11,receive,262800272023,3933654
262804206336,534,8,receive,262800154454,4051882
262804206992,888,9,receive,262800286765,3920227
262804250685,612,10,receive,262800290930,3959755
262804251366,218,12,receive,262800209838,4041528
262804252023,2,9,receive,262800380148,3871875
262804252705,28,9,receive,262800329678,3923027
262804298393,382,9,receive,262800384815,3913578
262804299671,842,11,receive,262800384741,3914930
262804300360,786,10,receive,262800373578,3926782
262804301028,814,11,receive,262800403007,3898021
262804301708,288,10,receive,262800464791,3836917
262804349147,868,9,receive,262800420924,3928223
262804349824,916,10,receive,262800458537,3891287
262804350507,740,9,receive,262800467175,3883332
262804351191,652,6,receive,262800547688,3803503
262804351864,842,12,receive,262800574170,3777694
262804395979,92,10,receive,262800529683,3866296
262804396644,538,10,receive,262800560955,3835689
262804405451,320,3,receive,262800526011,3879440
262804414279,934,10,receive,262800661645,3752634
262804445661,316,3,receive,262800577752,3867909
262804446346,72,10,receive,262800596216,3850130
262804447026,860,9,receive,262800708997,3738029
262804459482,402,8,receive,262800699649,3759833
262804469486,390,9,receive,262800729325,3740161
262804502170,324,3,receive,262800808776,3693394
262804502839,534,9,receive,262800797068,3705771
262804503498,212,15,receive,262800763008,3740490
262804504163,926,10,receive,262800816095,3688068
262804504818,362,11,receive,262800835462,3669356
262804505479,722,13,receive,262800836016,3669463
262804568302,884,11,receive,262800838198,3730104
262804568894,698,10,receive,262800824193,3744701
262804569565,146,9,receive,262800899866,3669699
262804585113,202,11,receive,262800964009,3621104
262804603025,876,10,receive,262800845679,3757346
262804626274,12,10,receive,262800954007,3672267
262804626954,328,2,receive,262800960006,3666948
262804627625,754,11,receive,262800988007,3639618
262804628314,914,10,receive,262800953006,3675308
262804628965,30,11,receive,262801150749,3478216
262804629621,948,10,receive,262801159010,3470611
262804688476,916,11,receive,262801157082,3531394
262804689152,296,2,receive,262801146513,3542639
262804689818,392,11,receive,262801165734,3524084
262804690481,788,13,receive,262801100972,3589509
262804691152,786,11,receive,262801103009,3588143
262804691814,300,1,receive,262801186338,3505476
262804752790,906,11,receive,262801127990,3624800
262804753479,158,5,receive,262801187007,3566472
262804754165,20,11,receive,262801203377,3550788
262804754851,482,10,receive,262801160307,3594544
262804755549,190,1,receive,262801043440,3712109
262804805176,520,12,receive,262801234935,3570241
262804805857,554,2,receive,262801186006,3619851
262804806550,210,10,receive,262801332099,3474451
262804807241,772,13,receive,262801320622,3486619
262804807922,912,10,receive,262801319751,3488171
262804853945,658,8,receive,262801284038,3569907
262804854612,592,12,receive,262801400010,3454602
262804855283,20,12,receive,262801391007,3464276
262804855946,820,13,receive,262801382272,3473674
262804856612,668,6,receive,262801423706,3432906
262804900622,494,12,receive,262801376034,3524588
262804901311,442,12,receive,262801429583,3471728
262804901953,680,11,receive,262801424466,3477487
262804902626,508,13,receive,262801446081,3456545
262804903295,482,11,receive,262801401195,3502100
262804932397,364,14,receive,262801463823,3468574
262804933061,902,13,receive,262801473571,3459490
262804943601,372,15,receive,262801581006,3362595
262804944283,638,11,receive,262801571288,3372995
262804974601,48,11,receive,262801465127,3509474
262804975272,22,12,receive,262801548213,3427059
262804975936,594,13,receive,262801588765,3387171
262804976600,182,4,receive,262801681085,3295515
262804977275,782,13,receive,262801691145,3286130
262804977961,258,7,receive,262801624189,3353772
262805020040,58,13,receive,262801706622,3313418
262805020730,188,2,receive,262801674839,3345891
262805024489,914,11,receive,262801667277,3357212
262805025162,714,14,receive,262801724718,3300444
262805025832,94,11,receive,262801713212,3312620
262805063744,362,13,receive,262801759194,3304550
262805064477,84,12,receive,262801778080,3286397
262805065171,944,11,receive,262801784337,3280834
262805065858,494,13,receive,262801797398,3268460
262805066554,308,2,receive,262801851823,3214731
262805105153,312,2,receive,262801852070,3253083
262805105833,536,12,receive,262801832076,3273757
262805106524,990,11,receive,262801869011,3237513
262805117208,996,12,receive,262801881753,3235455
262805117865,148,11,receive,262801923017,3194848
262805142916,80,14,receive,262801819419,3323497
262805143575,920,10,receive,262801922543,3221032
262805144244,908,17,receive,262801925539,3218705
262805159523,754,12,receive,262801996064,3163459
262805175427,722,16,receive,262802086008,3089419
262805176120,92,12,receive,262802061406,3114714
262805176781,328,4,receive,262802022791,3153990
262805177443,812,13,receive,262801948823,3228620
262805178099,248,7,receive,262802086797,3091302
262805219793,826,14,receive,262802094341,3125452
262805220484,586,14,receive,262802074255,3146229
262805221184,246,2,receive,262802089469,3131715
262805221867,74,14,receive,262802101446,3120421
262805222551,332,3,receive,262802110557,3111994
262805268794,932,11,receive,262802034012,3234782
262805269473,726,14,receive,262802096679,3172794
262805270181,448,5,receive,262802057994,3212187
262805270871,402,11,receive,262802222265,3048606
262805271547,806,11,receive,262802209005,3062542
262805314025,998,12,receive,262802215857,3098168
262805314664,390,12,receive,262802245005,3069659
262805315314,660,10,receive,262802197136,3118178
262805315981,392,13,receive,262802319773,2996208
262805316655,320,6,receive,262802382009,2934646
262805355309,86,12,receive,262802390804,2964505
262805355958,662,6,receive,262802396010,2959948
262805356614,58,14,receive,262802335605,3021009
262805367247,202,13,receive,262802396975,2970272
262805367915,974,12,receive,262802373244,2994671
262805390028,148,12,receive,262802408725,2981303
262805390628,270,1,receive,262802381523,3009105
262805391161,252,7,receive,262802285080,3106081
262805391683,682,13,receive,262802458345,2933338
262805392248,64,11,receive,262802341096,3051152
262805433282,562,13,receive,262802421237,3012045
262805433957,212,18,receive,262802442007,2991950
262805434616,390,13,receive,262802434636,2999980
262805435268,174,16,receive,262802464006,2971262
262805435916,862,14,receive,262802434726,3001190
262805436571,172,11,receive,262802547006,2889565
262805481599,392,14,receive,262802558808,2922791
262805482343,248,8,receive,262802480484,3001859
262805483155,684,7,receive,262802583749,2899406
262805493107,866,15,receive,262802616285,2876822
262805499979,594,14,receive,262802618172,2881807
262805527026,58,15,receive,262802565798,2961228
262805527682,166,14,receive,262802646303,2881379
262805528342,534,11,receive,262802588408,2939934
262805529014,284,1,receive,262802691522,2837492
262805529675,102,12,receive,262802622841,2906834
262805565488,868,13,receive,262802710483,2855005
262805566157,316,6,receive,262802687350,2878807
262805566807,382,12,receive,262802679041,2887766
262805567454,70,12,receive,262802861009,2706445
262805568101,826,15,receive,262802867100,2701001
262805568749,612,13,receive,262802809006,2759743
262805610089,2,14,receive,262802817006,2793083
262805610823,294,1,receive,262802875045,2735778
262805613016,452,2,receive,262802876536,2736480
262805619865,20,14,receive,262802830006,2789859
262805650220,92,13,receive,262802868469,2781751
262805650882,362,15,receive,262802880005,2770877
262805651571,152,14,receive,262802847008,2804563
262805652209,520,14,receive,262802880991,2771218
262805652849,696,3,receive,262802904012,2748837
262805653519,432,13,receive,262802873133,2780386
262805691578,136,12,receive,262802909256,2782322
262805692254,878,12,receive,262802851439,2840815
262805692905,320,8,receive,262802894015,2798890
262805693563,328,6,receive,262802987408,2706155
262805694216,754,13,receive,262803004004,2690212
262805694867,8,15,receive,262802946952,2747915
262805735064,404,13,receive,262802959489,2775575
262805735710,868,14,receive,262802991272,2744438
262805736368,772,16,receive,262802902632,2833736
262805737049,84,15,receive,262803021580,2715469
262805737710,242,3,receive,262803019428,2718282
262805782697,682,15,receive,262803000273,2782424
262805783326,686,6,receive,262803036346,2746980
262805783976,136,13,receive,262803066538,2717438
262805784655,792,15,receive,262803087641,2697014
262805824802,658,12,receive,262803124863,2699939
262805825466,956,15,receive,262803110679,2714787
262805826141,772,17,receive,262803175005,2651136
262805833619,610,13,receive,262803101194,2732425
262805834283,380,14,receive,262803116006,2718277
262805834959,22,15,receive,262803149587,2685372
262805879830,500,15,receive,262803199464,2680366
262805880471,786,15,receive,262803164745,2715726
262805881124,422,14,receive,262803184903,2696221
262805881774,256,3,receive,262803203882,2677892
262805922606,314,1,receive,262803278355,2644251
262805923296,98,17,receive,262803258430,2664866
262805923957,336,4,receive,262803217791,2706166
262805924636,310,1,receive,262803218537,2706099
262805925321,806,13,receive,262803259150,2666171
262805925992,30,14,receive,262803302502,2623490
262805972049,318,1,receive,262803302259,2669790
262805972686,344,16,receive,262803321006,2651680
262805981052,182,7,receive,262803281082,2699970
262805990563,878,13,receive,262803299460,2691103
262806007252,302,2,receive,262803328879,2678373
262806007904,152,16,receive,262803379936,2627968
262806008541,866,16,receive,262803337163,2671378
262806009193,248,9,receive,262803344196,2664997
262806009864,996,15,receive,262803396005,2613859
262806055359,498,1,receive,262803443049,2612310
262806056037,448,7,receive,262803434205,2621832
262806056694,836,13,receive,262803447572,2609122
262806057349,684,8,receive,262803451148,2606201
262806057997,708,17,receive,262803460370,2597627
262806098271,608,14,receive,262803457742,2640529
262806098920,388,16,receive,262803474669,2624251
262806099450,352,14,receive,262803517703,2581747
262806099969,316,7,receive,262803524007,2575962
262806100513,410,4,receive,262803491760,2608753
262806148451,476,13,receive,262803535441,2613010
262806149135,980,17,receive,262803542506,2606629
262806149801,302,3,receive,262803530649,2619152
262806150469,172,13,receive,262803586614,2563855
262806151134,50,18,receive,262803576274,2574860
262806187801,966,11,receive,262803625252,2562549
262806189165,322,2,receive,262803635641,2553524
262806247578,802,14,receive,262803618076,2629502
262806248259,210,14,receive,262803664836,2583423
262806248938,400,1,receive,262803641923,2607015
262806249618,268,6,receive,262803672942,2576676
262806250263,484,1,receive,262803694122,2556141
262806250906,458,2,receive,262803679858,2571048
262806301852,8,16,receive,262803680809,2621043
262806302540,310,2,receive,262803694545,2607995
262806303238,100,15,receive,262803737010,2566228
262806318009,686,8,receive,262803769489,2548520
262806318698,306,2,receive,262803756289,2562409
262806369769,514,1,receive,262803781293,2588476
262806370454,252,10,receive,262803747709,2622745
262806371120,408,1,receive,262803825323,2545797
262806371785,58,17,receive,262803809957,2561828
262806372454,980,18,receive,262803834131,2538323
262806434950,468,3,receive,262803790809,2644141
262806435638,398,15,receive,262803812010,2623628
262806436328,404,14,receive,262803906628,2529700
262806437031,66,14,receive,262803881621,2555410
262806437721,360,3,receive,262803887666,2550055
262806488413,668,9,receive,262803904396,2584017
262806489082,314,2,receive,262803860264,2628818
262806489741,302,4,receive,262803903131,2586610
262806490421,960,14,receive,262803934990,2555431
262806491115,470,11,receive,262803925070,2566045
262806491810,654,14,receive,262803950275,2541535
262806553176,244,18,receive,262803906077,2647099
262806553863,524,1,receive,262803972335,2581528
262806554553,554,7,receive,262803974402,2580151
262806555286,708,18,receive,262803897311,2657975
262806600320,652,10,receive,262803985346,2614974
262806600984,824,14,receive,262803908477,2692507
262806601657,664,1,receive,262804026262,2575395
262806602319,476,14,receive,262804026849,2575470
262806602979,310,3,receive,262804021289,2581690
262806639058,58,18,receive,262804007030,2632028
262806639725,294,3,receive,262804015092,2624633
262806646371,998,14,receive,262804050423,2595948
262806647085,270,4,receive,262804058860,2588225
262806647749,174,18,receive,262804003152,2644597
262806694071,600,15,receive,262804065784,2628287
262806694755,646,13,receive,262804093509,2601246
262806695432,180,8,receive,262804084007,2611425
262806696105,980,19,receive,262804091042,2605063
262806696770,86,16,receive,262804036620,2660150
262806745052,88,18,receive,262804077007,2668045
262806745717,710,1,receive,262804121788,2623929
262806746381,470,12,receive,262804139178,2607203
262806747050,510,1,receive,262804149614,2597436
262806747715,934,18,receive,262804149520,2598195
262806808142,676,1,receive,262804161135,2647007
262806808831,214,7,receive,262804189911,2618920
262806809523,806,14,receive,262804216802,2592721
262806810206,690,1,receive,262804217203,2593003
262806810893,478,4,receive,262804161933,2648960
262806849296,258,11,receive,262804187689,2661607
262806849981,20,18,receive,262804228771,2621210
262806850672,394,12,receive,262804226188,2624484
262806872227,520,16,receive,262804242208,2630019
262806904453,390,15,receive,262804238080,2666373
262806905119,676,2,receive,262804304430,2600689
262806905733,668,10,receive,262804304975,2600758
262806906401,424,4,receive,262804319751,2586650
262806907071,708,19,receive,262804269048,2638023
262806907731,696,5,receive,262804313008,2594723
262806953090,492,2,receive,262804349416,2603674
262806953749,692,1,receive,262804357057,2596692
262806961928,448,8,receive,262804324888,2637040
262806972186,952,19,receive,262804350810,2621376
262807001784,812,16,receive,262804371747,2630037
262807002456,244,19,receive,262804367538,2634918
262807003128,188,7,receive,262804399297,2603831
262807003793,864,16,receive,262804390014,2613779
262807004475,522,1,receive,262804405369,2599106
262807046380,242,7,receive,262804393046,2653334
262807047042,608,15,receive,262804452583,2594459
262807047728,460,1,receive,262804461312,2586416
262807048418,320,11,receive,262804428137,2620281
262807049102,238,6,receive,262804441931,2607171
262807078793,728,2,receive,262804503275,2575518
262807082267,916,16,receive,262804440404,2641863
262807088838,594,18,receive,262804512456,2576382
262807096073,462,1,receive,262804496860,2599213
262807096727,444,17,receive,262804512010,2584717
262807111265,130,1,receive,262804516651,2594614
262807111946,374,4,receive,262804503084,2608862
262807112635,50,19,receive,262804565893,2546742
262807113315,492,3,receive,262804564089,2549226
262807113972,616,1,receive,262804585726,2528246
262807170987,192,5,receive,262804586076,2584911
262807171634,256,5,receive,262804578062,2593572
262807172280,300,6,receive,262804623394,2548886
262807172933,390,16,receive,262804643429,2529504
262807173592,664,2,receive,262804641318,2532274
262807230710,578,17,receive,262804629316,2601394
262807231383,510,2,receive,262804654389,2576994
262807232046,442,17,receive,262804663201,2568845
262807232710,654,15,receive,262804683736,2548974
262807233377,196,1,receive,262804708328,2525049
262807273009,548,1,receive,262804715067,2557942
262807273681,190,8,receive,262804684513,2589168
262807274349,550,1,receive,262804710554,2563795
262807275023,258,12,receive,262804663620,2611403
262807275699,868,17,receive,262804757693,2518006
