receive_timestamp,source_vehicle,message_id,event_type,send_timestamp,latency_us
262795028600,888,2,receive,262794981489,47111
262795029277,956,1,receive,262794984049,45228
262795029922,508,2,receive,262794961472,68450
262795030554,262,2,receive,262794986507,44047
262795070349,962,1,receive,262794987230,83119
262795156044,220,1,receive,262794979264,176780
262795156699,838,2,receive,262794990251,166448
262795157367,930,1,receive,262794990426,166941
262795158038,700,2,receive,262794990760,167278
262795158701,418,1,receive,262794895366,263335
262795159372,12,2,receive,262794920545,238827
262795292412,958,1,receive,262794999239,293173
262795293115,964,1,receive,262795001085,292030
262795293806,954,1,receive,262795002131,291675
262795323383,948,1,receive,262795005276,318107
262795324084,950,1,receive,262795006730,317354
262795324771,944,1,receive,262795008940,315831
262795445616,952,1,receive,262795010977,434639
262795446288,358,2,receive,262795011078,435210
262795448025,942,1,receive,262795012579,435446
262795448718,20,2,receive,262794917166,531552
262795544531,946,1,receive,262795013041,531490
262795545218,404,1,receive,262795004819,540399
262795545902,960,1,receive,262795017037,528865
262795546593,162,2,receive,262795004120,542473
262795547274,586,2,receive,262795027329,519945
262795547930,98,2,receive,262794964568,583362
262795679680,940,1,receive,262795036121,643559
262795680352,210,2,receive,262794982172,698180
262795681020,78,2,receive,262795022226,658794
262795681674,830,2,receive,262794976027,705647
262795682350,422,2,receive,262794986217,696133
262795791606,132,2,receive,262794906265,885341
262795792302,160,2,receive,262795016847,775455
262795792976,918,2,receive,262795049131,743845
262795793644,794,2,receive,262795023196,770448
262795794320,112,2,receive,262795056133,738187
262795794994,976,1,receive,262795073341,721653
262795931223,932,1,receive,262795063596,867627
262795931857,364,2,receive,262795067571,864286
262795932505,982,1,receive,262795079056,853449
262795933146,984,1,receive,262795081846,851300
262795933799,276,2,receive,262795039009,894790
262796051032,520,2,receive,262795005006,1046026
262796051676,532,2,receive,262794950393,1101283
262796052334,858,2,receive,262795060530,991804
262796052993,50,2,receive,262795070087,982906
262796155083,534,2,receive,262795001570,1153513
262796155729,366,2,receive,262795001827,1153902
262796156383,902,2,receive,262795074010,1082373
262796178044,768,2,receive,262795088944,1089100
262796178720,142,2,receive,262795092212,1086508
262796179390,834,2,receive,262795077081,1102309
262796294304,972,1,receive,262795096706,1197598
262796294990,26,2,receive,262795026885,1268105
262796295670,88,2,receive,262795033006,1262664
262796296352,970,1,receive,262795098258,1198094
262796297026,568,2,receive,262795021119,1275907
262796297699,380,2,receive,262795017297,1280402
262796431577,988,1,receive,262795103063,1328514
262796432239,488,2,receive,262794998425,1433814
262796432892,536,2,receive,262795056071,1376821
262796433533,968,1,receive,262795108099,1325434
262796434205,974,1,receive,262795108579,1325626
262796434870,986,1,receive,262795109127,1325743
262796567558,980,1,receive,262795113334,1454224
262796568226,178,2,receive,262795086010,1482216
262796568911,996,1,receive,262795116543,1452368
262796569576,886,2,receive,262795051291,1518285
262796570257,82,2,receive,262795037400,1532857
262796687608,966,1,receive,262795122559,1565049
262796688274,382,1,receive,262795125558,1562716
262796688923,494,2,receive,262795094268,1594655
262796689583,952,2,receive,262795130580,1559003
262796690256,978,1,receive,262795121129,1569127
262796690926,994,1,receive,262795136986,1553940
262796832875,52,2,receive,262795086293,1746582
262796833536,992,1,receive,262795141061,1692475
262796834191,556,2,receive,262795067005,1767186
262796834844,998,1,receive,262795151122,1683722
262796835516,990,1,receive,262795143046,1692470
262796958637,134,2,receive,262795112506,1846131
262796959318,384,2,receive,262795049007,1910311
262796959986,120,2,receive,262795115113,1844873
262796960698,42,2,receive,262794953452,2007246
262796961390,594,2,receive,262795128109,1833281
262797084074,372,2,receive,262795117342,1966732
262797084790,936,1,receive,262795163022,1921768
262797085488,166,2,receive,262795160380,1925108
262797086184,274,2,receive,262795127683,1958501
262797086866,164,2,receive,262795098347,1988519
262797175727,354,3,receive,262795164104,2011623
262797176404,480,2,receive,262795083207,2093197
262797177088,64,2,receive,262795108346,2068742
262797187835,702,2,receive,262795104028,2083807
262797188504,790,2,receive,262795139013,2049491
262797276502,890,2,receive,262795181759,2094743
262797277194,848,2,receive,262795104007,2173187
262797277874,736,3,receive,262795155175,2122699
262797308317,772,2,receive,262795183574,2124743
262797325434,234,2,receive,262794962090,2363344
262797412125,150,2,receive,262795192006,2220119
262797412769,810,2,receive,262795172580,2240189
262797413530,428,2,receive,262795178010,2235520
262797414223,842,2,receive,262795157008,2257215
262797414919,538,2,receive,262795169780,2245139
262797415613,870,2,receive,262795191036,2224577
262797563304,122,2,receive,262795151020,2412284
262797563973,866,2,receive,262795217068,2346905
262797564656,244,2,receive,262795151315,2413341
262797565344,144,1,receive,262795217066,2348278
262797651215,948,2,receive,262795219572,2431643
262797651902,46,2,receive,262795174774,2477128
262797652589,60,2,receive,262795028316,2624273
262797653282,938,2,receive,262795200017,2453265
262797653965,880,2,receive,262795130518,2523447
262797654633,86,2,receive,262795156011,2498622
262797785033,722,2,receive,262795202016,2583017
262797785785,184,2,receive,262795188876,2596909
262797786453,1000,1,receive,262795235958,2550495
262797787119,778,2,receive,262795225615,2561504
262797787780,358,3,receive,262795158156,2629624
262797891578,14,2,receive,262795227167,2664411
262797892259,854,2,receive,262795025945,2866314
262797892937,62,2,receive,262795198065,2694872
262797893605,874,2,receive,262795207780,2685825
262797894264,128,2,receive,262795211230,2683034
262797894917,348,2,receive,262795126019,2768898
262798045741,236,2,receive,262795176062,2869679
262798046426,698,2,receive,262795182874,2863552
262798047096,976,2,receive,262795242365,2804731
262798047782,542,2,receive,262795202559,2845223
262798048453,34,2,receive,262795224006,2824447
262798170151,896,2,receive,262795262010,2908141
262798170799,198,2,receive,262795175713,2995086
262798171484,6,2,receive,262795222621,2948863
262798172158,754,2,receive,262795279349,2892809
262798172815,720,2,receive,262795182834,2989981
262798173473,186,2,receive,262795255131,2918342
262798310152,682,2,receive,262795174077,3136075
262798310817,76,2,receive,262795242141,3068676
262798311540,954,2,receive,262795186367,3125173
262798312221,80,2,receive,262795265363,3046858
262798312905,168,2,receive,262795223810,3089095
262798313562,586,3,receive,262795298077,3015485
262798435711,840,2,receive,262795288011,3147700
262798436375,262,3,receive,262795303009,3133366
262798437013,958,2,receive,262795271506,3165507
262798466025,618,2,receive,262795192141,3273884
262798466686,590,2,receive,262795291956,3174730
262798533436,508,3,receive,262795299362,3234074
262798534118,670,2,receive,262795315688,3218430
262798534784,940,2,receive,262795298578,3236206
262798535461,580,3,receive,262795239149,3296312
262798536149,442,3,receive,262795317101,3219048
262798648797,222,2,receive,262795262006,3386791
262798649457,116,2,receive,262795283474,3365983
262798650125,704,2,receive,262795281568,3368557
262798669602,202,2,receive,262795211565,3458037
262798670300,230,2,receive,262795316860,3353440
262798749100,88,3,receive,262795262006,3487094
262798749782,54,2,receive,262795312072,3437710
262798750454,24,2,receive,262795265106,3485348
262798792655,356,2,receive,262795334689,3457966
262798855720,994,2,receive,262795279482,3576238
262798856461,972,2,receive,262795335015,3521446
262798857148,932,2,receive,262795362451,3494697
262798857803,716,2,receive,262795286512,3571291
262798858460,978,2,receive,262795291139,3567321
262798967743,480,3,receive,262795365448,3602295
262798968398,876,2,receive,262795299282,3669116
262798969070,224,1,receive,262795360803,3608267
262798969731,674,2,receive,262795319006,3650725
262798970404,806,2,receive,262795326007,3644397
262799042154,532,3,receive,262795382857,3659297
262799042837,910,2,receive,262795350269,3692568
262799043506,162,3,receive,262795324648,3718858
262799044167,526,2,receive,262795297210,3746957
262799044824,50,3,receive,262795387475,3657349
262799214198,26,3,receive,262795375402,3838796
262799214827,352,2,receive,262795333283,3881544
262799215491,956,2,receive,262795347798,3867693
262799216149,112,3,receive,262795227563,3988586
262799216827,794,3,receive,262795349072,3867755
262799328334,610,2,receive,262795387010,3941324
262799329018,354,4,receive,262795405501,3923517
262799329702,110,3,receive,262795414267,3915435
262799330394,632,2,receive,262795398098,3932296
262799439648,344,2,receive,262795348014,4091634
262799440322,862,2,receive,262795319006,4121316
262799440989,638,2,receive,262795420640,4020349
262799441662,234,3,receive,262795361017,4080645
262799442333,422,3,receive,262795381926,4060407
262799442994,118,2,receive,262795369010,4073984
262799572037,134,3,receive,262795436763,4135274
262799572716,538,3,receive,262795418007,4154709
262799573390,640,1,receive,262795446205,4127185
262799601534,2,2,receive,262795380007,4221527
262799694722,432,3,receive,262795371008,4323714
262799695388,244,3,receive,262795375374,4320014
262799696040,852,2,receive,262795397064,4298976
262799696717,92,2,receive,262795439214,4257503
262799697395,986,2,receive,262795352838,4344557
262799804096,612,2,receive,262795466222,4337874
262799804705,126,2,receive,262795386102,4418603
262799805399,908,2,receive,262795423009,4382390
262799806090,814,2,receive,262795399084,4407006
262799806780,706,2,receive,262795460020,4346760
262799882850,760,2,receive,262795479730,4403120
262799883527,278,2,receive,262795462010,4421517
262799884196,628,3,receive,262795470139,4414057
262799884865,556,3,receive,262795491005,4393860
262799976078,384,3,receive,262795398006,4578072
262799976771,826,2,receive,262795477450,4499321
262799977446,106,2,receive,262795409827,4567619
262799978121,218,2,receive,262795411014,4567107
262799978779,10,2,receive,262795422099,4556680
262800080160,950,2,receive,262795386486,4693674
262800080818,604,1,receive,262795499076,4581742
262800081480,388,2,receive,262795468008,4613472
262800082143,962,2,receive,262795437072,4645071
262800082784,724,2,receive,262795499152,4583632
262800083435,758,3,receive,262795409919,4673516
262800222714,964,2,receive,262795447010,4775704
262800223372,42,3,receive,262795494475,4728897
262800224027,34,3,receive,262795412512,4811515
262800224715,6,3,receive,262795493676,4731039
262800262033,586,4,receive,262795480620,4781413
262800336035,184,3,receive,262795507964,4828071
262800336690,392,2,receive,262795450629,4886061
262800337348,138,2,receive,262795500064,4837284
262800338007,930,2,receive,262795446115,4891892
262800338686,824,2,receive,262795491367,4847319
262800422642,804,2,receive,262795484006,4938636
262800423338,816,2,receive,262795419597,5003741
262800423992,420,2,receive,262795508505,4915487
262800424678,708,2,receive,262795531189,4893489
262800425356,382,2,receive,262795487989,4937367
262800526058,912,2,receive,262795505242,5020816
262800526742,206,2,receive,262795518078,5008664
262800527676,76,3,receive,262795473568,5054108
262800547448,838,3,receive,262795469159,5078289
262800569027,108,2,receive,262795532031,5036996
262800628235,166,3,receive,262795479005,5149230
262800628922,952,3,receive,262795453290,5175632
262800629609,896,3,receive,262795494009,5135600
262800630266,916,2,receive,262795457417,5172849
262800630947,224,2,receive,262795489819,5141128
262800631576,846,2,receive,262795479006,5152570
262800739218,494,3,receive,262795505525,5233693
262800739869,578,2,receive,262795561339,5178530
262800744250,450,2,receive,262795572557,5171693
262800761309,348,3,receive,262795493735,5267574
262800777319,864,2,receive,262795516693,5260626
262800825692,40,2,receive,262795483259,5342433
262800826353,86,3,receive,262795557225,5269128
262800827007,476,1,receive,262795572060,5254947
262800847690,738,2,receive,262795521983,5325707
262800891184,142,3,receive,262795486529,5404655
262800891869,788,2,receive,262795559530,5332339
262800892622,466,2,receive,262795548393,5344229
262800893307,850,2,receive,262795502006,5391301
262800893957,958,3,receive,262795573518,5320439
262800894602,372,3,receive,262795553842,5340760
262800988619,678,2,receive,262795537007,5451612
262800989282,208,2,receive,262795566356,5422926
262800989998,352,3,receive,262795559887,5430111
262800990650,22,2,receive,262795555186,5435464
262800991276,744,2,receive,262795541610,5449666
262800991893,928,2,receive,262795576207,5415686
262801080924,12,3,receive,262795520504,5560420
262801081588,968,2,receive,262795525987,5555601
262801090879,358,4,receive,262795483103,5607776
262801091561,934,2,receive,262795578622,5512939
262801170382,132,3,receive,262795587556,5582826
262801171044,588,2,receive,262795586010,5585034
262801171667,398,2,receive,262795615009,5556658
262801172230,734,2,receive,262795601499,5570731
262801202024,116,3,receive,262795488851,5713173
262801253531,596,2,receive,262795570092,5683439
262801254173,890,3,receive,262795572281,5681892
262801254779,290,1,receive,262795626425,5628354
262801267420,730,2,receive,262795545268,5722152
262801268018,820,3,receive,262795632840,5635178
262801268617,80,3,receive,262795588010,5680607
262801344860,888,3,receive,262795578104,5766756
262801345474,186,3,receive,262795601564,5743910
262801346160,482,2,receive,262795523779,5822381
262801346831,38,2,receive,262795524005,5822826
262801347498,472,2,receive,262795638005,5709493
262801430527,682,3,receive,262795595246,5835281
262801431205,844,2,receive,262795642562,5788643
262801431781,630,2,receive,262795569010,5862771
262801432375,906,2,receive,262795638137,5794238
262801432995,134,4,receive,262795608010,5824985
262801514974,226,2,receive,262795638811,5876163
262801515662,582,2,receive,262795620067,5895595
262801516331,818,2,receive,262795633105,5883226
262801517012,590,3,receive,262795642006,5875006
262801571181,532,4,receive,262795673062,5898119
262801571813,150,3,receive,262795618193,5953620
262801622262,732,2,receive,262795691449,5930813
262801622853,824,3,receive,262795692714,5930139
262801623460,84,2,receive,262795765033,5858427
262801624094,356,3,receive,262795725510,5898584
262801669025,172,2,receive,262795785283,5883742
262801669666,66,2,receive,262795737012,5932654
262801767111,924,2,receive,262795771183,5995928
262801767722,930,3,receive,262795787136,5980586
262801768330,20,3,receive,262795910739,5857591
262801768897,64,3,receive,262795871590,5897307
262801769554,568,3,receive,262795936650,5832904
262801810679,432,4,receive,262795942090,5868589
262801811352,874,3,receive,262795868705,5942647
262801812024,968,3,receive,262796050006,5762018
262801850704,164,3,receive,262795960163,5890541
262801863071,704,4,receive,262796049339,5813732
262801863731,848,3,receive,262796018840,5844891
262801925679,28,3,receive,262795997939,5927740
262801926340,830,3,receive,262796079181,5847159
262801926999,366,4,receive,262796008051,5918948
262801944212,128,3,receive,262796113079,5831133
262801991038,646,1,receive,262796301996,5689042
262801991732,640,2,receive,262796297335,5694397
262801992413,24,4,receive,262796253749,5738664
262801993075,16,3,receive,262796214222,5778853
262802028334,442,4,receive,262796209009,5819325
262802028920,54,3,receive,262796209407,5819513
262802097550,604,2,receive,262796310386,5787164
262802098150,364,4,receive,262796264010,5834140
262802098705,34,6,receive,262796342277,5756428
262802099330,388,4,receive,262796438986,5660344
262802099985,362,3,receive,262796373356,5726629
262802100654,202,4,receive,262796383015,5717639
262802186028,14,4,receive,262796434017,5752011
262802186680,404,3,receive,262796415086,5771594
262802187346,726,4,receive,262796584902,5602444
262802188011,736,5,receive,262796513573,5674438
262802221057,78,6,receive,262796560005,5661052
262802274539,390,3,receive,262796581680,5692859
262802275209,398,4,receive,262796601708,5673501
262802275869,894,4,receive,262796604007,5671862
262802276523,608,3,receive,262796613488,5663035
262802277187,520,5,receive,262796640159,5637028
262802277848,490,1,receive,262796683878,5593970
262802362629,536,4,receive,262796584199,5778430
262802363294,1000,3,receive,262796674246,5689048
262802363951,880,5,receive,262796828144,5535807
262802372759,812,4,receive,262796783285,5589474
262802373437,614,4,receive,262796777376,5596061
262802452821,16,4,receive,262796803152,5649669
262802453409,836,3,receive,262796710657,5742752
262802454107,638,5,receive,262796985561,5468546
262802454774,788,7,receive,262797085372,5369402
262802455436,586,6,receive,262796860189,5595247
262802531112,966,3,receive,262796994233,5536879
262802531747,792,4,receive,262797090063,5441684
262802532413,102,4,receive,262797077154,5455259
262802541191,804,4,receive,262796943286,5597905
262802541849,536,5,receive,262797006855,5534994
262802542514,496,1,receive,262797105771,5436743
262802620694,722,5,receive,262796964011,5656683
262802621347,980,3,receive,262797143453,5477894
262802622013,348,7,receive,262797150007,5472006
262802622673,932,5,receive,262797168576,5454097
262802623335,40,4,receive,262797188968,5434367
262802698886,742,4,receive,262797093891,5604995
262802699579,500,4,receive,262797199010,5500569
262802700277,464,4,receive,262797229744,5470533
262802700963,14,6,receive,262797244308,5456655
262802701656,280,4,receive,262797257895,5443761
262802774649,958,5,receive,262797310058,5464591
262802775311,712,5,receive,262797341824,5433487
262802781027,872,6,receive,262797379901,5401126
262802786025,74,6,receive,262797345157,5440868
262802786704,892,5,receive,262797367262,5419442
262802842157,818,6,receive,262797336009,5506148
262802842816,434,4,receive,262797385675,5457141
262802843479,908,6,receive,262797637285,5206194
262802869132,14,7,receive,262797657008,5212124
262802869819,172,4,receive,262797560006,5309813
262802917317,72,5,receive,262797651321,5265996
262802917968,428,6,receive,262797603917,5314051
262802918632,80,8,receive,262797645468,5273164
262802919290,210,5,receive,262797540006,5379284
262802919871,628,8,receive,262797543722,5376149
262802993531,538,6,receive,262797573090,5420441
262802994190,930,5,receive,262797602215,5391975
262802994847,702,5,receive,262797764198,5230649
262802995522,434,5,receive,262797785302,5210220
262803045229,992,5,receive,262797714098,5331131
262803045905,820,6,receive,262797682010,5363895
262803046690,896,6,receive,262797743180,5303510
262803047350,354,7,receive,262797865278,5182072
262803047999,230,5,receive,262797871340,5176659
262803048656,422,6,receive,262797824784,5223872
262803113787,638,6,receive,262797904012,5209775
262803114452,290,6,receive,262797793356,5321096
262803115117,178,6,receive,262797904640,5210477
262803115739,150,7,receive,262797954007,5161732
262803116397,542,6,receive,262797974190,5142207
262803183132,740,5,receive,262798068676,5114456
262803183783,100,6,receive,262798082196,5101587
262803184453,366,7,receive,262797958117,5226336
262803185126,184,8,receive,262798180788,5004338
262803185789,42,8,receive,262798090581,5095208
262803186458,982,7,receive,262798176814,5009644
262803275081,76,9,receive,262798165782,5109299
262803275657,778,7,receive,262798125924,5149733
262803276327,104,6,receive,262797993005,5283322
262803277012,110,9,receive,262798248006,5029006
262803277692,820,7,receive,262798244393,5033299
262803345696,794,7,receive,262798291803,5053893
262803346386,472,6,receive,262798320357,5026029
262803347087,442,7,receive,262798296802,5050285
262803347765,58,8,receive,262798257350,5090415
262803425210,482,7,receive,262798408069,5017141
262803425955,876,6,receive,262798439268,4986687
262803426644,206,8,receive,262798371189,5055455
262803427335,164,7,receive,262798439365,4987970
262803428026,890,9,receive,262798437100,4990926
262803482321,600,6,receive,262798502305,4980016
262803483012,352,7,receive,262798423214,5059798
262803483686,628,10,receive,262798522777,4960909
262803484396,356,8,receive,262798469360,5015036
262803485064,358,10,receive,262798520012,4965052
262803554905,110,10,receive,262798620005,4934900
262803555594,74,9,receive,262798577842,4977752
262803556287,622,4,receive,262798609007,4947280
262803556972,46,6,receive,262798607382,4949590
262803577803,848,7,receive,262798568131,5009672
262803627206,10,6,receive,262798750372,4876834
262803627898,758,10,receive,262798626633,5001265
262803628584,434,6,receive,262798698495,4930089
262803629256,124,9,receive,262798705751,4923505
262803682752,128,7,receive,262798798675,4884077
262803683455,532,8,receive,262798596664,5086791
262803684307,476,7,receive,262798758382,4925925
262803684996,822,7,receive,262798755010,4929986
262803685685,418,8,receive,262798804641,4881044
262803732587,980,6,receive,262798767083,4965504
262803733707,44,6,receive,262798810006,4923701
262803736787,98,9,receive,262798930905,4805882
262803737477,366,9,receive,262798970015,4767462
262803777619,762,7,receive,262798800102,4977517
262803778318,942,7,receive,262799044470,4733848
262803783219,166,8,receive,262799021662,4761557
262803794746,68,7,receive,262799011008,4783738
262803802479,80,10,receive,262798967010,4835469
262803837452,910,7,receive,262799048108,4789344
262803838140,840,8,receive,262799161621,4676519
262803838826,520,9,receive,262799231372,4607454
262803839497,224,9,receive,262799235405,4604092
262803860081,920,6,receive,262799144711,4715370
262803899421,392,8,receive,262799175108,4724313
262803901125,872,8,receive,262799432255,4468870
262803901775,620,8,receive,262799338994,4562781
262803902433,348,12,receive,262799437411,4465022
262803916009,276,7,receive,262799442254,4473755
262803945956,454,8,receive,262799446258,4499698
262803946631,688,6,receive,262799347133,4599498
262803947300,608,7,receive,262799400428,4546872
262803947972,556,9,receive,262799456009,4491963
262803956512,482,8,receive,262799380084,4576428
262803998465,816,9,receive,262799382006,4616459
262803999133,86,8,receive,262799572083,4427050
262804003022,218,10,receive,262799564073,4438949
262804015005,968,7,receive,262799544458,4470547
262804026312,670,11,receive,262799580383,4445929
262804059330,862,10,receive,262799723068,4336262
262804059990,156,8,receive,262799707142,4352848
262804060677,946,9,receive,262799791486,4269191
262804061386,118,8,receive,262799777707,4283679
262804062071,760,11,receive,262799747332,4314739
262804062758,902,9,receive,262799765621,4297137
262804115789,568,8,receive,262799794646,4321143
262804116458,132,8,receive,262799701266,4415192
262804121714,144,7,receive,262799805040,4316674
262804122393,362,8,receive,262799716407,4405986
262804167576,94,8,receive,262799939637,4227939
262804168281,726,10,receive,262799972222,4196059
262804168983,432,9,receive,262799966318,4202665
262804169667,92,9,receive,262799947575,4222092
262804170342,864,9,receive,262799926009,4244333
262804225705,220,7,receive,262799958010,4267695
262804226395,366,10,receive,262799978010,4248385
262804227061,434,8,receive,262799982408,4244653
262804237893,110,12,receive,262799948194,4289699
262804248018,978,9,receive,262800085458,4162560
262804278272,402,6,receive,262799904628,4373644
262804278952,274,11,receive,262800090798,4188154
262804279647,822,9,receive,262800051180,4228467
262804280323,838,12,receive,262800031434,4248889
262804281015,414,4,receive,262800049467,4231548
262804333756,788,12,receive,262800206010,4127746
262804334445,62,10,receive,262800158081,4176364
262804335132,390,8,receive,262800179792,4155340
262804335776,248,4,receive,262800207386,4128390
262804336434,820,11,receive,262800014188,4322246
262804385494,638,9,receive,262800326074,4059420
262804386192,30,9,receive,262800303792,4082400
262804386854,678,11,receive,262800314710,4072144
262804387528,508,10,receive,262800307714,4079814
262804388230,560,7,receive,262800288091,4100139
262804442425,128,10,receive,262800238303,4204122
262804443119,802,10,receive,262800401019,4042100
262804443763,658,7,receive,262800424006,4019757
262804444435,480,10,receive,262800356007,4088428
262804445122,908,12,receive,262800377283,4067839
262804445807,494,11,receive,262800525336,3920471
262804524502,392,10,receive,262800457006,4067496
262804525183,680,9,receive,262800450007,4075176
262804525860,740,9,receive,262800467175,4058685
262804526546,636,8,receive,262800536065,3990481
262804527242,526,10,receive,262800556296,3970946
262804527921,960,9,receive,262800593126,3934795
262804689820,826,11,receive,262800561945,4127875
262804690327,630,9,receive,262800552453,4137874
262804690799,536,10,receive,262800594441,4096358
262804691296,194,4,receive,262800578006,4113290
262804691764,508,11,receive,262800668102,4023662
262804692240,980,9,receive,262800687006,4005234
262804692706,714,12,receive,262800682076,4010630
262804743958,104,10,receive,262800655749,4088209
262804744409,66,10,receive,262800658461,4085948
262804744837,926,10,receive,262800816095,3928742
262804745295,932,9,receive,262800706315,4038980
262804745739,432,11,receive,262800808073,3937666
262804746265,774,12,receive,262800830006,3916259
262804746713,820,12,receive,262800797249,3949464
262804788032,362,11,receive,262800835462,3952570
262804788491,722,13,receive,262800836016,3952475
262804788930,884,11,receive,262800838198,3950732
262804789462,698,10,receive,262800824193,3965269
262804789947,146,9,receive,262800899866,3890081
262804790434,222,9,receive,262800896644,3893790
262804790902,52,11,receive,262800984354,3806548
262804833562,888,10,receive,262800939006,3894556
262804834036,448,3,receive,262800937259,3896777
262804834524,156,10,receive,262800940462,3894062
262804834980,612,11,receive,262801011956,3823024
262804835443,996,11,receive,262800967384,3868059
262804835898,822,10,receive,262801039016,3796882
262804836361,1000,11,receive,262801045008,3791353
262804836815,126,10,receive,262801100249,3736566
262804880298,392,11,receive,262801165734,3714564
262804880740,788,13,receive,262801100972,3779768
262804881203,786,11,receive,262801103009,3778194
262804881645,300,1,receive,262801186338,3695307
262804882099,218,13,receive,262801152225,3729874
262804882540,20,11,receive,262801203377,3679163
262804882990,482,10,receive,262801160307,3722683
262804883448,190,1,receive,262801043440,3840008
262804883921,654,9,receive,262801269413,3614508
262804929687,442,11,receive,262801278084,3651603
262804930129,646,9,receive,262801260416,3669713
262804930545,210,10,receive,262801332099,3598446
262804930965,772,13,receive,262801320622,3610343
262804931406,912,10,receive,262801319751,3611655
262804931843,658,8,receive,262801284038,3647805
262804947639,902,12,receive,262801255010,3692629
262804973091,838,14,receive,262801367009,3606082
262804973532,708,14,receive,262801438137,3535395
262804973977,388,13,receive,262801421827,3552150
262804974432,44,10,receive,262801433461,3540971
262804974878,226,10,receive,262801431677,3543201
262804979329,258,6,receive,262801423264,3556065
262804979755,552,13,receive,262801484382,3495373
