receive_timestamp,source_vehicle,message_id,event_type,send_timestamp,latency_us
373333296,114,1,receive,373243393,89903
373333844,26,3,receive,373242977,90867
373334309,184,1,receive,373244281,90028
373334689,44,4,receive,373244365,90324
373335040,152,1,receive,373244303,90737
373335475,70,4,receive,373234554,100921
373335850,196,1,receive,373244839,91011
373336201,202,1,receive,373245191,91010
373336539,110,1,receive,373246363,90176
373336955,130,2,receive,373247303,89652
373337339,16,2,receive,373248215,89124
373337699,106,1,receive,373248258,89441
373338049,182,2,receive,373248814,89235
373339055,128,1,receive,373248918,90137
373339481,58,3,receive,373249671,89810
373339855,90,1,receive,373250077,89778
373860365,10,1,receive,373250106,610259
373861589,74,3,receive,373250725,610864
373861984,38,3,receive,373241428,620556
373862364,184,2,receive,373252728,609636
373862768,82,1,receive,373253177,609591
373863180,72,3,receive,373236969,626211
373863652,156,2,receive,373254574,609078
373864036,8,3,receive,373254823,609213
373864412,126,1,receive,373255577,608835
373864788,40,3,receive,373255919,608869
373865180,6,3,receive,373245051,620129
373865604,74,4,receive,373256025,609579
373865957,168,1,receive,373256251,609706
373866314,128,2,receive,373258107,608207
373866679,186,2,receive,373259077,607602
373867033,4,4,receive,373258886,608147
373867431,12,3,receive,373259914,607517
374301270,32,2,receive,373250011,1051259
374301655,92,1,receive,373260118,1041537
374302059,104,1,receive,373260181,1041878
374302504,114,2,receive,373260429,1042075
374302910,172,1,receive,373260499,1042411
374303320,66,6,receive,373256207,1047113
374303716,144,1,receive,373260632,1043084
374304125,8,4,receive,373257755,1046370
374304536,112,1,receive,373262148,1042388
374304944,40,4,receive,373262494,1042450
374305341,206,1,receive,373262711,1042630
374305721,96,1,receive,373262913,1042808
374547922,150,1,receive,373264523,1283399
374548326,208,2,receive,373264969,1283357
374548793,14,6,receive,373264854,1283939
374549223,590,1,receive,373266097,1283126
374549622,14,7,receive,373267806,1281816
374550036,140,1,receive,373270021,1280015
374550441,22,1,receive,373270029,1280412
374550864,18,1,receive,373270036,1280828
374551317,202,2,receive,373270712,1280605
374551777,60,1,receive,373270683,1281094
374552197,160,1,receive,373270910,1281287
374783587,20,4,receive,373261219,1522368
374784430,590,2,receive,373272425,1512005
374785410,172,2,receive,373273789,1511621
374785910,128,3,receive,373275202,1510708
374786364,456,1,receive,373276083,1510281
374786788,196,2,receive,373276902,1509886
374787217,188,1,receive,373276852,1510365
374787717,110,2,receive,373277086,1510631
374788154,184,3,receive,373277380,1510774
375045954,162,1,receive,373277349,1768605
375046504,20,5,receive,373276963,1769541
375046922,12,4,receive,373278229,1768693
375047405,164,1,receive,373272121,1775284
375047876,394,1,receive,373278752,1769124
375048275,82,2,receive,373266117,1782158
375048672,34,5,receive,373244407,1804265
375049097,40,5,receive,373278855,1770242
375049510,230,1,receive,373279031,1770479
375049965,492,1,receive,373279049,1770916
375050397,570,1,receive,373279141,1771256
375272897,36,1,receive,373280391,1992506
375273354,152,2,receive,373281154,1992200
375273868,88,2,receive,373263989,2009879
375274373,52,3,receive,373248117,2026256
375274855,154,1,receive,373286200,1988655
375275264,186,3,receive,373272645,2002619
375275718,196,3,receive,373287096,1988622
375276119,114,3,receive,373287285,1988834
375276522,96,2,receive,373287418,1989104
375276980,76,3,receive,373251724,2025256
375277382,590,3,receive,373289408,1987974
375486837,636,1,receive,373289341,2197496
375487398,778,1,receive,373289648,2197750
375487831,86,1,receive,373290793,2197038
375488252,98,1,receive,373291041,2197211
375488739,868,1,receive,373291114,2197625
375489221,590,4,receive,373292667,2196554
375489638,104,2,receive,373292892,2196746
375490113,90,2,receive,373293038,2197075
375490549,778,2,receive,373293094,2197455
375490975,432,1,receive,373294811,2196164
375491369,68,1,receive,373294917,2196452
375752420,346,1,receive,373295462,2456958
375752910,320,1,receive,373296620,2456290
375753375,108,2,receive,373288603,2464772
375753849,84,1,receive,373282609,2471240
375754324,84,2,receive,373297268,2457056
375754817,302,1,receive,373297189,2457628
375755296,612,1,receive,373297315,2457981
375755781,150,2,receive,373297382,2458399
375756233,974,1,receive,373292613,2463620
375756711,674,1,receive,373297959,2458752
375984977,106,2,receive,373298141,2686836
375985480,778,3,receive,373298369,2687111
375985937,104,3,receive,373300144,2685793
375986394,98,2,receive,373301015,2685379
375986902,152,3,receive,373301213,2685689
375987383,384,1,receive,373301901,2685482
375987842,86,2,receive,373303095,2684747
375988312,448,1,receive,373303372,2684940
375988795,486,1,receive,373304542,2684253
375989260,42,3,receive,373242320,2746940
376221940,426,1,receive,373306585,2915355
376222445,160,2,receive,373306687,2915758
376222915,634,1,receive,373308105,2914810
376223394,408,1,receive,373308867,2914527
376223865,870,1,receive,373309486,2914379
376224340,210,1,receive,373310039,2914301
376224839,26,4,receive,373245006,2979833
376225365,114,4,receive,373311673,2913692
376225835,64,3,receive,373282318,2943517
376226302,30,1,receive,373312619,2913683
376460517,196,4,receive,373313394,3147123
376460996,408,2,receive,373314436,3146560
376461461,974,2,receive,373314787,3146674
376461966,140,2,receive,373316070,3145896
376462505,104,4,receive,373316474,3146031
376462982,184,4,receive,373316662,3146320
376463448,166,1,receive,373316885,3146563
376463946,128,4,receive,373317077,3146869
376464441,790,1,receive,373318464,3145977
376464904,50,1,receive,373318434,3146470
376700203,798,1,receive,373318566,3381637
376700687,196,5,receive,373318774,3381913
376701169,54,1,receive,373318997,3382172
376701638,18,2,receive,373320016,3381622
376702102,202,3,receive,373294291,3407811
376702590,80,1,receive,373322157,3380433
376703080,86,3,receive,373322441,3380639
376703548,400,1,receive,373323456,3380092
376704013,122,1,receive,373296841,3407172
376704482,158,1,receive,373304081,3400401
376941121,230,2,receive,373326675,3614446
376941614,320,2,receive,373327062,3614552
376942009,98,3,receive,373323391,3618618
376942404,384,2,receive,373330017,3612387
376942854,252,1,receive,373331018,3611836
376943337,634,2,receive,373331441,3611896
376943737,632,1,receive,373332263,3611474
376944373,118,1,receive,373332253,3612120
376944893,6,4,receive,373278304,3666589
376945282,90,3,receive,373332855,3612427
377186015,818,1,receive,373332891,3853124
377186505,90,4,receive,373333221,3853284
377188150,400,2,receive,373333307,3854843
377188549,150,3,receive,373334297,3854252
377188936,44,5,receive,373273715,3915221
377189335,154,2,receive,373334689,3854646
377189711,486,2,receive,373334774,3854937
377190149,758,1,receive,373334743,3855406
377190535,182,3,receive,373296292,3894243
377190925,206,2,receive,373335639,3855286
377191363,972,1,receive,373336349,3855014
377414233,798,2,receive,373336605,4077628
377414607,728,1,receive,373337175,4077432
377414981,152,4,receive,373321810,4093171
377415354,58,4,receive,373280331,4135023
377415773,670,1,receive,373337448,4078325
377416180,132,1,receive,373337427,4078753
377416678,766,1,receive,373337608,4079070
377417132,84,3,receive,373324172,4092960
377417516,312,1,receive,373339142,4078374
377417911,312,2,receive,373339616,4078295
377418300,100,1,receive,373257727,4160573
377635034,96,3,receive,373340772,4294262
377635431,274,1,receive,373342284,4293147
377635843,204,1,receive,373342449,4293394
377636337,188,2,receive,373340656,4295681
377636782,426,2,receive,373343822,4292960
377637185,408,3,receive,373344177,4293008
377637591,338,1,receive,373344313,4293278
377638007,18,3,receive,373343300,4294707
377638522,12,5,receive,373315677,4322845
377638978,138,1,receive,373345262,4293716
377869985,626,1,receive,373345494,4524491
377870437,110,3,receive,373345744,4524693
377870847,590,5,receive,373345797,4525050
377871246,782,1,receive,373346124,4525122
377871641,160,3,receive,373346421,4525220
377872095,290,1,receive,373311159,4560936
377872489,964,1,receive,373346825,4525664
377872877,96,4,receive,373346856,4526021
377873255,432,2,receive,373347684,4525571
377873658,670,2,receive,373349026,4524632
377874048,632,2,receive,373350024,4524024
378085057,106,3,receive,373351343,4733714
378085523,708,1,receive,373351772,4733751
378085977,158,2,receive,373351916,4734061
378086467,150,4,receive,373352784,4733683
378086927,284,1,receive,373353815,4733112
378087383,70,5,receive,373288342,4799041
378087843,426,3,receive,373354781,4733062
378088293,868,2,receive,373354805,4733488
378088745,730,1,receive,373355393,4733352
378089198,206,3,receive,373355353,4733845
378326835,1000,1,receive,373355649,4971186
378327353,382,1,receive,373356097,4971256
378327800,320,3,receive,373357048,4970752
378328318,80,2,receive,373357455,4970863
378328766,36,2,receive,373357977,4970789
378329469,56,3,receive,373241375,5088094
378329957,490,1,receive,373358269,4971688
378330439,400,3,receive,373358854,4971585
378330970,554,1,receive,373359320,4971650
378510460,598,1,receive,373359649,5150811
378510924,212,1,receive,373360429,5150495
378511442,104,5,receive,373360476,5150966
378511908,818,2,receive,373360893,5151015
378512360,128,5,receive,373361359,5151001
378512817,190,1,receive,373362713,5150104
378513286,764,1,receive,373362713,5150573
378513746,210,2,receive,373363083,5150663
378514248,230,3,receive,373364522,5149726
378691293,778,4,receive,373364429,5326864
378691755,592,1,receive,373364608,5327147
378692216,488,1,receive,373367149,5325067
378692694,426,4,receive,373367583,5325111
378693194,332,1,receive,373367726,5325468
378694108,354,1,receive,373368455,5325653
378694512,582,1,receive,373368957,5325555
378694974,114,5,receive,373368894,5326080
378695421,86,4,receive,373369044,5326377
378878613,640,1,receive,373369448,5509165
378879072,166,2,receive,373358761,5520311
378879519,300,1,receive,373370044,5509475
378879997,192,1,receive,373370182,5509815
378880473,712,1,receive,373370313,5510160
378880930,486,3,receive,373371338,5509592
378881388,130,3,receive,373309045,5572343
378881853,524,1,receive,373374149,5507704
378882333,130,4,receive,373373933,5508400
378882791,530,1,receive,373374600,5508191
379075495,436,1,receive,373374829,5700666
379076085,130,5,receive,373375029,5701056
379076484,636,2,receive,373376013,5700471
379076908,90,5,receive,373376866,5700042
379077307,508,1,receive,373376887,5700420
379077718,130,6,receive,373376476,5701242
379078101,972,2,receive,373377276,5700825
379078483,426,5,receive,373377644,5700839
379078970,918,1,receive,373378463,5700507
379079380,634,3,receive,373378345,5701035
379265988,618,1,receive,373379066,5886922
379266404,166,3,receive,373380013,5886391
