receive_timestamp,source_vehicle,message_id,event_type,send_timestamp,latency_us
262794738170,590,1,receive,262794679633,58537
262794738778,170,1,receive,262794680405,58373
262794739338,226,1,receive,262794680969,58369
262794739898,364,1,receive,262794682340,57558
262794740467,10,1,receive,262794651651,88816
262794741028,88,1,receive,262794684352,56676
262794816205,134,1,receive,262794684917,131288
262794816798,358,1,receive,262794685038,131760
262794817386,120,1,receive,262794685420,131966
262794817957,758,1,receive,262794685979,131978
262794838973,166,1,receive,262794688499,150474
262794839567,208,1,receive,262794691855,147712
262794920595,344,1,receive,262794693037,227558
262794921254,832,1,receive,262794694048,227206
262794921873,794,1,receive,262794695138,226735
262794922495,442,1,receive,262794697452,225043
262794993332,450,1,receive,262794698023,295309
262794993920,162,1,receive,262794700773,293147
262794994549,802,1,receive,262794702973,291576
262794995188,812,1,receive,262794703956,291232
262794995828,834,1,receive,262794704045,291783
262794996473,126,1,receive,262794705053,291420
262795098948,824,1,receive,262794709244,389704
262795099591,818,1,receive,262794710825,388766
262795100257,552,1,receive,262794712774,387483
262795136148,752,1,receive,262794715035,421113
262795145876,274,1,receive,262794718059,427817
262795199093,830,1,receive,262794719284,479809
262795199759,480,1,receive,262794719296,480463
262795200441,822,1,receive,262794719860,480581
262795201137,618,1,receive,262794721795,479342
262795201814,520,1,receive,262794730338,471476
262795268938,630,1,receive,262794730659,538279
262795269616,500,1,receive,262794731099,538517
262795286942,526,1,receive,262794732762,554180
262795287636,348,1,receive,262794733707,553929
262795288322,508,1,receive,262794734772,553550
262795288985,836,1,receive,262794737218,551767
262795373593,792,1,receive,262794738039,635554
262795374307,762,1,receive,262794738054,636253
262795374991,820,1,receive,262794738579,636412
262795416724,168,1,receive,262794739068,677656
262795452004,454,1,receive,262794739055,712949
262795452690,354,1,receive,262794739204,713486
262795453380,840,1,receive,262794739718,713662
262795495673,388,1,receive,262794699467,796206
262795496369,488,1,receive,262794741721,754648
262795588301,92,1,receive,262794651844,936457
262795588941,816,1,receive,262794745511,843430
262795589668,202,1,receive,262794745539,844129
262795590369,244,1,receive,262794745732,844637
262795591052,212,1,receive,262794749217,841835
262795591716,432,1,receive,262794657302,934414
262795694319,178,1,receive,262794679202,1015117
262795695018,352,1,receive,262794747193,947825
262795695735,610,1,receive,262794753207,942528
262795696445,634,1,receive,262794756062,940383
262795768277,540,1,receive,262794759061,1009216
262795768958,786,1,receive,262794759277,1009681
262795769649,494,1,receive,262794759442,1010207
262795770333,482,1,receive,262794759783,1010550
262795771019,838,1,receive,262794760973,1010046
262795881207,736,1,receive,262794761059,1120148
262795881906,712,1,receive,262794765916,1115990
262795882604,606,1,receive,262794767049,1115555
262795893076,594,1,receive,262794771037,1122039
262795895725,62,1,receive,262794771460,1124265
262795960635,236,1,receive,262794669024,1291611
262795961287,356,1,receive,262794775038,1186249
262795961946,724,1,receive,262794775084,1186862
262795962630,722,1,receive,262794775712,1186918
262795963323,788,1,receive,262794776734,1186589
262796092438,638,1,receive,262794777049,1315389
262796093135,466,1,receive,262794779063,1314072
262796093771,754,1,receive,262794779855,1313916
262796094357,744,1,receive,262794782098,1312259
262796094941,718,1,receive,262794784101,1310840
262796095529,58,1,receive,262794634580,1460949
262796203381,852,1,receive,262794785938,1417443
262796204068,842,1,receive,262794787098,1416970
262796204740,140,1,receive,262794705034,1499706
262796205386,874,1,receive,262794790712,1414674
262796206010,608,1,receive,262794791047,1414963
262796206692,740,1,receive,262794791185,1415507
262796315777,862,1,receive,262794791404,1524373
262796316376,586,1,receive,262794773034,1543342
262796317038,680,1,receive,262794800964,1516074
262796317716,556,1,receive,262794801210,1516506
262796318405,80,1,receive,262794753077,1565328
262796427897,810,1,receive,262794800687,1627210
262796428586,682,1,receive,262794803273,1625313
262796429246,848,1,receive,262794804357,1624889
262796429897,688,1,receive,262794805146,1624751
262796444622,670,1,receive,262794805425,1639197
262796527261,706,1,receive,262794805754,1721507
262796527891,532,1,receive,262794804039,1723852
262796528582,866,1,receive,262794807290,1721292
262796529259,846,1,receive,262794808433,1720826
262796529914,700,1,receive,262794808661,1721253
262796637916,666,1,receive,262794808832,1829084
262796638526,726,1,receive,262794809152,1829374
262796639137,886,1,receive,262794809654,1829483
262796639718,280,1,receive,262794804038,1835680
262796640297,534,1,receive,262794810019,1830278
262796640863,742,1,receive,262794810046,1830817
262796754706,734,1,receive,262794805975,1948731
262796755368,738,1,receive,262794804564,1950804
262796755927,578,1,receive,262794813571,1942356
262796756599,614,1,receive,262794818064,1938535
262796757284,766,1,receive,262794818592,1938692
262796757964,814,1,receive,262794819547,1938417
262796875952,760,1,receive,262794820818,2055134
262796876642,620,1,receive,262794817830,2058812
262796909028,864,1,receive,262794816273,2092755
262796909720,612,1,receive,262794824582,2085138
262796955959,768,1,receive,262794826059,2129900
262796956647,472,1,receive,262794824203,2132444
262796957338,890,1,receive,262794828041,2129297
262796981948,902,1,receive,262794828444,2153504
262796982636,878,1,receive,262794829373,2153263
262797045648,558,1,receive,262794826751,2218897
262797046319,882,1,receive,262794827769,2218550
262797046981,730,1,receive,262794831114,2215867
262797047646,780,1,receive,262794831798,2215848
262797133502,32,1,receive,262794664030,2469472
262797134181,174,1,receive,262794707028,2427153
262797134844,538,1,receive,262794831395,2303449
262797155005,774,1,receive,262794834551,2320454
262797162646,782,1,receive,262794831156,2331490
262797222247,636,1,receive,262794835757,2386490
262797222900,230,1,receive,262794836017,2386883
262797223568,568,1,receive,262794828903,2394665
262797224234,276,1,receive,262794718788,2505446
262797224894,184,1,receive,262794837518,2387376
262797294593,888,1,receive,262794838015,2456578
262797295299,708,1,receive,262794823509,2471790
262797295984,704,1,receive,262794836511,2459473
262797296673,536,1,receive,262794827439,2469234
262797297320,884,1,receive,262794818675,2478645
262797297994,880,1,receive,262794828803,2469191
262797386740,856,1,receive,262794841630,2545110
262797387397,674,1,receive,262794842731,2544666
262797388064,678,1,receive,262794849031,2539033
262797423022,868,1,receive,262794833809,2589213
262797478762,698,1,receive,262794848604,2630158
262797479492,806,1,receive,262794853081,2626411
262797480156,778,1,receive,262794855512,2624644
262797480804,720,1,receive,262794843242,2637562
262797481467,844,1,receive,262794842017,2639450
262797550296,900,1,receive,262794839300,2710996
262797550939,464,1,receive,262794827781,2723158
262797551624,804,1,receive,262794860983,2690641
262797588039,444,1,receive,262794861645,2726394
262797588721,790,1,receive,262794850137,2738584
262797649361,896,1,receive,262794858653,2790708
262797650050,870,1,receive,262794831029,2819021
262797668980,912,1,receive,262794858038,2810942
262797704126,116,1,receive,262794852130,2851996
262797754657,716,1,receive,262794853883,2900774
262797755340,876,1,receive,262794852260,2903080
262797756003,732,1,receive,262794852037,2903966
262797756678,854,1,receive,262794864460,2892218
262797757387,914,1,receive,262794874858,2882529
262797864422,828,1,receive,262794871988,2992434
262797865090,910,1,receive,262794873486,2991604
262797865772,892,1,receive,262794863422,3002350
262797866463,600,1,receive,262794874615,2991848
262797867155,124,2,receive,262794780600,3086555
262797867816,924,1,receive,262794879157,2988659
262798014229,918,1,receive,262794884191,3130038
262798014911,858,1,receive,262794875062,3139849
262798015573,628,2,receive,262794887482,3128091
262798039973,222,1,receive,262794858074,3181899
262798121028,826,1,receive,262794888886,3232142
262798121848,908,1,receive,262794887953,3233895
262798122526,916,1,receive,262794895909,3226617
262798123192,898,1,receive,262794897612,3225580
262798123853,206,1,receive,262794894084,3229769
262798124478,906,1,receive,262794896323,3228155
262798248966,176,1,receive,262794885163,3363803
262798249648,850,1,receive,262794880639,3369009
262798250341,702,1,receive,262794859037,3391304
262798251026,920,1,receive,262794906037,3344989
262798251690,904,1,receive,262794898967,3352723
262798366474,104,1,receive,262794693040,3673434
262798367139,894,1,receive,262794910035,3457104
262798367818,714,1,receive,262794869932,3497886
262798368505,432,2,receive,262794897567,3470938
262798369190,362,1,receive,262794890412,3478778
262798369849,74,2,receive,262794891949,3477900
262798507879,138,1,receive,262794906230,3601649
262798508550,872,1,receive,262794868647,3639903
262798509206,926,1,receive,262794922243,3586963
262798509885,860,1,receive,262794864783,3645102
262798510570,928,1,receive,262794926348,3584222
262798632192,922,1,receive,262794927383,3704809
262798632872,442,2,receive,262794921009,3711863
262798633571,172,1,receive,262794871811,3761760
262798634251,152,1,receive,262794921274,3712977
262798634912,820,2,receive,262794926445,3708467
262798736583,562,1,receive,262794948009,3788574
262798737221,378,1,receive,262794945663,3791558
262798737900,114,1,receive,262794899455,3838445
262798738579,758,2,receive,262794953280,3785299
262798829389,110,2,receive,262794921860,3907529
262798830044,148,1,receive,262794843310,3986734
262798830682,772,1,receive,262794960625,3870057
262798831293,212,2,receive,262794923249,3908044
262798831944,354,2,receive,262794884812,3947132
262798832604,938,1,receive,262794965518,3867086
262798967860,736,2,receive,262794901012,4066848
262798968523,934,1,receive,262794966837,4001686
262798969186,580,2,receive,262794955918,4013268
262798969831,888,2,receive,262794981489,3988342
262798970503,956,1,receive,262794984049,3986454
262799085199,508,2,receive,262794961472,4123727
262799085857,262,2,receive,262794986507,4099350
262799086509,962,1,receive,262794987230,4099279
262799087191,220,1,receive,262794979264,4107927
262799087869,838,2,receive,262794990251,4097618
262799088547,930,1,receive,262794990426,4098121
262799226761,700,2,receive,262794990760,4236001
262799227448,418,1,receive,262794895366,4332082
262799228137,12,2,receive,262794920545,4307592
262799228802,958,1,receive,262794999239,4229563
262799229485,964,1,receive,262795001085,4228400
262799350803,954,1,receive,262795002131,4348672
262799351467,948,1,receive,262795005276,4346191
262799352108,950,1,receive,262795006730,4345378
262799352786,944,1,receive,262795008940,4343846
262799353469,952,1,receive,262795010977,4342492
262799477021,358,2,receive,262795011078,4465943
262799477690,942,1,receive,262795012579,4465111
262799478321,20,2,receive,262794917166,4561155
262799478958,946,1,receive,262795013041,4465917
262799479629,404,1,receive,262795004819,4474810
262799591324,960,1,receive,262795017037,4574287
262799592021,162,2,receive,262795004120,4587901
262799592706,586,2,receive,262795027329,4565377
262799593390,98,2,receive,262794964568,4628822
262799594066,940,1,receive,262795036121,4557945
262799594724,210,2,receive,262794982172,4612552
262799739123,78,2,receive,262795022226,4716897
262799739809,830,2,receive,262794976027,4763782
262799740502,422,2,receive,262794986217,4754285
262799741189,132,2,receive,262794906265,4834924
262799741853,160,2,receive,262795016847,4725006
262799812759,918,2,receive,262795049131,4763628
262799815383,794,2,receive,262795023196,4792187
262799832249,112,2,receive,262795056133,4776116
262799850046,976,1,receive,262795073341,4776705
262799896194,932,1,receive,262795063596,4832598
262799896862,364,2,receive,262795067571,4829291
262799897529,982,1,receive,262795079056,4818473
262799898209,984,1,receive,262795081846,4816363
262799936376,276,2,receive,262795039009,4897367
262800011083,520,2,receive,262795005006,5006077
262800011764,532,2,receive,262794950393,5061371
262800012439,858,2,receive,262795060530,4951909
262800015402,50,2,receive,262795070087,4945315
262800016056,534,2,receive,262795001570,5014486
262800016726,366,2,receive,262795001827,5014899
262800112443,902,2,receive,262795074010,5038433
262800113132,768,2,receive,262795088944,5024188
262800113808,142,2,receive,262795092212,5021596
262800114477,834,2,receive,262795077081,5037396
262800115169,972,1,receive,262795096706,5018463
262800115852,26,2,receive,262795026885,5088967
262800210466,88,2,receive,262795033006,5177460
262800211156,970,1,receive,262795098258,5112898
262800211814,568,2,receive,262795021119,5190695
262800212477,380,2,receive,262795017297,5195180
262800277148,988,1,receive,262795103063,5174085
262800277836,488,2,receive,262794998425,5279411
262800278523,536,2,receive,262795056071,5222452
262800298025,968,1,receive,262795108099,5189926
262800317083,974,1,receive,262795108579,5208504
262800345261,986,1,receive,262795109127,5236134
262800345942,980,1,receive,262795113334,5232608
262800363296,178,2,receive,262795086010,5277286
262800381218,996,1,receive,262795116543,5264675
262800422923,886,2,receive,262795051291,5371632
262800423595,82,2,receive,262795037400,5386195
262800424275,966,1,receive,262795122559,5301716
262800424960,382,1,receive,262795125558,5299402
262800425656,494,2,receive,262795094268,5331388
262800491874,952,2,receive,262795130580,5361294
262800492605,978,1,receive,262795121129,5371476
262800493271,994,1,receive,262795136986,5356285
262800493940,52,2,receive,262795086293,5407647
262800494593,992,1,receive,262795141061,5353532
262800594288,556,2,receive,262795067005,5527283
262800594946,998,1,receive,262795151122,5443824
262800595621,990,1,receive,262795143046,5452575
262800596279,134,2,receive,262795112506,5483773
262800596946,384,2,receive,262795049007,5547939
262800597597,120,2,receive,262795115113,5482484
262800703306,42,2,receive,262794953452,5749854
262800709569,842,2,receive,262795157008,5552561
262800710252,538,2,receive,262795169780,5540472
262800710940,870,2,receive,262795191036,5519904
262800711629,122,2,receive,262795151020,5560609
262800712319,866,2,receive,262795217068,5495251
262800822284,896,2,receive,262795262010,5560274
262800822973,198,2,receive,262795175713,5647260
262800823657,168,2,receive,262795223810,5599847
262800834404,586,3,receive,262795298077,5536327
262800835056,840,2,receive,262795288011,5547045
262800894219,262,3,receive,262795303009,5591210
262800894867,674,2,receive,262795319006,5575861
262800895526,806,2,receive,262795326007,5569519
262800906148,532,3,receive,262795382857,5523291
262800906800,344,2,receive,262795348014,5558786
262800907480,244,3,receive,262795375374,5532106
262800998172,852,2,receive,262795397064,5601108
262800998820,92,2,receive,262795439214,5559606
262800999475,824,2,receive,262795491367,5508108
262801000090,804,2,receive,262795484006,5516084
262801000772,22,2,receive,262795555186,5445586
262801087202,744,2,receive,262795541610,5545592
262801087861,928,2,receive,262795576207,5511654
262801088563,12,3,receive,262795520504,5568059
262801089214,968,2,receive,262795525987,5563227
262801089861,358,4,receive,262795483103,5606758
262801162736,380,3,receive,262795602080,5560656
262801163382,366,3,receive,262795617548,5545834
262801164016,72,2,receive,262795661006,5503010
262801164696,984,2,receive,262795703009,5461687
262801165386,218,3,receive,262795771400,5393986
262801263567,228,1,receive,262795772035,5491532
262801264225,904,2,receive,262795700010,5564215
262801264906,104,2,receive,262795764062,5500844
262801265588,348,4,receive,262795748735,5516853
262801266271,66,2,receive,262795737012,5529259
262801266950,220,2,receive,262795775077,5491873
262801355811,936,2,receive,262795890476,5465335
262801356484,86,4,receive,262795886361,5470123
262801357168,858,3,receive,262795835454,5521714
262801390287,992,2,receive,262795992066,5398221
262801390968,224,4,receive,262796013260,5377708
262801444910,886,3,receive,262796055247,5389663
262801445560,862,3,receive,262796018067,5427493
262801446204,520,4,receive,262796012307,5433897
262801446889,988,3,receive,262796091132,5355757
262801447571,838,5,receive,262796074010,5373561
262801535204,678,3,receive,262796080949,5454255
262801535882,92,3,receive,262796026286,5509596
262801536580,884,3,receive,262796108573,5428007
262801537260,974,3,receive,262796091106,5446154
262801537940,802,3,receive,262796183021,5354919
262801624628,476,2,receive,262796193200,5431428
262801625317,166,4,receive,262796034675,5590642
262801625998,10,3,receive,262796166731,5459267
262801626684,582,3,receive,262796209288,5417396
262801627369,760,3,receive,262796140830,5486539
262801725318,174,3,receive,262796217231,5508087
262801725990,508,4,receive,262796252212,5473778
262801726684,788,5,receive,262796298277,5428407
262801727376,36,3,receive,262796271006,5456370
262801728066,994,4,receive,262796289469,5438597
262801728744,126,3,receive,262796370236,5358508
