receive_timestamp,source_vehicle,message_id,event_type,send_timestamp,latency_us
263175047065,26,1,receive,263175046883,182
263175047536,36,1,receive,263175047313,223
263175054941,4,1,receive,263175048031,6910
263175055362,20,1,receive,263175048037,7325
263175055768,8,1,receive,263175048312,7456
263175056176,50,1,receive,263175048633,7543
263175056584,42,1,receive,263175048704,7880
263175056986,10,1,receive,263175048880,8106
263175057408,14,1,receive,263175049026,8382
263175069666,22,1,receive,263175050579,19087
263175072754,52,1,receive,263175050781,21973
263175073219,60,1,receive,263175050986,22233
263175073668,12,1,receive,263175051570,22098
263175074129,28,1,receive,263175051587,22542
263175074588,34,1,receive,263175051763,22825
263175075047,46,1,receive,263175052225,22822
263175075500,6,1,receive,263175052385,23115
263175075961,2,1,receive,263175052662,23299
263175084575,24,1,receive,263175053054,31521
263175085046,56,1,receive,263175053710,31336
263175085512,72,1,receive,263175053855,31657
263175085979,38,1,receive,263175054067,31912
263175090615,84,1,receive,263175054116,36499
263175091110,70,1,receive,263175054264,36846
263175091593,66,1,receive,263175054271,37322
263175092107,54,1,receive,263175054829,37278
263175092594,76,1,receive,263175055165,37429
263175093077,18,1,receive,263175055370,37707
263175093564,92,1,receive,263175055669,37895
263175094048,80,1,receive,263175056356,37692
263175095007,58,1,receive,263175057275,37732
263175095488,16,1,receive,263175057612,37876
263175095963,82,1,receive,263175057653,38310
263175096463,48,1,receive,263175058339,38124
263175096953,32,1,receive,263175058610,38343
263175097446,94,1,receive,263175058884,38562
263175097935,64,1,receive,263175059143,38792
263175098429,86,1,receive,263175059382,39047
263175098918,90,1,receive,263175059780,39138
263175099410,98,1,receive,263175059969,39441
263175099894,30,1,receive,263175060456,39438
263175100385,62,1,receive,263175061695,38690
263175100876,100,1,receive,263175062184,38692
263175101354,78,1,receive,263175063139,38215
263175101845,40,1,receive,263175067835,34010
263175102336,96,1,receive,263175070602,31734
263175102825,68,1,receive,263175072387,30438
263175103318,44,1,receive,263175072851,30467
263175103808,74,1,receive,263175074204,29604
263175104302,88,1,receive,263175083777,20525
263175155954,22,2,receive,263175154571,1383
263175164960,14,2,receive,263175164365,595
263175166489,98,2,receive,263175166048,441
263175169130,90,2,receive,263175168631,499
263175170432,82,2,receive,263175170026,406
263175172522,4,2,receive,263175172017,505
263175178509,38,2,receive,263175177925,584
263175180630,12,2,receive,263175179539,1091
263175184465,60,2,receive,263175183337,1128
263175190059,84,2,receive,263175188848,1211
263175192088,28,2,receive,263175191536,552
263175200045,80,2,receive,263175192562,7483
263175200578,58,2,receive,263175192770,7808
263175201115,16,2,receive,263175194622,6493
263175201649,96,2,receive,263175195103,6546
263175205531,54,2,receive,263175196688,8843
263175206213,70,2,receive,263175197127,9086
263175206761,88,2,receive,263175198781,7980
263175207315,100,2,receive,263175200326,6989
263175207866,42,2,receive,263175201560,6306
263175208424,6,2,receive,263175201636,6788
263175208970,56,2,receive,263175204288,4682
263175222820,72,2,receive,263175205381,17439
263175223384,64,2,receive,263175211008,12376
263175223942,32,2,receive,263175211937,12005
263175224506,86,2,receive,263175214664,9842
263175234425,92,2,receive,263175217004,17421
263175234987,26,2,receive,263175216941,18046
263175235562,8,2,receive,263175217571,17991
263175240108,30,2,receive,263175217596,22512
263175240670,44,2,receive,263175224575,16095
263175241237,76,2,receive,263175236710,4527
263175241799,50,2,receive,263175239540,2259
263175254061,10,2,receive,263175243124,10937
263175254645,36,2,receive,263175244138,10507
263175261121,24,2,receive,263175245707,15414
263175261700,40,2,receive,263175248344,13356
263175262287,20,2,receive,263175249205,13082
263175273133,78,2,receive,263175249656,23477
263175273732,68,2,receive,263175253255,20477
263175274774,48,2,receive,263175253247,21527
263175275362,34,2,receive,263175256535,18827
263175275915,18,2,receive,263175262593,13322
263175286611,66,2,receive,263175263023,23588
263175287262,94,2,receive,263175264263,22999
263175287841,2,2,receive,263175266108,21733
263175288438,62,2,receive,263175267094,21344
263175289038,52,2,receive,263175273578,15460
263175289623,46,2,receive,263175274391,15232
263175293396,74,2,receive,263175282470,10926
263175293999,90,3,receive,263175283566,10433
263175296527,12,3,receive,263175295528,999
263175301186,22,3,receive,263175300182,1004
263175319164,42,3,receive,263175317279,1885
263175319747,100,3,receive,263175317261,2486
263175327610,26,3,receive,263175326504,1106
263175330446,58,3,receive,263175329943,503
263175333910,96,3,receive,263175332388,1522
263175341818,86,3,receive,263175333518,8300
263175342223,28,3,receive,263175332477,9746
263175342604,70,3,receive,263175335634,6970
263175344490,72,3,receive,263175343887,603
263175347039,6,3,receive,263175344283,2756
263175350150,32,3,receive,263175349364,786
263175352202,98,3,receive,263175350666,1536
263175353894,56,3,receive,263175352974,920
263175354864,82,3,receive,263175353967,897
263175355464,54,3,receive,263175353890,1574
263175362861,76,3,receive,263175355820,7041
263175363464,16,3,receive,263175359393,4071
263175366930,14,3,receive,263175362698,4232
263175371079,78,3,receive,263175367967,3112
263175375459,24,3,receive,263175374828,631
263175377403,4,3,receive,263175375315,2088
263175378384,18,3,receive,263175377422,962
263175381187,88,3,receive,263175379862,1325
263175384571,40,3,receive,263175384012,559
263175387857,60,3,receive,263175386707,1150
263175389377,48,3,receive,263175388134,1243
263175393436,84,3,receive,263175389473,3963
263175395670,94,3,receive,263175391119,4551
263175396529,68,3,receive,263175393575,2954
263175397155,38,3,receive,263175395192,1963
263175397780,30,3,receive,263175395692,2088
263175407080,46,3,receive,263175402447,4633
263175407699,74,3,receive,263175405778,1921
263175409734,80,3,receive,263175409214,520
263175412592,8,3,receive,263175412065,527
263175418119,66,3,receive,263175416425,1694
263175421671,50,3,receive,263175420467,1204
263175425755,64,3,receive,263175422287,3468
263175429069,92,3,receive,263175428446,623
263175429690,100,4,receive,263175428600,1090
263175433803,34,3,receive,263175430122,3681
263175435104,10,3,receive,263175433778,1326
263175435762,52,3,receive,263175433716,2046
263175442520,44,3,receive,263175434347,8173
263175443158,36,3,receive,263175434515,8643
263175443792,20,3,receive,263175439497,4295
263175451993,12,4,receive,263175450129,1864
263175453852,2,3,receive,263175452696,1156
263175454431,26,4,receive,263175453876,555
263175461960,98,4,receive,263175459214,2746
263175470128,62,3,receive,263175468978,1150
263175475506,90,4,receive,263175474904,602
263175480332,28,4,receive,263175477800,2532
263175481506,96,4,receive,263175480327,1179
263175489541,16,4,receive,263175489029,512
263175498196,82,4,receive,263175496861,1335
263175507039,6,4,receive,263175504008,3031
263175507439,88,4,receive,263175504027,3412
263175512108,76,4,receive,263175510477,1631
263175516199,32,4,receive,263175512989,3210
263175516825,72,4,receive,263175514470,2355
263175517453,22,4,receive,263175514591,2862
263175518081,86,4,receive,263175515173,2908
263175518680,70,4,receive,263175515271,3409
263175529333,54,4,receive,263175517810,11523
263175529962,74,4,receive,263175518568,11394
263175530569,46,4,receive,263175525682,4887
263175530971,42,4,receive,263175527631,3340
263175541096,68,4,receive,263175533028,8068
263175541505,34,4,receive,263175538969,2536
263175542572,24,4,receive,263175542064,508
263175546429,4,4,receive,263175545881,548
263175547812,18,4,receive,263175546319,1493
263175548941,58,4,receive,263175544208,4733
263175549575,92,4,receive,263175548347,1228
263175553716,78,4,receive,263175552124,1592
263175554347,48,4,receive,263175551248,3099
263175569483,38,4,receive,263175561271,8212
263175570090,56,4,receive,263175568253,1837
263175570708,14,4,receive,263175569558,1150
263175581708,62,4,receive,263175574613,7095
263175585256,84,4,receive,263175584124,1132
263175586629,100,5,receive,263175585624,1005
263175587259,40,4,receive,263175585753,1506
263175602091,66,4,receive,263175588187,13904
263175602811,36,4,receive,263175588643,14168
263175603433,60,4,receive,263175590230,13203
263175604107,50,4,receive,263175591476,12631
263175604723,80,4,receive,263175591787,12936
263175617070,20,4,receive,263175588615,28455
263175617695,10,4,receive,263175599197,18498
263175618317,64,4,receive,263175596883,21434
263175618937,94,4,receive,263175602429,16508
263175623261,28,5,receive,263175603554,19707
263175623665,52,4,receive,263175607258,16407
263175628783,8,4,receive,263175611059,17724
263175629409,96,5,receive,263175619428,9981
263175630055,30,4,receive,263175622072,7983
263175630697,44,4,receive,263175627561,3136
263175637591,82,5,receive,263175630669,6922
263175644062,22,5,receive,263175643443,619
263175645927,26,5,receive,263175644865,1062
263175646573,54,5,receive,263175644970,1603
263175655028,98,5,receive,263175653743,1285
263175660247,90,5,receive,263175659638,609
263175666077,2,4,receive,263175665402,675
263175672248,12,5,receive,263175670912,1336
263175679674,76,5,receive,263175679011,663
263175680453,34,5,receive,263175679570,883
263175688478,78,5,receive,263175681744,6734
263175689106,88,5,receive,263175682123,6983
263175691732,16,5,receive,263175687294,4438
263175694499,4,5,receive,263175687211,7288
263175700182,70,5,receive,263175688980,11202
263175701683,32,5,receive,263175688940,12743
263175706387,74,5,receive,263175689618,16769
263175707032,6,5,receive,263175690531,16501
263175707678,92,5,receive,263175692074,15604
263175708326,46,5,receive,263175694353,13973
263175708967,72,5,receive,263175700100,8867
263175709613,58,5,receive,263175700461,9152
263175737198,86,5,receive,263175710872,26326
263175737831,40,5,receive,263175713118,24713
263175738694,20,5,receive,263175716397,22297
263175739327,42,5,receive,263175716809,22518
263175744824,24,5,receive,263175717006,27818
263175745462,100,6,receive,263175722268,23194
263175759102,48,5,receive,263175729014,30088
263175759735,62,5,receive,263175730317,29418
263175760376,68,5,receive,263175730275,30101
263175761014,18,5,receive,263175734130,26884
263175761650,66,5,receive,263175736503,25147
263175774293,50,5,receive,263175738307,35986
263175774926,82,6,receive,263175739225,35701
263175775888,52,5,receive,263175739648,36240
263175776525,84,5,receive,263175741346,35179
263175777162,10,5,receive,263175742775,34387
263175777795,80,5,receive,263175742784,35011
263175785520,30,5,receive,263175745408,40112
263175786165,56,5,receive,263175747324,38841
263175786801,8,5,receive,263175751006,35795
263175787441,38,5,receive,263175754315,33126
263175788085,44,5,receive,263175757891,30194
263175788719,14,5,receive,263175762387,26332
263175789335,28,6,receive,263175771192,18143
263175789975,22,6,receive,263175775311,14664
263175798699,64,5,receive,263175790012,8687
263175799347,94,5,receive,263175791234,8113
263175804163,78,6,receive,263175792403,11760
263175804805,2,5,receive,263175794349,10456
263175808190,36,5,receive,263175794366,13824
263175808846,46,6,receive,263175798016,10830
263175814112,16,6,receive,263175799292,14820
263175814777,98,6,receive,263175803363,11414
263175815442,60,5,receive,263175808905,6537
263175822995,54,6,receive,263175809736,13259
263175823664,96,6,receive,263175812674,10990
263175825192,32,6,receive,263175818350,6842
263175825852,72,6,receive,263175821011,4841
263175837952,86,6,receive,263175837076,876
263175838642,34,6,receive,263175837768,874
263175844825,26,6,receive,263175842537,2288
263175847679,4,6,receive,263175846222,1457
263175850012,70,6,receive,263175849330,682
263175853754,88,6,receive,263175853092,662
263175862569,82,7,receive,263175860963,1606
263175863216,12,6,receive,263175862037,1179
263175874632,24,6,receive,263175865275,9357
263175875281,50,6,receive,263175867143,8138
263175875922,68,6,receive,263175867789,8133
263175877576,90,6,receive,263175870351,7225
263175878221,8,6,receive,263175871080,7141
263175878863,6,6,receive,263175875890,2973
263175891009,92,6,receive,263175876267,14742
263175891652,10,6,receive,263175880902,10750
263175892303,28,7,receive,263175881257,11046
263175892947,40,6,receive,263175886431,6516
263175900376,100,7,receive,263175889093,11283
263175911022,44,6,receive,263175893193,17829
263175911688,58,6,receive,263175893368,18320
263175912356,66,6,receive,263175897870,14486
263175913025,74,6,receive,263175898277,14748
263175913691,48,6,receive,263175898320,15371
263175931120,18,6,receive,263175901816,29304
263175931783,30,6,receive,263175903490,28293
263175932456,22,7,receive,263175906262,26194
263175933124,42,6,receive,263175906731,26393
263175933829,52,6,receive,263175909751,24078
263175947494,78,7,receive,263175913672,33822
263175948162,14,6,receive,263175915991,32171
263175948849,62,6,receive,263175918272,30577
263175951565,76,6,receive,263175920518,31047
263175952232,56,6,receive,263175920887,31345
263175956368,20,6,receive,263175921268,35100
263175957032,80,6,receive,263175921864,35168
263175957690,96,7,receive,263175935071,22619
263175958345,64,6,receive,263175935753,22592
263175964464,60,6,receive,263175938070,26394
263175966079,38,6,receive,263175940078,26001
263175966708,46,7,receive,263175939988,26720
263175967114,36,6,receive,263175948508,18606
263175967503,84,6,receive,263175955398,12105
263175967847,94,6,receive,263175958439,9408
263175971817,70,7,receive,263175970351,1466
263175988552,34,7,receive,263175984289,4263
263175989190,24,7,receive,263175985689,3501
263175992453,98,7,receive,263175991147,1306
263175996254,2,6,receive,263175993968,2286
263175996904,4,7,receive,263175995640,1264
263176001092,82,8,receive,263175996809,4283
263176006414,54,7,receive,263176000794,5620
263176007059,6,7,receive,263176001310,5749
263176007700,88,7,receive,263176005449,2251
263176023355,50,7,receive,263176008990,14365
263176024011,16,7,receive,263176013426,10585
263176024653,18,7,receive,263176015544,9109
263176032273,72,7,receive,263176018338,13935
263176032916,48,7,receive,263176019275,13641
263176045571,8,7,receive,263176019993,25578
263176046217,12,7,receive,263176020779,25438
263176046856,86,7,receive,263176031152,15704
263176047498,66,7,receive,263176031625,15873
263176066149,32,7,receive,263176033835,32314
263176066783,20,7,receive,263176036068,30715
263176067649,92,7,receive,263176038677,28972
263176068294,26,7,receive,263176048089,20205
263176068932,78,8,receive,263176049759,19173
263176074619,36,7,receive,263176053616,21003
263176089505,22,8,receive,263176054107,35398
263176089932,52,7,receive,263176056792,33140
263176090353,42,7,receive,263176060066,30287
263176090771,28,8,receive,263176060925,29846
263176091280,90,7,receive,263176064587,26693
263176091921,44,7,receive,263176066574,25347
263176092562,68,7,receive,263176069012,23550
263176110933,74,7,receive,263176070302,40631
263176112152,76,7,receive,263176074571,37581
263176112794,100,8,receive,263176079009,33785
263176113437,40,7,receive,263176081390,32047
263176120430,10,7,receive,263176081787,38643
263176132338,94,7,receive,263176088825,43513
263176133013,56,7,receive,263176100815,32198
263176133675,46,8,receive,263176102450,31225
263176134342,58,7,receive,263176105287,29055
263176139108,98,8,receive,263176107122,31986
263176139768,62,7,receive,263176111047,28721
263176151436,60,7,receive,263176113546,37890
263176152315,30,7,receive,263176116171,36144
263176152978,14,7,receive,263176119444,33534
263176153646,96,8,receive,263176121194,32452
263176154307,80,7,receive,263176124200,30107
263176154968,64,7,receive,263176124601,30367
263176165639,84,7,receive,263176127914,37725
263176166301,38,7,receive,263176134791,31510
263176166957,4,8,receive,263176142202,24755
263176167617,20,8,receive,263176143743,23874
263176177787,2,7,receive,263176147956,29831
263176178429,32,8,receive,263176151733,26696
263176179089,16,8,receive,263176157005,22084
263176179749,88,8,receive,263176160839,18910
263176180412,82,9,receive,263176168011,12401
263176198811,70,8,receive,263176168008,30803
263176199484,66,8,receive,263176169872,29612
263176200159,42,8,receive,263176170072,30087
263176200826,72,8,receive,263176174012,26814
263176201500,22,9,receive,263176175520,25980
263176214874,78,9,receive,263176175505,39369
263176215541,50,8,receive,263176176567,38974
263176216208,48,8,receive,263176181012,35196
263176216870,90,8,receive,263176183009,33861
263176217533,24,8,receive,263176183862,33671
263176233369,100,9,receive,263176188115,45254
263176234035,92,8,receive,263176188377,45658
263176234694,26,8,receive,263176193378,41316
263176235361,18,8,receive,263176193865,41496
263176236026,6,8,receive,263176202382,33644
263176236689,40,8,receive,263176202315,34374
263176251204,36,8,receive,263176205008,46196
263176251863,34,8,receive,263176205274,46589
263176254828,54,8,receive,263176208063,46765
263176255492,68,8,receive,263176214013,41479
263176256159,12,8,receive,263176214080,42079
263176256820,76,8,receive,263176219189,37631
263176257483,58,8,receive,263176219896,37587
263176258148,8,8,receive,263176223128,35020
263176258810,46,9,receive,263176229445,29365
263176259473,28,9,receive,263176241408,18065
263176260136,44,8,receive,263176233142,26994
263176260771,86,8,receive,263176243497,17274
263176261292,38,8,receive,263176246556,14736
263176268929,30,8,receive,263176252253,16676
263176269591,94,8,receive,263176261216,8375
263176270252,74,8,receive,263176264223,6029
263176277724,52,8,receive,263176265234,12490
263176278380,56,8,receive,263176270217,8163
263176279043,84,8,receive,263176271218,7825
263176281995,80,8,receive,263176274414,7581
263176282659,14,8,receive,263176279487,3172
263176285729,20,9,receive,263176282590,3139
263176289965,10,8,receive,263176287465,2500
263176293369,60,8,receive,263176291176,2193
263176294026,82,10,receive,263176291960,2066
263176308881,100,10,receive,263176294514,14367
263176309542,66,9,receive,263176296400,13142
263176310220,98,9,receive,263176297232,12988
263176310871,92,9,receive,263176302132,8739
263176311502,48,9,receive,263176302336,9166
263176325562,64,8,receive,263176296773,28789
263176326244,26,9,receive,263176307295,18949
263176326916,42,9,receive,263176309465,17451
263176327592,62,8,receive,263176309886,17706
263176328270,72,9,receive,263176315315,12955
263176337599,22,10,receive,263176317548,20051
263176338573,24,9,receive,263176317799,20774
263176339266,2,8,receive,263176321135,18131
263176339951,32,9,receive,263176324478,15473
263176345006,36,9,receive,263176324967,20039
263176345693,16,9,receive,263176328820,16873
263176346380,4,9,receive,263176329767,16613
263176347065,8,9,receive,263176330961,16104
263176347766,96,9,receive,263176337348,10418
263176348458,78,10,receive,263176340013,8445
263176351124,6,9,receive,263176348439,2685
263176351796,88,9,receive,263176349539,2257
263176364342,90,9,receive,263176361141,3201
263176365003,70,9,receive,263176363081,1922
263176370324,34,9,receive,263176368230,2094
263176375183,68,9,receive,263176374419,764
263176379693,40,9,receive,263176378245,1448
263176385863,50,9,receive,263176383272,2591
263176392115,54,9,receive,263176390874,1241
263176394497,46,10,receive,263176391547,2950
263176399247,18,9,receive,263176397193,2054
263176403622,80,9,receive,263176401873,1749
263176407182,82,11,receive,263176404559,2623
263176411627,10,9,receive,263176410458,1169
263176415130,30,9,receive,263176413140,1990
263176420174,76,9,receive,263176415307,4867
263176420949,14,9,receive,263176416685,4264
263176421613,12,9,receive,263176417169,4444
263176429609,56,9,receive,263176420388,9221
263176430273,86,9,receive,263176420667,9606
263176430927,58,9,receive,263176425703,5224
263176441054,32,10,receive,263176432367,8687
263176441720,74,9,receive,263176433094,8626
263176442383,44,9,receive,263176433542,8841
263176443052,60,9,receive,263176433569,9483
263176443757,98,10,receive,263176440909,2848
263176444407,52,9,receive,263176443422,985
263176460398,28,10,receive,263176445821,14577
263176461066,92,10,receive,263176446296,14770
263176461727,2,9,receive,263176446545,15182
263176462390,38,9,receive,263176447797,14593
263176463060,84,9,receive,263176454895,8165
263176463721,96,10,receive,263176456388,7333
263176477343,22,11,receive,263176458010,19333
263176477999,94,9,receive,263176460088,17911
263176478672,20,10,receive,263176465107,13565
263176479272,36,10,receive,263176467013,12259
263176489010,4,10,receive,263176488192,818
263176491328,64,9,receive,263176490740,588
263176493988,34,10,receive,263176493485,503
263176498581,42,10,receive,263176498009,572
263176501110,62,9,receive,263176500390,720
263176503286,100,11,receive,263176500966,2320
263176505505,66,10,receive,263176503203,2302
263176512849,70,10,receive,263176505514,7335
263176513508,72,10,receive,263176506056,7452
263176514477,8,10,receive,263176506755,7722
263176515136,26,10,receive,263176511944,3192
263176520699,24,10,receive,263176519370,1329
263176525934,48,10,receive,263176524578,1356
263176528783,14,10,receive,263176527483,1300
263176530661,78,11,receive,263176530082,579
263176536829,6,10,receive,263176536239,590
263176541373,16,10,receive,263176540082,1291
263176550346,54,10,receive,263176543248,7098
263176550769,56,10,receive,263176544409,6360
263176557478,30,10,receive,263176554493,2985
263176561664,60,10,receive,263176554493,7171
263176562302,40,10,receive,263176556781,5521
263176562932,58,10,receive,263176557729,5203
263176580272,68,10,receive,263176561163,19109
263176580934,88,10,receive,263176563283,17651
263176581598,10,10,receive,263176565074,16524
263176582593,90,10,receive,263176565383,17210
263176586431,46,11,receive,263176568321,18110
263176598403,18,10,receive,263176568647,29756
263176599140,86,10,receive,263176572989,26151
263176599803,84,10,receive,263176576412,23391
263176600475,38,10,receive,263176576737,23738
263176601148,28,11,receive,263176579337,21811
263176601809,20,11,receive,263176582064,19745
263176615102,2,10,receive,263176585252,29850
263176615538,80,10,receive,263176585763,29775
263176615973,12,10,receive,263176579267,36706
263176616422,52,10,receive,263176590132,26290
263176616854,74,10,receive,263176598098,18756
263176622073,50,10,receive,263176598771,23302
263176622732,82,12,receive,263176598924,23808
263176636764,44,10,receive,263176599822,36942
263176637351,76,10,receive,263176607007,30344
263176638163,4,11,receive,263176608403,29760
263176638597,72,11,receive,263176614007,24590
263176639035,96,11,receive,263176621094,17941
263176639468,42,11,receive,263176623950,15518
263176647468,92,11,receive,263176624765,22703
263176653187,22,12,receive,263176625772,27415
263176653846,32,11,receive,263176628154,25692
263176654511,24,11,receive,263176629629,24882
263176655172,62,10,receive,263176624352,30820
263176655834,94,10,receive,263176637483,18351
263176656501,98,11,receive,263176639466,17035
263176666051,64,10,receive,263176649903,16148
263176666551,36,11,receive,263176650155,16396
263176667047,54,11,receive,263176657063,9984
263176680731,26,11,receive,263176678123,2608
263176682013,56,11,receive,263176679237,2776
263176682675,34,11,receive,263176680786,1889
263176683341,46,12,receive,263176680785,2556
263176701661,66,11,receive,263176682710,18951
263176702396,100,12,receive,263176693897,8499
263176703113,90,11,receive,263176694855,8258
263176703812,18,11,receive,263176695463,8349
263176704465,6,11,receive,263176696602,7863
263176725137,28,12,receive,263176699759,25378
263176725803,48,11,receive,263176701607,24196
263176726466,88,11,receive,263176701947,24519
263176727135,70,11,receive,263176702101,25034
263176727799,14,11,receive,263176702275,25524
263176733618,16,11,receive,263176706500,27118
263176734288,44,11,receive,263176708983,25305
263176738657,8,11,receive,263176714010,24647
263176740850,76,11,receive,263176719073,21777
263176741521,78,12,receive,263176729267,12254
263176747297,30,11,receive,263176729690,17607
263176747962,22,13,receive,263176734237,13725
263176748630,82,13,receive,263176736335,12295
263176749306,10,11,receive,263176737270,12036
263176749972,38,11,receive,263176734549,15423
263176750649,58,11,receive,263176738784,11865
263176764856,12,11,receive,263176740061,24795
263176766100,80,11,receive,263176742249,23851
263176766759,84,11,receive,263176744794,21965
263176767425,96,12,receive,263176753916,13509
263176768093,42,12,receive,263176755224,12869
263176768755,68,11,receive,263176755625,13130
263176777236,40,11,receive,263176756927,20309
263176777668,24,12,receive,263176761823,15845
263176778106,72,12,receive,263176763281,14825
263176778515,50,11,receive,263176763813,14702
263176778940,20,12,receive,263176765008,13932
263176779365,92,12,receive,263176771667,7698
263176784646,98,12,receive,263176781490,3156
263176785074,86,11,receive,263176782667,2407
263176787329,60,11,receive,263176773807,13522
263176792509,52,11,receive,263176788073,4436
263176792943,36,12,receive,263176789927,3016
263176796075,62,11,receive,263176791933,4142
263176796497,74,11,receive,263176793184,3313
263176796925,54,12,receive,263176794458,2467
263176802143,2,11,receive,263176798590,3553
263176805443,64,11,receive,263176802898,2545
263176807569,4,12,receive,263176807061,508
263176810481,46,13,receive,263176810012,469
263176815702,26,12,receive,263176815160,542
263176819887,32,12,receive,263176819320,567
263176824654,88,12,receive,263176824072,582
263176825840,94,11,receive,263176825381,459
263176829327,6,12,receive,263176828724,603
263176834734,76,12,receive,263176833006,1728
263176838148,16,12,receive,263176837099,1049
263176842848,28,13,receive,263176842192,656
263176847865,14,12,receive,263176845313,2552
263176852801,12,12,receive,263176852123,678
263176858068,56,12,receive,263176854191,3877
263176866464,82,14,receive,263176863841,2623
263176868964,66,12,receive,263176867592,1372
263176875565,72,13,receive,263176874397,1168
263176885550,100,13,receive,263176876596,8954
263176885986,30,12,receive,263176876534,9452
263176886437,48,12,receive,263176876504,9933
263176886880,20,13,receive,263176876780,10100
263176907233,34,12,receive,263176881647,25586
263176907712,42,13,receive,263176887160,20552
263176916482,18,12,receive,263176889322,27160
263176916990,8,12,receive,263176890930,26060
263176917449,24,13,receive,263176893538,23911
263176917896,70,12,receive,263176894532,23364
263176918352,52,12,receive,263176895264,23088
263176918805,58,12,receive,263176898414,20391
263176933018,40,12,receive,263176908005,25013
263176933480,44,12,receive,263176908568,24912
263176933931,68,12,receive,263176909679,24252
263176938555,96,13,receive,263176910154,28401
263176939004,10,12,receive,263176912165,26839
263176939458,90,12,receive,263176915669,23789
263176939918,22,14,receive,263176916079,23839
263176953832,78,13,receive,263176919861,33971
263176954285,64,12,receive,263176925534,28751
263176954724,54,13,receive,263176925582,29142
263176955178,80,12,receive,263176926406,28772
263176955624,60,12,receive,263176927363,28261
263176956071,36,13,receive,263176929265,26806
263176956515,62,12,receive,263176936429,20086
263176958280,26,13,receive,263176937956,20324
263176958722,86,12,receive,263176942806,15916
263176959179,38,12,receive,263176946188,12991
263176959654,84,12,receive,263176951018,8636
263176962990,92,13,receive,263176961268,1722
263176974319,28,14,receive,263176972783,1536
263176976385,50,12,receive,263176975330,1055
263176980414,6,13,receive,263176979286,1128
263176983961,16,13,receive,263176983301,660
263176988192,74,12,receive,263176984789,3403
263176992888,42,14,receive,263176988355,4533
263176993339,2,12,receive,263176989294,4045
263177000172,76,13,receive,263176991560,8612
263177000609,20,14,receive,263176994064,6545
263177001056,98,13,receive,263176997867,3189
263177001496,46,14,receive,263176998014,3482
263177009397,56,13,receive,263177007577,1820
263177010832,12,13,receive,263177009534,1298
263177015855,8,13,receive,263177013534,2321
263177022234,4,13,receive,263177021439,795
263177026417,24,14,receive,263177023484,2933
263177026833,10,13,receive,263177025802,1031
263177040726,94,12,receive,263177027087,13639
263177041165,90,13,receive,263177028114,13051
263177041589,40,13,receive,263177029199,12390
263177042023,32,13,receive,263177029520,12503
263177042444,22,15,receive,263177030630,11814
263177042865,64,13,receive,263177034074,8791
263177043308,88,13,receive,263177035291,8017
263177043751,82,15,receive,263177038006,5745
263177058355,34,13,receive,263177039510,18845
263177058821,80,13,receive,263177039705,19116
263177059298,14,13,receive,263177044604,14694
263177059752,70,13,receive,263177050018,9734
263177060219,86,13,receive,263177056409,3810
263177060672,54,14,receive,263177056803,3869
263177061134,44,13,receive,263177057228,3906
263177073058,60,13,receive,263177062124,10934
263177073516,48,13,receive,263177065673,7843
263177073967,66,13,receive,263177070711,3256
263177078113,30,13,receive,263177074834,3279
263177081278,100,14,receive,263177080507,771
263177097086,96,14,receive,263177095518,1568
263177097521,36,14,receive,263177096272,1249
263177100116,58,13,receive,263177097675,2441
263177102048,52,13,receive,263177101399,649
263177106443,18,13,receive,263177104969,1474
263177111523,72,14,receive,263177106921,4602
263177113974,68,13,receive,263177113368,606
263177116440,50,13,receive,263177114695,1745
263177124837,92,14,receive,263177121668,3169
263177125974,98,14,receive,263177125366,608
263177132582,28,15,receive,263177126453,6129
263177133042,62,13,receive,263177129011,4031
263177133489,78,14,receive,263177131501,1988
263177144464,12,14,receive,263177134670,9794
263177144944,56,14,receive,263177135185,9759
263177145422,84,13,receive,263177135221,10201
263177145901,38,13,receive,263177135258,10643
263177146373,20,15,receive,263177137125,9248
263177146835,16,14,receive,263177138805,8030
263177168122,40,14,receive,263177148681,19441
263177168559,4,14,receive,263177151403,17156
263177168989,74,13,receive,263177158858,10131
263177169434,10,14,receive,263177139256,30178
263177169867,42,15,receive,263177162445,7422
263177170329,76,14,receive,263177163120,7209
263177170787,26,14,receive,263177164353,6434
263177198591,60,14,receive,263177174138,24453
263177199055,80,14,receive,263177177064,21991
263177199510,6,14,receive,263177185011,14499
263177199962,46,15,receive,263177189247,10715
263177200427,34,14,receive,263177189411,11016
263177200874,2,13,receive,263177191356,9518
263177201326,94,13,receive,263177197679,3647
263177218587,86,14,receive,263177203461,15126
263177219046,70,14,receive,263177207753,11293
263177219506,82,16,receive,263177209458,10048
263177223071,32,14,receive,263177212789,10282
263177223523,14,14,receive,263177214631,8892
263177223975,36,15,receive,263177216913,7062
263177227396,22,16,receive,263177226078,1318
263177228929,8,14,receive,263177227424,1505
263177236219,96,15,receive,263177228970,7249
263177236652,88,14,receive,263177229363,7289
263177237094,68,14,receive,263177230244,6850
263177237530,54,15,receive,263177231549,5981
263177237955,48,14,receive,263177232624,5331
263177238395,24,15,receive,263177235418,2977
263177260637,90,14,receive,263177235349,25288
263177261135,72,15,receive,263177238894,22241
263177261601,64,14,receive,263177241130,20471
263177262097,52,14,receive,263177241555,20542
263177262563,58,14,receive,263177246571,15992
263177263020,30,14,receive,263177248015,15005
263177263479,100,15,receive,263177250005,13474
263177287038,20,16,receive,263177250064,36974
263177287447,44,14,receive,263177258492,28955
263177287854,12,15,receive,263177260210,27644
263177288264,84,14,receive,263177260564,27700
263177288678,98,15,receive,263177256418,32260
263177289120,50,14,receive,263177263560,25560
263177289544,40,15,receive,263177267538,22006
263177289966,92,15,receive,263177271121,18845
263177294623,66,14,receive,263177273010,21613
263177295037,56,15,receive,263177260201,34836
263177306057,28,16,receive,263177296995,9062
263177306728,76,15,receive,263177297063,9665
263177308462,18,14,receive,263177307885,577
263177313653,16,15,receive,263177313059,594
263177324550,86,15,receive,263177323576,974
263177327397,10,15,receive,263177326171,1226
263177328809,62,14,receive,263177328318,491
263177334240,6,15,receive,263177333654,586
263177339050,38,14,receive,263177337437,1613
263177342344,94,14,receive,263177341640,704
263177347339,88,15,receive,263177343124,4215
263177349686,78,15,receive,263177348428,1258
263177352714,4,15,receive,263177350014,2700
263177353900,60,15,receive,263177353042,858
263177361732,74,14,receive,263177355938,5794
263177365064,26,15,receive,263177359235,5829
263177365780,36,16,receive,263177359720,6060
263177372738,14,15,receive,263177362173,10565
263177373399,46,16,receive,263177362351,11048
263177379078,52,15,receive,263177368537,10541
263177380519,72,16,receive,263177371622,8897
263177381185,42,16,receive,263177373774,7411
263177381847,58,15,receive,263177374281,7566
263177382511,80,15,receive,263177374673,7838
263177395512,68,15,receive,263177377180,18332
263177396195,12,16,receive,263177379006,17189
263177396866,34,15,receive,263177379644,17222
263177397538,22,17,receive,263177384796,12742
263177398207,54,16,receive,263177384692,13515
263177411051,70,15,receive,263177390794,20257
263177412184,82,17,receive,263177400123,12061
263177412853,2,14,receive,263177401062,11791
263177416965,40,16,receive,263177401332,15633
263177417633,30,15,receive,263177405406,12227
263177423390,96,16,receive,263177411175,12215
263177426583,24,16,receive,263177412786,13797
263177427274,100,16,receive,263177415726,11548
263177432366,56,16,receive,263177423783,8583
263177433398,44,15,receive,263177427788,5610
263177438112,32,15,receive,263177428417,9695
263177438776,48,15,receive,263177432370,6406
263177443338,20,17,receive,263177434393,8945
263177444016,64,15,receive,263177436077,7939
263177444688,90,15,receive,263177436504,8184
263177449944,62,15,receive,263177437628,12316
263177457423,66,15,receive,263177439189,18234
263177460966,8,15,receive,263177442660,18306
263177462249,18,15,receive,263177447579,14670
263177462916,28,17,receive,263177450005,12911
263177466328,98,16,receive,263177451061,15267
263177466995,84,15,receive,263177457551,9444
263177467664,92,16,receive,263177457794,9870
263177476485,76,16,receive,263177458569,17916
263177476968,50,15,receive,263177459786,17182
263177477324,10,16,receive,263177468559,8765
263177480114,4,16,receive,263177478735,1379
263177482577,16,16,receive,263177481504,1073
263177492839,86,16,receive,263177491494,1345
263177493989,22,18,receive,263177493501,488
263177499751,68,16,receive,263177496730,3021
263177500414,46,17,receive,263177496890,3524
263177510235,94,15,receive,263177501238,8997
263177510946,74,15,receive,263177502695,8251
263177514638,26,16,receive,263177504503,10135
263177516270,34,16,receive,263177507578,8692
263177516915,24,17,receive,263177513784,3131
263177517573,70,16,receive,263177514728,2845
263177527011,36,17,receive,263177515468,11543
263177527675,80,16,receive,263177517839,9836
263177528235,88,16,receive,263177515401,12834
263177528858,82,18,receive,263177524896,3962
263177534333,96,17,receive,263177532989,1344
263177542622,40,17,receive,263177539647,2975
263177543286,60,16,receive,263177539829,3457
263177543947,6,16,receive,263177542101,1846
263177550172,2,15,receive,263177545207,4965
263177553673,14,16,receive,263177549597,4076
263177557462,38,15,receive,263177550095,7367
263177561471,54,17,receive,263177552639,8832
263177562130,58,16,receive,263177554561,7569
263177562786,78,16,receive,263177555012,7774
263177569730,52,16,receive,263177556998,12732
263177572857,98,17,receive,263177562724,10133
263177573592,64,16,receive,263177566564,7028
263177578645,30,16,receive,263177569864,8781
263177579310,20,18,receive,263177571658,7652
263177579975,44,16,receive,263177573480,6495
263177583310,42,17,receive,263177582187,1123
263177587801,56,17,receive,263177585190,2611
263177588226,72,17,receive,263177585286,2940
263177592408,12,17,receive,263177590930,1478
263177595905,100,17,receive,263177595288,617
263177603735,66,16,receive,263177603081,654
263177606807,90,16,receive,263177606212,595
263177614593,86,17,receive,263177613368,1225
263177622017,94,16,receive,263177615486,6531
263177622459,18,16,receive,263177616325,6134
263177624771,68,17,receive,263177623862,909
263177627122,76,17,receive,263177626535,587
263177632435,92,17,receive,263177628820,3615
263177633101,48,16,receive,263177630355,2746
263177641184,34,17,receive,263177639711,1473
263177641927,50,16,receive,263177640408,1519
263177650059,74,16,receive,263177643702,6357
263177650724,24,18,receive,263177644398,6326
263177651392,32,16,receive,263177645062,6330
263177653914,62,16,receive,263177653401,513
263177657885,40,18,receive,263177657104,781
263177662814,8,16,receive,263177659258,3556
263177664315,10,17,receive,263177662528,1787
263177664900,88,17,receive,263177662558,2342
263177667844,28,18,receive,263177664178,3666
263177669300,4,17,receive,263177668697,603
263177673046,70,17,receive,263177672441,605
263177675086,36,18,receive,263177674072,1014
263177679274,16,17,receive,263177678709,565
263177685247,22,19,receive,263177682766,2481
263177685922,84,16,receive,263177683225,2697
263177695157,60,17,receive,263177693587,1570
263177698468,46,18,receive,263177695612,2856
263177699635,26,17,receive,263177698764,871
263177704730,96,18,receive,263177699820,4910
263177714760,80,17,receive,263177714081,679
263177716961,14,17,receive,263177716087,874
263177730312,38,16,receive,263177717795,12517
263177730960,64,17,receive,263177717907,13053
263177731622,6,17,receive,263177719978,11644
263177732267,52,17,receive,263177723172,9095
263177732908,20,19,receive,263177723841,9067
263177733556,98,18,receive,263177725496,8060
263177742571,54,18,receive,263177729558,13013
263177743207,82,19,receive,263177738153,5054
263177743840,30,17,receive,263177740442,3398
263177752050,78,17,receive,263177748244,3806
263177752680,68,18,receive,263177748493,4187
263177758731,18,17,receive,263177753219,5512
263177759362,44,17,receive,263177755251,4111
263177759994,58,17,receive,263177756502,3492
263177760629,24,19,receive,263177756899,3730
263177776938,2,16,receive,263177761554,15384
263177777402,92,18,receive,263177769831,7571
263177777995,90,17,receive,263177770927,7068
263177778628,86,18,receive,263177771808,6820
263177787604,76,18,receive,263177777149,10455
263177788237,56,18,receive,263177778664,9573
263177791165,66,17,receive,263177783691,7474
263177791797,42,18,receive,263177788187,3610
263177792436,28,19,receive,263177789131,3305
263177802222,100,18,receive,263177795535,6687
263177802684,62,17,receive,263177795786,6898
263177819207,50,17,receive,263177798939,20268
263177819859,72,18,receive,263177799161,20698
263177820703,16,18,receive,263177799816,20887
263177821123,4,18,receive,263177806357,14766
263177821537,12,18,receive,263177808817,12720
263177821954,84,17,receive,263177810557,11397
263177822370,34,18,receive,263177811024,11346
263177822778,8,17,receive,263177815668,7110
263177855399,40,19,receive,263177818312,37087
263177856050,32,17,receive,263177819653,36397
263177856703,60,18,receive,263177826468,30235
263177857356,48,17,receive,263177830011,27345
263177858008,94,17,receive,263177834211,23797
263177858658,10,18,receive,263177835094,23564
263177876024,74,17,receive,263177840008,36016
263177876436,54,19,receive,263177843011,33425
263177876848,46,19,receive,263177846282,30566
263177879422,80,18,receive,263177847581,31841
263177879869,20,20,receive,263177848069,31800
263177880315,14,18,receive,263177853565,26750
263177880805,82,20,receive,263177860716,20089
263177892526,88,18,receive,263177862293,30233
263177899062,6,18,receive,263177862986,36076
263177899500,70,18,receive,263177861351,38149
263177899932,68,19,receive,263177876892,23040
263177900373,52,18,receive,263177877348,23025
263177900800,22,20,receive,263177880549,20251
263177901250,18,18,receive,263177881498,19752
263177901697,36,19,receive,263177882821,18876
263177905497,30,18,receive,263177883195,22302
263177905901,90,18,receive,263177892510,13391
263177906332,44,18,receive,263177893017,13315
263177906759,26,18,receive,263177896050,10709
263177907188,96,19,receive,263177896474,10714
263177913279,42,19,receive,263177911383,1896
263177915436,62,18,receive,263177914554,882
263177922618,58,18,receive,263177921423,1195
263177927924,72,19,receive,263177925971,1953
263177931608,64,18,receive,263177929962,1646
263177935210,86,19,receive,263177932500,2710
263177943097,78,18,receive,263177941767,1330
263177946111,12,19,receive,263177943912,2199
263177949394,74,18,receive,263177946492,2902
263177950440,4,19,receive,263177949756,684
263177952171,98,19,receive,263177950431,1740
263177962194,38,17,receive,263177953007,9187
263177962864,54,20,receive,263177953390,9474
263177963532,2,17,receive,263177956785,6747
263177964199,94,18,receive,263177957351,6848
263177970924,24,20,receive,263177962071,8853
263177971594,32,18,receive,263177962351,9243
263177975591,40,20,receive,263177974087,1504
263177977828,84,18,receive,263177977174,654
263177978965,66,18,receive,263177978250,715
263177982604,56,19,receive,263177978468,4136
263177983501,8,18,receive,263177978860,4641
263177984162,10,19,receive,263177982927,1235
263177994823,92,19,receive,263177988342,6481
263177995487,80,19,receive,263177988511,6976
263177996150,28,20,receive,263177989843,6307
263177996808,48,18,receive,263177990007,6801
263177997463,22,21,receive,263177994112,3351
263178006542,70,19,receive,263177997481,9061
263178010361,50,18,receive,263177999013,11348
263178011715,16,19,receive,263177999464,12251
263178012380,100,19,receive,263178002813,9567
263178017989,6,19,receive,263178010155,7834
263178018654,76,19,receive,263177998664,19990
263178025866,30,19,receive,263178012763,13103
263178026535,34,19,receive,263178010320,16215
263178027199,82,21,receive,263178017437,9762
263178027858,42,20,receive,263178024792,3066
263178050048,90,19,receive,263178023362,26686
263178050648,68,20,receive,263178031059,19589
263178051308,60,19,receive,263178022438,28870
263178051968,46,20,receive,263178035351,16617
263178052632,88,19,receive,263178035752,16880
263178053290,14,19,receive,263178037592,15698
263178064602,20,21,receive,263178039006,25596
263178065262,18,19,receive,263178039320,25942
263178065918,52,19,receive,263178047065,18853
263178066580,96,20,receive,263178050031,16549
263178071983,62,19,receive,263178054005,17978
263178072640,78,19,receive,263178060589,12051
263178074203,2,18,receive,263178063502,10701
263178074621,98,20,receive,263178066457,8164
263178076366,24,21,receive,263178074923,1443
263178084469,44,19,receive,263178083812,657
263178085727,4,20,receive,263178084453,1274
263178086673,72,20,receive,263178085837,836
263178094549,26,19,receive,263178088977,5572
263178098259,36,20,receive,263178097099,1160
263178101791,94,19,receive,263178097201,4590
263178109229,22,22,receive,263178106937,2292
263178116312,70,20,receive,263178115367,945
263178121159,6,20,receive,263178120306,853
263178125526,92,20,receive,263178124606,920
263178127607,12,20,receive,263178125794,1813
263178130831,38,18,receive,263178129363,1468
263178132777,58,19,receive,263178129613,3164
263178133415,42,21,receive,263178130789,2626
263178138668,86,20,receive,263178134189,4479
263178139333,30,20,receive,263178137429,1904
263178139985,64,19,receive,263178138722,1263
263178151924,54,21,receive,263178144527,7397
263178153136,90,20,receive,263178144891,8245
263178153845,50,19,receive,263178146005,7840
263178154517,80,20,receive,263178152152,2365
263178157472,16,20,receive,263178152534,4938
263178158486,20,22,receive,263178153296,5190
263178159158,14,20,receive,263178156249,2909
263178163431,74,19,receive,263178159310,4121
263178164101,8,19,receive,263178159874,4227
263178164766,40,21,receive,263178162041,2725
263178171081,18,20,receive,263178162177,8904
263178174042,82,22,receive,263178170014,4028
263178174707,84,19,receive,263178170434,4273
263178175376,60,20,receive,263178173090,2286
263178181626,66,19,receive,263178175662,5964
263178182296,48,19,receive,263178177466,4830
263178182953,88,20,receive,263178179499,3454
263178192896,56,20,receive,263178185032,7864
263178193565,34,20,receive,263178186006,7559
263178194233,100,20,receive,263178187411,6822
263178194896,98,21,receive,263178188787,6109
263178206302,32,19,receive,263178189999,16303
263178206967,28,21,receive,263178190335,16632
263178207638,10,20,receive,263178191292,16346
263178208304,78,20,receive,263178191659,16645
263178208961,52,20,receive,263178195110,13851
263178209627,24,22,receive,263178197257,12370
263178223247,68,21,receive,263178212123,11124
263178223906,96,21,receive,263178213895,10011
263178224570,76,20,receive,263178214844,9726
263178225236,46,21,receive,263178219768,5468
263178234218,22,23,receive,263178225356,8862
263178234882,62,20,receive,263178226843,8039
263178248427,4,21,receive,263178245681,2746
263178249092,2,19,receive,263178246294,2798
263178255408,86,21,receive,263178254578,830
263178256631,26,20,receive,263178255718,913
263178261039,36,21,receive,263178260247,792
263178266957,72,21,receive,263178266091,866
263178272437,44,20,receive,263178271646,791
263178287648,38,19,receive,263178286885,763
263178293689,8,20,receive,263178291595,2094
263178296272,18,21,receive,263178295583,689
263178300058,94,20,receive,263178297529,2529
263178300702,40,22,receive,263178299535,1167
263178306501,42,22,receive,263178301232,5269
263178307148,88,21,receive,263178304575,2573
263178307798,80,21,receive,263178304611,3187
263178316674,30,21,receive,263178311471,5203
263178317448,92,21,receive,263178314094,3354
263178321234,84,20,receive,263178314735,6499
263178321865,70,21,receive,263178316271,5594
263178322504,6,21,receive,263178316987,5517
263178332156,10,21,receive,263178320430,11726
263178333012,50,20,receive,263178323978,9034
263178333657,58,20,receive,263178324582,9075
263178334306,60,21,receive,263178327819,6487
263178338757,76,21,receive,263178332376,6381
263178341535,20,23,receive,263178335166,6369
263178345154,82,23,receive,263178338670,6484
263178348458,16,21,receive,263178341541,6917
263178349103,90,21,receive,263178342620,6483
263178357537,54,22,receive,263178343609,13928
263178358183,64,20,receive,263178345226,12957
263178359902,14,21,receive,263178349360,10542
263178366860,12,21,receive,263178350138,16722
263178367530,24,23,receive,263178360288,7242
263178368198,62,21,receive,263178360343,7855
263178375083,34,21,receive,263178364756,10327
263178379222,56,21,receive,263178364846,14376
263178383676,46,22,receive,263178365206,18470
263178384346,74,20,receive,263178365725,18621
263178385012,100,21,receive,263178372904,12108
263178393370,52,21,receive,263178375371,17999
263178399515,28,22,receive,263178377273,22242
263178400141,78,21,receive,263178379520,20621
263178400802,48,20,receive,263178379967,20835
263178401474,66,20,receive,263178381860,19614
263178402145,98,22,receive,263178388345,13800
263178407960,96,22,receive,263178386202,21758
263178408626,32,20,receive,263178399426,9200
263178409299,44,21,receive,263178404951,4348
263178409963,86,22,receive,263178407277,2686
263178422086,72,22,receive,263178419959,2127
263178423616,22,24,receive,263178422364,1252
263178427163,8,21,receive,263178425922,1241
263178434961,70,22,receive,263178429979,4982
263178435850,68,22,receive,263178432800,3050
263178436522,58,21,receive,263178433463,3059
263178437205,50,21,receive,263178435165,2040
263178450237,4,22,receive,263178437429,12808
263178450896,92,22,receive,263178438495,12401
263178455236,2,20,receive,263178451573,3663
263178458545,80,22,receive,263178455447,3098
263178477445,64,21,receive,263178458068,19377
263178478131,40,23,receive,263178460761,17370
263178478796,6,22,receive,263178463912,14884
263178479466,12,22,receive,263178468120,11346
263178480143,38,20,receive,263178470674,9469
263178480805,26,21,receive,263178471189,9616
263178501687,54,23,receive,263178471070,30617
263178502346,18,22,receive,263178467331,35015
263178503042,94,21,receive,263178473305,29737
263178503711,84,21,receive,263178474133,29578
263178504382,36,22,receive,263178474177,30205
263178524409,88,22,receive,263178477114,47295
263178525075,14,22,receive,263178481076,43999
263178525727,42,23,receive,263178485013,40714
263178531648,60,22,receive,263178492095,39553
263178532086,30,22,receive,263178498073,34013
263178532517,78,22,receive,263178506188,26329
263178532951,46,23,receive,263178513363,19588
263178547552,20,24,receive,263178515181,32371
263178548161,82,24,receive,263178515246,32915
263178548747,76,22,receive,263178519256,29491
263178549334,90,22,receive,263178525868,23466
263178549926,10,22,receive,263178526489,23437
263178572155,34,22,receive,263178534204,37951
263178572814,100,22,receive,263178537396,35418
263178577644,56,22,receive,263178539428,38216
263178578310,68,23,receive,263178541422,36888
263178578975,22,25,receive,263178542396,36579
263178579610,16,22,receive,263178542371,37239
263178601282,8,22,receive,263178551459,49823
263178601944,52,22,receive,263178552320,49624
263178602614,50,22,receive,263178552765,49849
263178611926,96,23,receive,263178557017,54909
263178612590,62,22,receive,263178552060,60530
263178626061,48,21,receive,263178562620,63441
263178626498,72,23,receive,263178565311,61187
263178626934,32,21,receive,263178567051,59883
263178627360,2,21,receive,263178570917,56443
263178627771,58,22,receive,263178573254,54517
263178628212,74,21,receive,263178573850,54362
263178628639,24,24,receive,263178577097,51542
263178629072,44,22,receive,263178578855,50217
263178629510,66,21,receive,263178582846,46664
263178629916,64,22,receive,263178585235,44681
263178630355,98,23,receive,263178596594,33761
263178630796,28,23,receive,263178597099,33697
263178631252,4,23,receive,263178597786,33466
263178631699,14,23,receive,263178604675,27024
263178632154,70,23,receive,263178607209,24945
263178632815,86,23,receive,263178608286,24529
263178633254,26,22,receive,263178611121,22133
263178633682,84,22,receive,263178616425,17257
263178635197,42,24,receive,263178620302,14895
263178635614,60,23,receive,263178620188,15426
263178636049,94,22,receive,263178632220,3829
263178638885,38,21,receive,263178637255,1630
263178639584,88,23,receive,263178638432,1152
263178640364,30,23,receive,263178639579,785
263178652051,34,23,receive,263178645946,6105
263178655981,54,24,receive,263178655438,543
263178657840,12,23,receive,263178657359,481
263178659897,18,23,receive,263178659403,494
263178662848,92,23,receive,263178662352,496
263178669968,6,23,receive,263178664520,5448
263178672183,16,23,receive,263178671588,595
263178674827,48,22,receive,263178674162,665
263178675507,40,24,receive,263178674288,1219
263178678867,80,23,receive,263178678349,518
263178686966,36,23,receive,263178686365,601
263178694046,8,23,receive,263178691875,2171
263178694743,68,24,receive,263178692116,2627
263178703072,52,23,receive,263178697129,5943
263178703773,74,22,receive,263178698894,4879
263178708631,78,23,receive,263178705429,3202
263178709281,90,23,receive,263178705684,3597
263178709950,82,25,receive,263178707267,2683
263178710614,28,24,receive,263178707460,3154
263178711277,72,24,receive,263178708442,2835
263178714723,10,23,receive,263178712847,1876
263178716129,22,26,receive,263178714371,1758
263178723881,46,24,receive,263178715796,8085
263178724555,76,23,receive,263178715768,8787
263178725193,58,23,receive,263178716070,9123
263178725882,50,23,receive,263178718614,7268
263178726573,20,25,receive,263178720123,6450
263178733208,56,23,receive,263178724386,8822
263178733883,62,23,receive,263178731814,2069
263178734550,60,24,receive,263178732708,1842
263178738172,98,24,receive,263178735061,3111
263178742897,66,22,receive,263178741384,1513
263178746251,86,24,receive,263178745601,650
263178747720,26,23,receive,263178736072,11648
263178748415,100,23,receive,263178746675,1740
263178766763,14,24,receive,263178752128,14635
263178767466,96,24,receive,263178756007,11459
263178768162,4,24,receive,263178756175,11987
263178775260,42,25,receive,263178759108,16152
263178775930,64,23,receive,263178760875,15055
263178776603,24,25,receive,263178764570,12033
263178788330,32,22,receive,263178766182,22148
263178788990,2,22,receive,263178768474,20516
263178789663,30,24,receive,263178773005,16658
263178790356,12,24,receive,263178776638,13718
263178804548,70,24,receive,263178778996,25552
263178805242,88,24,receive,263178779222,26020
263178805932,94,23,receive,263178780691,25241
263178806622,34,24,receive,263178782257,24365
263178807308,84,23,receive,263178785299,22009
263178807996,44,23,receive,263178787874,20122
263178813718,18,24,receive,263178796834,16884
263178814409,38,22,receive,263178801079,13330
263178815088,68,25,receive,263178810928,4160
263178815779,92,24,receive,263178812236,3543
263178827110,58,24,receive,263178825667,1443
263178830208,36,24,receive,263178828931,1277
263178834386,56,24,receive,263178832331,2055
263178835043,40,25,receive,263178833148,1895
263178843183,62,24,receive,263178840699,2484
263178844063,80,24,receive,263178841377,2686
263178844721,16,24,receive,263178842650,2071
263178845380,72,25,receive,263178843004,2376
263178864927,78,24,receive,263178848524,16403
263178865595,98,25,receive,263178849755,15840
263178866274,48,23,receive,263178851360,14914
263178866867,74,23,receive,263178851470,15397
263178867459,82,26,receive,263178854013,13446
263178873892,10,24,receive,263178859596,14296
263178874548,90,24,receive,263178864404,10144
263178878194,54,25,receive,263178870692,7502
263178878662,32,23,receive,263178873083,5579
263178890290,6,24,receive,263178878621,11669
263178891666,8,24,receive,263178880715,10951
263178892125,52,24,receive,263178883275,8850
263178895773,22,27,receive,263178884664,11109
263178896256,28,25,receive,263178890491,5765
263178896703,24,26,receive,263178891859,4844
263178897157,96,25,receive,263178893866,3291
263178903785,76,24,receive,263178899697,4088
263178904240,86,25,receive,263178900930,3310
263178907591,60,25,receive,263178905581,2010
263178914455,34,25,receive,263178913085,1370
263178914884,50,24,receive,263178913283,1601
263178919476,14,25,receive,263178913902,5574
263178919928,66,23,receive,263178918006,1922
263178929185,20,26,receive,263178922007,7178
263178929631,46,25,receive,263178920955,8676
263178930108,2,23,receive,263178924358,5750
263178930554,18,25,receive,263178925991,4563
263178930999,92,25,receive,263178926173,4826
263178941404,70,25,receive,263178929794,11610
263178941867,100,24,receive,263178933114,8753
263178942331,36,25,receive,263178934674,7657
263178942810,84,24,receive,263178937206,5604
263178943277,26,24,receive,263178937700,5577
263178943718,42,26,receive,263178938753,4965
263178944169,4,25,receive,263178933371,10798
263178957309,12,25,receive,263178944180,13129
263178958055,64,24,receive,263178944598,13457
263178958521,88,25,receive,263178950550,7971
263178963839,62,25,receive,263178952184,11655
263178964294,68,26,receive,263178958397,5897
263178970875,30,25,receive,263178968006,2869
263178971327,38,23,receive,263178969739,1588
263178977215,56,25,receive,263178971589,5626
263178977670,94,24,receive,263178961795,15875
263178984254,44,24,receive,263178981059,3195
263178984691,90,25,receive,263178981998,2693
263178992541,48,24,receive,263178988939,3602
263178993165,40,26,receive,263178988618,4547
263178993941,78,25,receive,263178991008,2933
263178994604,10,25,receive,263178992167,2437
263179005379,32,24,receive,263179003541,1838
263179012645,58,25,receive,263179007563,5082
263179013302,72,26,receive,263179011536,1766
263179020914,80,25,receive,263179019478,1436
263179033387,82,27,receive,263179031908,1479
263179039012,92,26,receive,263179037685,1327
263179040034,96,26,receive,263179039248,786
263179044200,52,25,receive,263179039900,4300
263179044859,6,25,receive,263179038769,6090
263179045521,98,26,receive,263179042552,2969
263179055808,74,24,receive,263179051604,4204
263179058975,16,25,receive,263179057531,1444
263179065609,66,24,receive,263179059657,5952
263179066273,22,28,receive,263179060128,6145
263179066930,8,25,receive,263179060982,5948
263179071260,70,26,receive,263179068228,3032
263179072330,2,24,receive,263179071253,1077
263179076655,60,26,receive,263179072884,3771
263179077315,42,27,receive,263179073584,3731
263179078762,54,26,receive,263179077520,1242
263179084443,86,26,receive,263179079907,4536
263179088180,24,27,receive,263179084888,3292
263179093057,18,26,receive,263179085292,7765
263179093719,46,26,receive,263179086611,7108
263179094551,64,25,receive,263179088728,5823
263179097842,38,24,receive,263179090155,7687
263179098507,26,25,receive,263179093824,4683
263179105331,84,25,receive,263179094674,10657
263179111165,28,26,receive,263179097141,14024
263179112138,88,26,receive,263179102380,9758
263179117576,12,26,receive,263179105691,11885
263179118251,50,25,receive,263179111016,7235
263179118915,14,26,receive,263179111878,7037
263179125630,76,25,receive,263179114063,11567
263179126086,4,26,receive,263179115126,10960
263179126597,20,27,receive,263179116853,9744
263179127904,100,25,receive,263179126508,1396
263179136911,68,27,receive,263179132338,4573
263179141644,34,26,receive,263179140588,1056
263179145087,36,26,receive,263179144551,536
263179147876,56,26,receive,263179147340,536
263179152326,32,25,receive,263179151016,1310
263179156126,58,26,receive,263179153790,2336
263179156788,94,25,receive,263179153761,3027
263179161410,44,25,receive,263179159664,1746
263179163863,62,26,receive,263179163161,702
263179173238,30,26,receive,263179170555,2683
263179173896,72,27,receive,263179171864,2032
263179177424,8,26,receive,263179176825,599
263179184121,10,26,receive,263179182744,1377
263179186772,90,26,receive,263179186189,583
263179191650,96,27,receive,263179188573,3077
263179192313,48,25,receive,263179188926,3387
263179192988,40,27,receive,263179190235,2753
263179193667,54,27,receive,263179191239,2428
263179205049,78,26,receive,263179193072,11977
263179208124,70,27,receive,263179198157,9967
263179208787,18,27,receive,263179198811,9976
263179209449,22,29,receive,263179200739,8710
263179218635,80,26,receive,263179202184,16451
263179223179,60,27,receive,263179206451,16728
263179223840,46,27,receive,263179206990,16850
263179227493,26,26,receive,263179209491,18002
263179229311,42,28,receive,263179216323,12988
263179229983,52,26,receive,263179217061,12922
263179239024,66,25,receive,263179217359,21665
263179240373,28,27,receive,263179221014,19359
263179246314,82,28,receive,263179221414,24900
263179246974,16,26,receive,263179221589,25385
263179247647,24,28,receive,263179226787,20860
263179252578,92,27,receive,263179233065,19513
263179253237,98,27,receive,263179235776,17461
263179253896,6,26,receive,263179238399,15497
263179259325,84,26,receive,263179242445,16880
263179260540,86,27,receive,263179245751,14789
263179262247,74,25,receive,263179251769,10478
263179262910,2,25,receive,263179260960,1950
263179268389,100,26,receive,263179267785,604
263179275147,68,28,receive,263179274466,681
263179278417,12,27,receive,263179277528,889
263179280107,14,27,receive,263179279237,870
263179287441,64,26,receive,263179282849,4592
263179288108,38,25,receive,263179286007,2101
263179290605,88,27,receive,263179289012,1593
263179293780,30,27,receive,263179289285,4495
263179294888,56,27,receive,263179294280,608
263179302699,48,26,receive,263179302049,650
263179311585,8,27,receive,263179310267,1318
263179313852,10,27,receive,263179312167,1685
263179316094,4,27,receive,263179313626,2468
263179319776,94,26,receive,263179318969,807
263179320601,50,26,receive,263179320054,547
263179323811,34,27,receive,263179320712,3099
263179328939,90,27,receive,263179321258,7681
263179329604,40,28,receive,263179323498,6106
263179337936,52,27,receive,263179329687,8249
263179338541,78,27,receive,263179329990,8551
263179339200,96,28,receive,263179331847,7353
263179339863,76,26,receive,263179332293,7570
263179340533,36,27,receive,263179336657,3876
263179351209,66,26,receive,263179337510,13699
263179351874,46,28,receive,263179337982,13892
263179355091,42,29,receive,263179338724,16367
263179355753,20,28,receive,263179345398,10355
263179356439,54,28,receive,263179348487,7952
263179366754,80,27,receive,263179346809,19945
263179367470,62,27,receive,263179352377,15093
263179368132,72,28,receive,263179358558,9574
263179368787,32,26,receive,263179365328,3459
263179377903,44,26,receive,263179369479,8424
263179379978,58,27,receive,263179370095,9883
263179380887,60,28,receive,263179368130,12757
263179391979,24,29,receive,263179377999,13980
263179392444,16,27,receive,263179380920,11524
263179392889,86,28,receive,263179383287,9602
263179393412,82,29,receive,263179384930,8482
263179393862,70,28,receive,263179387007,6855
263179397856,74,26,receive,263179396081,1775
263179400362,2,26,receive,263179399241,1121
263179404031,12,28,receive,263179399198,4833
263179408541,18,28,receive,263179407118,1423
263179408982,22,30,receive,263179407709,1273
263179414952,88,28,receive,263179409334,5618
263179419240,68,29,receive,263179415820,3420
263179419715,28,28,receive,263179416011,3704
263179422029,84,27,receive,263179419951,2078
263179425870,26,27,receive,263179421885,3985
263179428768,98,28,receive,263179427162,1606
263179429214,6,27,receive,263179428010,1204
263179435040,92,28,receive,263179429544,5496
263179438907,30,28,receive,263179435948,2959
263179442642,46,29,receive,263179441449,1193
263179445153,38,26,receive,263179441484,3669
263179445602,64,27,receive,263179442663,2939
263179446063,94,27,receive,263179443207,2856
263179455213,10,28,receive,263179451493,3720
263179464109,40,29,receive,263179461167,2942
263179464541,90,28,receive,263179461115,3426
263179476842,48,27,receive,263179474343,2499
263179478119,96,29,receive,263179475441,2678
263179478551,56,28,receive,263179476806,1745
263179478982,72,29,receive,263179477077,1905
263179491794,100,27,receive,263179479080,12714
263179492249,52,28,receive,263179483184,9065
263179492964,32,27,receive,263179488832,4132
263179493390,44,27,receive,263179489042,4348
263179493809,4,28,receive,263179489721,4088
263179494252,14,28,receive,263179492109,2143
263179503729,78,28,receive,263179496073,7656
263179504198,76,27,receive,263179503092,1106
263179510806,66,27,receive,263179507812,2994
263179513630,50,27,receive,263179512386,1244
263179514834,86,29,receive,263179512507,2327
263179516926,82,30,receive,263179516273,653
263179517799,80,28,receive,263179516756,1043
263179523691,42,30,receive,263179523015,676
263179525455,8,28,receive,263179523575,1880
263179526500,58,28,receive,263179525829,671
263179529023,20,29,receive,263179527983,1040
263179529480,34,28,receive,263179527942,1538
263179542295,28,29,receive,263179537612,4683
263179542719,60,29,receive,263179538961,3758
263179543152,36,28,receive,263179539444,3708
263179543847,24,30,receive,263179543179,668
263179559529,22,31,receive,263179549409,10120
263179560004,74,27,receive,263179552745,7259
263179560452,92,29,receive,263179554348,6104
263179560897,18,29,receive,263179554506,6391
263179561349,54,29,receive,263179555496,5853
263179561791,62,28,receive,263179557390,4401
263179562244,70,29,receive,263179558461,3783
263179562687,98,29,receive,263179558605,4082
263179572650,12,29,receive,263179556439,16211
263179577349,90,29,receive,263179576715,634
263179580680,16,28,receive,263179579706,974
263179581850,10,29,receive,263179580917,933
263179582310,38,27,receive,263179581076,1234
263179589292,2,27,receive,263179586610,2682
263179600779,26,28,receive,263179600078,701
263179602569,88,29,receive,263179602075,494
263179603210,84,28,receive,263179602397,813
263179608439,6,28,receive,263179607346,1093
263179610955,64,28,receive,263179610277,678
263179616230,68,30,receive,263179615235,995
263179618176,52,29,receive,263179617450,726
263179625584,94,28,receive,263179623844,1740
263179630295,30,29,receive,263179627114,3181
263179630753,32,28,receive,263179627020,3733
263179634353,76,28,receive,263179632285,2068
263179638521,4,29,receive,263179634207,4314
263179640783,58,29,receive,263179639548,1235
263179642168,86,30,receive,263179640174,1994
263179645356,44,28,receive,263179644217,1139
263179645796,14,29,receive,263179644646,1150
263179655880,46,30,receive,263179648321,7559
263179656483,80,29,receive,263179648339,8144
263179657024,34,29,receive,263179648189,8835
263179657575,72,30,receive,263179650509,7066
263179658204,36,29,receive,263179652735,5469
263179664554,48,28,receive,263179655205,9349
263179665198,24,31,receive,263179660007,5191
263179666781,66,28,receive,263179660609,6172
263179667314,100,28,receive,263179660683,6631
263179667830,96,30,receive,263179665120,2710
263179668434,78,29,receive,263179665565,2869
263179680637,40,30,receive,263179665923,14714
263179681308,18,30,receive,263179679940,1368
263179688504,70,30,receive,263179685022,3482
263179689168,56,29,receive,263179685124,4044
263179689830,28,30,receive,263179686795,3035
263179693307,60,30,receive,263179692558,749
263179699491,38,28,receive,263179695605,3886
263179700159,12,30,receive,263179697087,3072
263179707126,10,30,receive,263179705835,1291
263179713617,20,30,receive,263179711272,2345
263179714285,74,28,receive,263179711854,2431
263179725107,92,30,receive,263179717011,8096
263179725758,6,29,receive,263179721008,4750
263179726428,26,29,receive,263179723261,3167
263179727096,90,30,receive,263179723506,3590
263179749080,82,31,receive,263179725013,24067
263179749574,8,29,receive,263179730568,19006
263179750071,42,31,receive,263179730756,19315
263179750590,50,28,receive,263179733726,16864
263179751134,52,30,receive,263179741069,10065
263179758458,68,31,receive,263179755635,2823
263179759277,62,29,receive,263179758136,1141
263179760762,64,29,receive,263179760097,665
263179763436,22,32,receive,263179762742,694
263179765005,98,30,receive,263179764320,685
263179767176,100,29,receive,263179764899,2277
263179767840,94,29,receive,263179765295,2545
263179768503,84,29,receive,263179766512,1991
263179787053,34,30,receive,263179768947,18106
263179787625,88,30,receive,263179777012,10613
263179788225,54,30,receive,263179777497,10728
263179795293,32,29,receive,263179791322,3971
263179795961,24,32,receive,263179794623,1338
263179802017,16,29,receive,263179798085,3932
263179802638,46,31,receive,263179800586,2052
263179803344,80,30,receive,263179801551,1793
263179816049,44,29,receive,263179800980,15069
263179816994,2,28,receive,263179780025,36969
263179817963,18,31,receive,263179805063,12900
263179818635,14,30,receive,263179809013,9622
263179831258,28,31,receive,263179810230,21028
263179831815,12,31,receive,263179816238,15577
263179841280,10,31,receive,263179816802,24478
263179841981,48,29,receive,263179819006,22975
263179844572,86,31,receive,263179823013,21559
263179853362,72,31,receive,263179826905,26457
263179853938,56,30,receive,263179826963,26975
263179863877,58,30,receive,263179835190,28687
263179865007,76,29,receive,263179835011,29996
263179865694,60,31,receive,263179817248,48446
263179866388,40,31,receive,263179840079,26309
263179881763,4,30,receive,263179840318,41445
263179882400,66,29,receive,263179841840,40560
263179883086,30,30,receive,263179844870,38216
263179883773,26,30,receive,263179846284,37489
263179884464,38,29,receive,263179849352,35112
263179898160,90,31,receive,263179855757,42403
263179898843,50,29,receive,263179857071,41772
263179899530,36,30,receive,263179858063,41467
263179900208,78,30,receive,263179862379,37829
263179910890,70,31,receive,263179864127,46763
263179911582,20,31,receive,263179869176,42406
263179923391,96,31,receive,263179873021,50370
263179924366,6,30,receive,263179881006,43360
263179925058,52,31,receive,263179881327,43731
263179925749,54,31,receive,263179887495,38254
263179929944,68,32,receive,263179890092,39852
263179945650,98,31,receive,263179892446,53204
263179946335,82,32,receive,263179894379,51956
263179947026,64,30,receive,263179889013,58013
263179947712,8,30,receive,263179900074,47638
263179965419,92,31,receive,263179909818,55601
263179966107,74,29,receive,263179916843,49264
263179966791,12,32,receive,263179923343,43448
263179967405,22,33,receive,263179925604,41801
263179972614,80,31,receive,263179935303,37311
263179979151,62,30,receive,263179935755,43396
263179979832,48,30,receive,263179939245,40587
263179980503,42,32,receive,263179930319,50184
263179981172,14,31,receive,263179949069,32103
263179993041,58,31,receive,263179949202,43839
263179993567,44,30,receive,263179950177,43390
263180005304,94,30,receive,263179961384,43920
263180005991,72,32,receive,263179967689,38302
263180006682,88,31,receive,263179968919,37763
263180007366,18,32,receive,263179969563,37803
263180008061,10,32,receive,263179969789,38272
263180008745,84,30,receive,263179974066,34679
263180025547,100,30,receive,263179974018,51529
263180026058,34,31,receive,263179977026,49032
263180026570,20,32,receive,263179977443,49127
263180027088,86,32,receive,263179978431,48657
263180027597,46,32,receive,263179981616,45981
263180028109,66,30,receive,263179983439,44670
263180028625,32,30,receive,263179984466,44159
263180048564,24,33,receive,263179974789,73775
263180049155,16,30,receive,263179987194,61961
263180049741,90,32,receive,263179988103,61638
263180050283,30,31,receive,263179982491,67792
263180050798,70,32,receive,263180001075,49723
263180051406,2,29,receive,263180014142,37264
263180071116,82,33,receive,263180014012,57104
263180071805,68,33,receive,263180014810,56995
263180072400,50,30,receive,263180007008,65392
263180076966,40,32,receive,263180016632,60334
263180077655,28,32,receive,263180019300,58355
263180091381,76,30,receive,263180019715,71666
263180092057,6,31,receive,263180033588,58469
263180092748,78,31,receive,263180034595,58153
263180093514,52,32,receive,263180034015,59499
263180094177,38,30,receive,263180036511,57666
263180094864,56,31,receive,263180036971,57893
263180115552,60,32,receive,263180040008,75544
263180116236,4,31,receive,263180042017,74219
263180116922,92,32,receive,263180043286,73636
263180117617,36,31,receive,263180046950,70667
263180118300,12,33,receive,263180052659,65641
263180118980,26,31,receive,263180054092,64888
263180147752,96,32,receive,263180072373,75379
263180148437,44,31,receive,263180076469,71968
263180149112,10,33,receive,263180079920,69192
263180149784,64,31,receive,263180088267,61517
263180150460,74,30,receive,263180093146,57314
263180178157,86,33,receive,263180096401,81756
263180178820,98,32,receive,263180097445,81375
263180179501,54,32,receive,263180098076,81425
263180180178,14,32,receive,263180104411,75767
263180180845,80,32,receive,263180104730,76115
263180199251,20,33,receive,263180106065,93186
263180199924,8,31,receive,263180108462,91462
263180200603,18,33,receive,263180112538,88065
263180201278,70,33,receive,263180112920,88358
263180209515,62,31,receive,263180121673,87842
263180210199,32,31,receive,263180124829,85370
263180215483,88,32,receive,263180133014,82469
263180216162,22,34,receive,263180132460,83702
263180216833,34,32,receive,263180140713,76120
263180223326,48,31,receive,263180141127,82199
263180223998,58,32,receive,263180146410,77588
263180228983,16,31,receive,263180152249,76734
263180229666,4,32,receive,263180152263,77403
263180230343,2,30,receive,263180153009,77334
263180233833,76,31,receive,263180155509,78324
263180234526,12,34,receive,263180157892,76634
263180235213,60,33,receive,263180160598,74615
263180235939,92,33,receive,263180163120,72819
263180236648,84,31,receive,263180151349,85299
263180237360,90,33,receive,263180167343,70017
263180238071,68,34,receive,263180172892,65179
263180238770,66,31,receive,263180178071,60699
263180239494,24,34,receive,263180184810,54684
263180240189,52,33,receive,263180189124,51065
263180240879,50,31,receive,263180198195,42684
263180241578,56,32,receive,263180207132,34446
263180242265,20,34,receive,263180210159,32106
263180242958,6,32,receive,263180218823,24135
263180243655,78,32,receive,263180221672,21983
263180244348,38,31,receive,263180224216,20132
263180245054,54,33,receive,263180226205,18849
263180245766,28,33,receive,263180230879,14887
263180246450,8,32,receive,263180245255,1195
263180248066,62,32,receive,263180245733,2333
263180249689,32,32,receive,263180249333,356
263180251165,26,32,receive,263180250815,350
263180251961,36,32,receive,263180251179,782
263180252781,70,34,receive,263180252134,647
263180258227,44,32,receive,263180257805,422
263180261381,96,33,receive,263180260871,510
263180262062,86,34,receive,263180260875,1187
263180270890,18,34,receive,263180270387,503
263180275459,98,33,receive,263180274943,516
263180276978,10,34,receive,263180275949,1029
263180281810,48,32,receive,263180281368,442
263180284900,64,32,receive,263180284410,490
263180294990,14,33,receive,263180294529,461
263180295632,74,31,receive,263180294808,824
263180297428,2,31,receive,263180296663,765
263180299396,16,32,receive,263180298974,422
263180300479,12,35,receive,263180300069,410
263180302134,58,33,receive,263180300761,1373
263180302873,22,35,receive,263180302475,398
263180318537,80,33,receive,263180317007,1530
263180319305,88,33,receive,263180318631,674
263180320606,92,34,receive,263180319409,1197
263180324200,66,32,receive,263180320758,3442
263180324699,56,33,receive,263180321239,3460
263180330314,34,33,receive,263180321963,8351
263180335196,50,32,receive,263180333806,1390
263180335809,60,34,receive,263180334007,1802
263180339587,24,35,receive,263180336140,3447
263180340137,76,32,receive,263180328449,11688
263180340680,78,33,receive,263180339009,1671
263180344057,20,35,receive,263180343552,505
263180344789,68,35,receive,263180344240,549
263180361242,90,34,receive,263180360611,631
263180362016,4,33,receive,263180361258,758
263180362989,84,32,receive,263180362167,822
263180369107,52,34,receive,263180368124,983
263180372637,44,33,receive,263180370911,1726
263180377836,70,35,receive,263180377199,637
263180379509,8,33,receive,263180378976,533
263180392869,36,33,receive,263180392242,627
263180400236,38,32,receive,263180399620,616
263180402056,14,34,receive,263180401505,551
263180409186,54,34,receive,263180408539,647
263180415583,12,36,receive,263180414944,639
263180416838,6,33,receive,263180416426,412
263180423305,32,33,receive,263180422752,553
263180425030,96,34,receive,263180423301,1729
263180425706,28,34,receive,263180425199,507
263180428131,34,34,receive,263180426421,1710
263180433922,56,34,receive,263180432183,1739
263180434479,26,33,receive,263180432594,1885
263180435094,22,36,receive,263180432889,2205
263180441017,2,32,receive,263180440069,948
263180441610,58,34,receive,263180440661,949
263180454698,16,33,receive,263180446591,8107
263180458068,80,34,receive,263180447756,10312
263180458660,62,33,receive,263180448781,9879
263180459251,86,35,receive,263180449588,9663
263180459809,88,34,receive,263180451612,8197
263180460369,98,34,receive,263180451597,8772
263180466248,18,35,receive,263180455007,11241
263180466909,78,34,receive,263180455191,11718
263180467496,64,33,receive,263180464015,3481
263180468045,76,33,receive,263180465892,2153
263180475617,48,33,receive,263180469890,5727
263180481588,10,35,receive,263180480877,711
263180482327,50,33,receive,263180480907,1420
263180489889,70,36,receive,263180489312,577
263180492085,92,35,receive,263180491497,588
263180492787,60,35,receive,263180491469,1318
263180497992,74,32,receive,263180492191,5801
263180506060,84,33,receive,263180503918,2142
263180516608,14,35,receive,263180515320,1288
263180517375,20,36,receive,263180516803,572
263180533104,66,33,receive,263180531470,1634
263180535671,24,36,receive,263180535138,533
263180539075,68,36,receive,263180537159,1916
263180540720,52,35,receive,263180540235,485
263180546402,4,34,receive,263180545890,512
263180548527,36,34,receive,263180548106,421
263180551954,90,35,receive,263180551445,509
263180554774,34,35,receive,263180554281,493
263180561673,8,34,receive,263180561070,603
263180572062,26,34,receive,263180567436,4626
263180572726,38,33,receive,263180567452,5274
263180573463,32,34,receive,263180571792,1671
263180576073,6,34,receive,263180575577,496
263180580220,64,34,receive,263180579648,572
263180580896,44,34,receive,263180569399,11497
263180582789,18,36,receive,263180580788,2001
263180584921,54,35,receive,263180582483,2438
263180585611,80,35,receive,263180583154,2457
263180586243,86,36,receive,263180584549,1694
263180593059,16,34,receive,263180589938,3121
263180593801,2,33,receive,263180593281,520
263180596482,96,35,receive,263180596011,471
263180611734,62,34,receive,263180611130,604
263180618053,56,35,receive,263180614064,3989
263180618921,74,33,receive,263180614494,4427
263180619602,98,35,receive,263180618389,1213
263180621667,28,35,receive,263180621236,431
263180623731,10,36,receive,263180623287,444
263180630293,78,35,receive,263180629746,547
263180633409,12,37,receive,263180632895,514
263180637775,22,37,receive,263180637253,522
263180642919,50,34,receive,263180641357,1562
263180644404,58,35,receive,263180642930,1474
263180648634,88,35,receive,263180646517,2117
263180649318,92,36,receive,263180646707,2611
263180655301,76,34,receive,263180654676,625
263180657702,70,37,receive,263180655974,1728
263180662933,48,34,receive,263180660914,2019
263180682550,68,37,receive,263180681890,660
263180689651,90,36,receive,263180683994,5657
263180690681,26,35,receive,263180684469,6212
263180691333,60,36,receive,263180684805,6528
263180691976,20,37,receive,263180689811,2165
263180698403,36,35,receive,263180690173,8230
263180699446,34,36,receive,263180694189,5257
263180700105,8,35,receive,263180695419,4686
263180700754,14,36,receive,263180698223,2531
263180701410,86,37,receive,263180698441,2969
263180708032,84,34,receive,263180704014,4018
263180708688,52,36,receive,263180704688,4000
263180712751,66,34,receive,263180711730,1021
263180723077,2,34,receive,263180721942,1135
263180723717,18,37,receive,263180722086,1631
263180726862,32,35,receive,263180722696,4166
263180732167,16,35,receive,263180728336,3831
263180732574,24,37,receive,263180728712,3862
263180732977,62,35,receive,263180730174,2803
263180738174,10,37,receive,263180736630,1544
263180749213,64,35,receive,263180748584,629
263180758563,92,37,receive,263180757979,584
263180763672,6,35,receive,263180760416,3256
263180764112,56,36,receive,263180761482,2630
263180764535,28,36,receive,263180763085,1450
263180766116,96,36,receive,263180765187,929
263180768249,4,35,receive,263180767456,793
263180774663,54,36,receive,263180771722,2941
263180779330,44,35,receive,263180778733,597
263180782440,74,34,receive,263180778918,3522
263180784018,22,38,receive,263180783443,575
263180790577,38,34,receive,263180789741,836
263180793215,50,35,receive,263180792509,706
263180801980,98,36,receive,263180801103,877
263180805458,80,36,receive,263180803409,2049
263180807360,86,38,receive,263180806006,1354
263180807944,60,37,receive,263180807513,431
263180813228,78,36,receive,263180809743,3485
263180813636,88,36,receive,263180810375,3261
263180816606,8,36,receive,263180811852,4754
263180822809,66,35,receive,263180821832,977
263180830035,2,35,receive,263180829427,608
263180834505,36,36,receive,263180830915,3590
263180835169,70,38,receive,263180832009,3160
263180837235,26,36,receive,263180834862,2373
263180838810,12,38,receive,263180837232,1578
263180840646,58,36,receive,263180839123,1523
263180842208,90,37,receive,263180840666,1542
263180842840,18,38,receive,263180841048,1792
263180865494,52,37,receive,263180860319,5175
263180866104,14,37,receive,263180862252,3852
263180866710,16,36,receive,263180864007,2703
263180867987,48,35,receive,263180867079,908
263180870933,62,36,receive,263180869012,1921
263180871362,20,38,receive,263180870351,1011
263180872904,76,35,receive,263180871331,1573
263180873324,28,37,receive,263180871992,1332
263180877792,32,36,receive,263180876244,1548
263180885634,84,35,receive,263180884679,955
263180888213,24,38,receive,263180885834,2379
263180895211,68,38,receive,263180893360,1851
263180895926,64,36,receive,263180893830,2096
263180907635,34,37,receive,263180905707,1928
263180908681,4,36,receive,263180907959,722
263180913218,6,36,receive,263180911424,1794
263180914583,80,37,receive,263180914092,491
263180918096,54,37,receive,263180915873,2223
263180932146,74,35,receive,263180931543,603
263180936893,60,38,receive,263180933563,3330
263180937483,92,38,receive,263180935307,2176
263180939719,86,39,receive,263180937416,2303
263180941118,10,38,receive,263180940645,473
263180941951,22,39,receive,263180941386,565
263180946103,2,36,receive,263180945589,514
263180946805,78,37,receive,263180945956,849
263180956324,96,37,receive,263180955181,1143
263180962639,44,36,receive,263180961549,1090
263180965411,66,36,receive,263180964304,1107
263180966749,56,37,receive,263180965388,1361
263180968977,58,37,receive,263180967165,1812
263180979867,36,37,receive,263180978693,1174
263180982322,38,35,receive,263180981825,497
263180987982,16,37,receive,263180987471,511
263180988581,70,39,receive,263180987488,1093
263180996422,98,37,receive,263180995237,1185
263180998796,26,37,receive,263180997544,1252
263180999389,50,36,receive,263180998319,1070
263181004491,68,39,receive,263181001610,2881
263181005084,88,37,receive,263181001980,3104
263181006733,90,38,receive,263181005634,1099
263181010708,14,38,receive,263181009010,1698
263181014913,8,37,receive,263181014468,445
263181015661,34,38,receive,263181015049,612
263181019162,52,38,receive,263181017683,1479
263181024895,24,39,receive,263181024353,542
263181027982,48,36,receive,263181027519,463
263181036471,64,37,receive,263181036005,466
263181041788,80,38,receive,263181040839,949
263181044692,32,37,receive,263181042020,2672
263181045288,18,39,receive,263181044383,905
263181048898,12,39,receive,263181045110,3788
263181049283,10,39,receive,263181046743,2540
263181051677,84,36,receive,263181051313,364
263181058425,6,37,receive,263181057159,1266
263181059012,62,37,receive,263181058057,955
263181072489,20,39,receive,263181070629,1860
263181075488,4,37,receive,263181074651,837
263181080085,96,38,receive,263181078482,1603
263181081936,78,38,receive,263181081464,472
263181088202,2,37,receive,263181087290,912
263181091237,92,39,receive,263181090033,1204
263181095511,86,40,receive,263181093885,1626
263181097662,54,38,receive,263181096410,1252
263181117831,14,39,receive,263181116665,1166
263181119152,98,38,receive,263181116754,2398
263181128112,74,36,receive,263181126948,1164
263181131604,22,40,receive,263181130619,985
263181138929,58,38,receive,263181138230,699
263181139333,24,40,receive,263181138461,872
263181145359,52,39,receive,263181144339,1020
263181146395,36,38,receive,263181146025,370
263181147600,66,37,receive,263181146238,1362
263181157610,68,40,receive,263181157159,451
263181160930,90,39,receive,263181159958,972
263181165299,26,38,receive,263181164906,393
263181180509,50,37,receive,263181179481,1028
263181182877,8,38,receive,263181182518,359
263181184622,48,37,receive,263181182738,1884
263181186355,10,40,receive,263181185461,894
263181189772,34,39,receive,263181189198,574
263181192866,16,38,receive,263181192421,445
263181197815,88,38,receive,263181196710,1105
263181200471,6,38,receive,263181199994,477
263181203741,4,38,receive,263181202246,1495
263181204339,96,39,receive,263181203709,630
263181213963,2,38,receive,263181212968,995
263181214875,86,41,receive,263181213874,1001
263181217576,80,39,receive,263181215275,2301
263181222438,78,39,receive,263181222059,379
263181231114,20,40,receive,263181229653,1461
263181234852,12,40,receive,263181234403,449
263181236511,74,37,receive,263181235998,513
263181239469,62,38,receive,263181237357,2112
263181240017,64,38,receive,263181237402,2615
263181240847,84,37,receive,263181240232,615
263181242190,32,38,receive,263181241416,774
263181244671,92,40,receive,263181243853,818
263181251053,14,40,receive,263181249947,1106
263181270538,66,38,receive,263181269675,863
263181274350,26,39,receive,263181273258,1092
263181279621,54,39,receive,263181278722,899
263181279971,36,39,receive,263181278906,1065
263181297589,52,40,receive,263181297134,455
263181301163,10,41,receive,263181298959,2204
263181301697,24,41,receive,263181300126,1571
263181306334,22,41,receive,263181304644,1690
263181306699,98,39,receive,263181304907,1792
263181312516,50,38,receive,263181311163,1353
263181316778,68,41,receive,263181316180,598
263181329199,86,42,receive,263181328073,1126
263181335485,80,40,receive,263181334442,1043
263181337618,8,39,receive,263181335785,1833
263181338044,48,38,receive,263181337554,490
263181339685,4,39,receive,263181339348,337
263181342850,58,39,receive,263181341142,1708
263181345867,12,41,receive,263181345013,854
263181354909,90,40,receive,263181354394,515
263181357015,96,40,receive,263181356075,940
263181359629,92,41,receive,263181358120,1509
263181370293,20,41,receive,263181369581,712
263181372861,16,39,receive,263181370869,1992
263181391945,2,39,receive,263181390975,970
263181394066,78,40,receive,263181393077,989
263181394554,34,40,receive,263181393840,714
263181399026,64,39,receive,263181398256,770
263181404826,88,39,receive,263181404009,817
263181405935,6,39,receive,263181404405,1530
263181412224,62,39,receive,263181411382,842
263181412754,52,41,receive,263181412255,499
263181415584,84,38,receive,263181413478,2106
263181420602,66,39,receive,263181419762,840
263181421740,50,39,receive,263181420995,745
263181425657,32,39,receive,263181424353,1304
263181426188,74,38,receive,263181425054,1134
263181439972,86,43,receive,263181436075,3897
263181440503,36,40,receive,263181437524,2979
263181442698,26,40,receive,263181438417,4281
263181443085,98,40,receive,263181438117,4968
263181446371,14,41,receive,263181446009,362
263181447522,8,40,receive,263181447183,339
263181452360,54,40,receive,263181451440,920
263181452955,4,40,receive,263181452391,564
263181474289,58,40,receive,263181472716,1573
263181475459,10,42,receive,263181475125,334
263181482350,92,42,receive,263181481975,375
263181488538,96,41,receive,263181487611,927
263181490272,24,42,receive,263181489084,1188
263181495324,68,42,receive,263181494970,354
263181504035,22,42,receive,263181501208,2827
263181516679,62,40,receive,263181516268,411
263181523651,12,42,receive,263181523286,365
263181527296,90,41,receive,263181526077,1219
263181531665,52,42,receive,263181530744,921
263181534641,20,42,receive,263181534321,320
263181536439,80,41,receive,263181535068,1371
263181538028,48,39,receive,263181537668,360
263181548069,16,40,receive,263181547639,430
263181553071,66,40,receive,263181552659,412
263181555106,6,40,receive,263181554811,295
263181566417,74,39,receive,263181565978,439
263181568723,2,40,receive,263181567712,1011
263181570196,4,41,receive,263181569873,323
263181572409,36,41,receive,263181572084,325
263181574210,84,39,receive,263181573852,358
263181588951,34,41,receive,263181588507,444
263181591013,54,41,receive,263181590708,305
263181593565,64,40,receive,263181592692,873
263181595430,78,41,receive,263181595116,314
263181597233,88,40,receive,263181596903,330
263181601380,8,41,receive,263181600331,1049
263181603006,50,40,receive,263181602653,353
263181606070,86,44,receive,263181605206,864
263181608064,24,43,receive,263181607752,312
263181622105,32,40,receive,263181621174,931
263181631054,14,42,receive,263181630607,447
263181632661,92,43,receive,263181632340,321
263181635139,98,41,receive,263181633846,1293
263181642314,58,41,receive,263181641816,498
263181644255,26,41,receive,263181643775,480
263181660111,22,43,receive,263181659573,538
263181665068,10,43,receive,263181663537,1531
263181665681,68,43,receive,263181665295,386
263181671537,96,42,receive,263181670282,1255
263181673306,74,40,receive,263181672235,1071
263181674875,20,43,receive,263181674014,861
263181680178,80,42,receive,263181679341,837
263181683485,66,41,receive,263181682610,875
263181689663,84,40,receive,263181688770,893
263181690927,36,42,receive,263181690485,442
263181693405,90,42,receive,263181692262,1143
263181696914,6,41,receive,263181696232,682
263181700027,4,42,receive,263181699324,703
263181707056,34,42,receive,263181706249,807
263181715099,62,41,receive,263181711554,3545
263181715551,52,43,receive,263181711759,3792
263181721237,24,44,receive,263181720872,365
263181726033,2,41,receive,263181725192,841
263181733214,12,43,receive,263181729759,3455
263181735940,48,40,receive,263181735552,388
263181736808,16,41,receive,263181736523,285
263181743838,8,42,receive,263181742368,1470
263181748174,50,41,receive,263181747826,348
263181751484,78,42,receive,263181750186,1298
263181754824,26,42,receive,263181754326,498
263181767265,64,41,receive,263181765693,1572
263181778701,92,44,receive,263181777765,936
263181782641,10,44,receive,263181782156,485
263181795223,88,41,receive,263181794219,1004
263181796814,54,42,receive,263181796506,308
263181799208,98,42,receive,263181797935,1273
263181806540,86,45,receive,263181806177,363
263181809901,58,42,receive,263181808983,918
263181812696,20,44,receive,263181812343,353
263181817529,32,41,receive,263181816025,1504
263181818059,14,43,receive,263181816684,1375
263181828536,84,41,receive,263181827074,1462
263181843214,34,43,receive,263181842241,973
263181845097,12,44,receive,263181844257,840
263181850507,80,43,receive,263181850116,391
263181852970,68,44,receive,263181851962,1008
263181855609,22,44,receive,263181855281,328
263181857803,8,43,receive,263181857435,368
263181860261,50,42,receive,263181859068,1193
263181865582,48,41,receive,263181865199,383
263181869599,66,42,receive,263181868670,929
263181872663,24,45,receive,263181869520,3143
263181873197,74,41,receive,263181870085,3112
263181874607,96,43,receive,263181874241,366
263181879827,52,44,receive,263181879289,538
263181882615,36,43,receive,263181881357,1258
263181884205,2,42,receive,263181883515,690
263181885947,4,43,receive,263181885607,340
263181888065,62,42,receive,263181886124,1941
263181897748,6,42,receive,263181896903,845
263181901315,90,43,receive,263181900907,408
263181904994,88,42,receive,263181904586,408
263181907504,26,43,receive,263181907197,307
263181912421,78,43,receive,263181911521,900
263181921772,98,43,receive,263181921369,403
263181924044,64,42,receive,263181923722,322
263181930239,86,46,receive,263181929357,882
263181940015,16,42,receive,263181939278,737
263181944055,92,45,receive,263181943098,957
263181955302,10,45,receive,263181953130,2172
263181976418,20,45,receive,263181975955,463
263181978552,96,44,receive,263181978239,313
263181987042,58,43,receive,263181986658,384
263181989784,14,44,receive,263181989473,311
263181993670,54,43,receive,263181992295,1375
263181994770,2,43,receive,263181994239,531
263181999406,50,43,receive,263181998816,590
263182001694,62,43,receive,263182000485,1209
263182003132,12,45,receive,263182001897,1235
263182005929,68,45,receive,263182005362,567
263182010440,84,42,receive,263182007638,2802
263182010805,6,43,receive,263182008237,2568
263182011859,8,44,receive,263182011540,319
263182014763,66,43,receive,263182013611,1152
263182020415,32,42,receive,263182019650,765
263182021706,74,42,receive,263182020437,1269
263182026340,34,44,receive,263182024962,1378
263182026877,88,43,receive,263182025606,1271
263182029181,78,44,receive,263182027723,1458
263182031018,48,42,receive,263182029208,1810
263182032202,98,44,receive,263182031372,830
263182034554,4,44,receive,263182034213,341
263182037417,24,46,receive,263182035411,2006
263182038824,64,43,receive,263182038379,445
263182041354,80,44,receive,263182040313,1041
263182045775,52,45,receive,263182045338,437
