receive_timestamp,source_vehicle,message_id,event_type,send_timestamp,latency_us
262794901202,40,1,receive,262794639832,261370
262794901833,108,1,receive,262794640838,260995
262794902461,86,1,receive,262794641071,261390
262794903068,234,1,receive,262794641428,261640
262794903700,106,1,receive,262794641533,262167
262794904315,428,1,receive,262794641957,262358
262794904916,392,1,receive,262794641371,263545
262795037455,422,1,receive,262794642630,394825
262795038100,136,1,receive,262794642655,395445
262795038745,142,1,receive,262794643116,395629
262795039374,90,1,receive,262794644062,395312
262795115187,278,1,receive,262794645016,470171
262795115822,132,1,receive,262794645162,470660
262795116469,96,1,receive,262794645700,470769
262795117135,262,1,receive,262794646137,470998
262795117798,82,1,receive,262794647666,470132
262795182421,110,1,receive,262794648198,534223
262795183133,12,1,receive,262794651507,531626
262795183815,372,1,receive,262794651592,532223
262795211405,156,1,receive,262794652107,559298
262795212085,198,1,receive,262794652771,559314
262795212762,186,1,receive,262794653417,559345
262795306073,16,1,receive,262794654371,651702
262795306737,376,1,receive,262794656043,650694
262795307403,582,1,receive,262794656105,651298
262795308085,380,1,receive,262794656620,651465
262795308766,210,1,receive,262794657065,651701
262795412745,580,1,receive,262794657773,754972
262795413449,218,1,receive,262794659052,754397
262795414148,596,1,receive,262794659861,754287
262795414810,50,1,receive,262794660037,754773
262795415475,76,1,receive,262794660045,755430
262795533437,44,1,receive,262794661029,872408
262795534162,592,1,receive,262794664405,869757
262795534830,420,1,receive,262794665047,869783
262795535514,588,1,receive,262794665889,869625
262795553046,150,1,receive,262794668319,884727
262795635553,632,1,receive,262794668908,966645
262795636213,164,1,receive,262794669151,967062
262795636866,384,1,receive,262794669749,967117
262795637529,14,1,receive,262794650105,987424
262795722904,542,1,receive,262794672968,1049936
262795723567,628,1,receive,262794676074,1047493
262795724219,52,1,receive,262794677035,1047184
262795724871,590,1,receive,262794679633,1045238
262795725517,170,1,receive,262794680405,1045112
262795832619,226,1,receive,262794680969,1151650
262795833300,364,1,receive,262794682340,1150960
262795833982,10,1,receive,262794651651,1182331
262795834670,88,1,receive,262794684352,1150318
262795835362,134,1,receive,262794684917,1150445
262795936787,358,1,receive,262794685038,1251749
262795937482,120,1,receive,262794685420,1252062
262795938179,758,1,receive,262794685979,1252200
262795938840,166,1,receive,262794688499,1250341
262795939509,208,1,receive,262794691855,1247654
262796033167,344,1,receive,262794693037,1340130
262796033841,832,1,receive,262794694048,1339793
262796034523,794,1,receive,262794695138,1339385
262796035205,442,1,receive,262794697452,1337753
262796035882,450,1,receive,262794698023,1337859
262796135213,162,1,receive,262794700773,1434440
262796135900,802,1,receive,262794702973,1432927
262796149230,812,1,receive,262794703956,1445274
262796149912,834,1,receive,262794704045,1445867
262796242947,126,1,receive,262794705053,1537894
262796243634,824,1,receive,262794709244,1534390
262796244313,818,1,receive,262794710825,1533488
262796267023,552,1,receive,262794712774,1554249
262796267660,752,1,receive,262794715035,1552625
262796329119,274,1,receive,262794718059,1611060
262796329874,830,1,receive,262794719284,1610590
262796330536,480,1,receive,262794719296,1611240
262796331199,822,1,receive,262794719860,1611339
262796331859,618,1,receive,262794721795,1610064
262796456822,520,1,receive,262794730338,1726484
262796457514,630,1,receive,262794730659,1726855
262796458195,500,1,receive,262794731099,1727096
262796472704,526,1,receive,262794732762,1739942
262796473388,348,1,receive,262794733707,1739681
262796584403,508,1,receive,262794734772,1849631
262796585101,836,1,receive,262794737218,1847883
262796585783,792,1,receive,262794738039,1847744
262796586466,762,1,receive,262794738054,1848412
262796587146,820,1,receive,262794738579,1848567
262796698730,168,1,receive,262794739068,1959662
262796699424,454,1,receive,262794739055,1960369
262796700111,354,1,receive,262794739204,1960907
262796700793,840,1,receive,262794739718,1961075
262796701480,388,1,receive,262794699467,2002013
262796803142,488,1,receive,262794741721,2061421
262796803800,92,1,receive,262794651844,2151956
262796804439,816,1,receive,262794745511,2058928
262796826703,202,1,receive,262794745539,2081164
262796827349,244,1,receive,262794745732,2081617
262796827992,212,1,receive,262794749217,2078775
262796910031,432,1,receive,262794657302,2252729
262796910714,178,1,receive,262794679202,2231512
262796911409,352,1,receive,262794747193,2164216
262796912089,610,1,receive,262794753207,2158882
262796912747,634,1,receive,262794756062,2156685
262797041079,540,1,receive,262794759061,2282018
262797041760,786,1,receive,262794759277,2282483
262797042395,494,1,receive,262794759442,2282953
262797043081,482,1,receive,262794759783,2283298
262797043764,838,1,receive,262794760973,2282791
262797166355,736,1,receive,262794761059,2405296
262797167026,712,1,receive,262794765916,2401110
262797167687,606,1,receive,262794767049,2400638
262797168359,594,1,receive,262794771037,2397322
262797285365,62,1,receive,262794771460,2513905
262797286062,236,1,receive,262794669024,2617038
262797286727,356,1,receive,262794775038,2511689
262797299486,724,1,receive,262794775084,2524402
262797300155,722,1,receive,262794775712,2524443
262797300813,788,1,receive,262794776734,2524079
262797416649,638,1,receive,262794777049,2639600
262797417317,466,1,receive,262794779063,2638254
262797417979,754,1,receive,262794779855,2638124
262797418634,744,1,receive,262794782098,2636536
262797537027,718,1,receive,262794784101,2752926
262797537694,58,1,receive,262794634580,2903114
262797538382,852,1,receive,262794785938,2752444
262797539045,842,1,receive,262794787098,2751947
262797539705,140,1,receive,262794705034,2834671
262797641597,874,1,receive,262794790712,2850885
262797642289,608,1,receive,262794791047,2851242
262797642975,740,1,receive,262794791185,2851790
262797643663,862,1,receive,262794791404,2852259
262797644351,586,1,receive,262794773034,2871317
262797770050,680,1,receive,262794800964,2969086
262797770717,556,1,receive,262794801210,2969507
262797771389,80,1,receive,262794753077,3018312
262797772078,810,1,receive,262794800687,2971391
262797772772,682,1,receive,262794803273,2969499
262797773457,848,1,receive,262794804357,2969100
262797885030,688,1,receive,262794805146,3079884
262797885695,670,1,receive,262794805425,3080270
262797886328,706,1,receive,262794805754,3080574
262797886972,532,1,receive,262794804039,3082933
262797887634,866,1,receive,262794807290,3080344
262798007970,846,1,receive,262794808433,3199537
262798008571,700,1,receive,262794808661,3199910
262798009304,666,1,receive,262794808832,3200472
262798009984,726,1,receive,262794809152,3200832
262798010667,886,1,receive,262794809654,3201013
262798113403,280,1,receive,262794804038,3309365
262798114073,534,1,receive,262794810019,3304054
262798114734,742,1,receive,262794810046,3304688
262798115411,734,1,receive,262794805975,3309436
262798215479,738,1,receive,262794804564,3410915
262798216163,578,1,receive,262794813571,3402592
262798216829,614,1,receive,262794818064,3398765
262798217518,766,1,receive,262794818592,3398926
262798218214,814,1,receive,262794819547,3398667
262798218899,760,1,receive,262794820818,3398081
262798336589,620,1,receive,262794817830,3518759
262798337270,864,1,receive,262794816273,3520997
262798337921,612,1,receive,262794824582,3513339
262798338588,768,1,receive,262794826059,3512529
262798441343,890,1,receive,262794828041,3613302
262798442023,472,1,receive,262794824203,3617820
262798442704,902,1,receive,262794828444,3614260
262798443395,878,1,receive,262794829373,3614022
262798444081,558,1,receive,262794826751,3617330
262798444761,882,1,receive,262794827769,3616992
262798562515,730,1,receive,262794831114,3731401
262798563202,780,1,receive,262794831798,3731404
262798563978,32,1,receive,262794664030,3899948
262798596055,174,1,receive,262794707028,3889027
262798662362,538,1,receive,262794831395,3830967
262798663058,774,1,receive,262794834551,3828507
262798663787,782,1,receive,262794831156,3832631
262798664458,636,1,receive,262794835757,3828701
262798665145,230,1,receive,262794836017,3829128
262798768701,568,1,receive,262794828903,3939798
262798769385,276,1,receive,262794718788,4050597
262798770066,184,1,receive,262794837518,3932548
262798770727,888,1,receive,262794838015,3932712
262798771379,708,1,receive,262794823509,3947870
262798879264,704,1,receive,262794836511,4042753
262798879927,536,1,receive,262794827439,4052488
262798880609,884,1,receive,262794818675,4061934
262798881283,880,1,receive,262794828803,4052480
262798881954,856,1,receive,262794841630,4040324
262798994474,674,1,receive,262794842731,4151743
262798995141,678,1,receive,262794849031,4146110
262798995801,868,1,receive,262794833809,4161992
262798996479,698,1,receive,262794848604,4147875
262798997166,806,1,receive,262794853081,4144085
262799114385,778,1,receive,262794855512,4258873
262799115044,720,1,receive,262794843242,4271802
262799115717,844,1,receive,262794842017,4273700
262799116383,900,1,receive,262794839300,4277083
262799117062,464,1,receive,262794827781,4289281
262799249426,804,1,receive,262794860983,4388443
262799249841,444,1,receive,262794861645,4388196
262799250271,790,1,receive,262794850137,4400134
262799250686,896,1,receive,262794858653,4392033
262799251111,870,1,receive,262794831029,4420082
262799251524,912,1,receive,262794858038,4393486
262799251953,116,1,receive,262794852130,4399823
262799252395,716,1,receive,262794853883,4398512
262799252833,876,1,receive,262794852260,4400573
262799400310,732,1,receive,262794852037,4548273
262799400749,854,1,receive,262794864460,4536289
262799401199,914,1,receive,262794874858,4526341
262799401700,828,1,receive,262794871988,4529712
262799402151,910,1,receive,262794873486,4528665
262799402590,892,1,receive,262794863422,4539168
262799403038,600,1,receive,262794874615,4528423
262799403485,924,1,receive,262794879157,4524328
262799403923,124,2,receive,262794780600,4623323
262799542389,918,1,receive,262794884191,4658198
262799542890,858,1,receive,262794875062,4667828
262799543341,628,2,receive,262794887482,4655859
262799543782,222,1,receive,262794858074,4685708
262799557295,826,1,receive,262794888886,4668409
262799557709,908,1,receive,262794887953,4669756
262799558150,916,1,receive,262794895909,4662241
262799640841,898,1,receive,262794897612,4743229
262799641271,206,1,receive,262794894084,4747187
262799641695,906,1,receive,262794896323,4745372
262799642150,176,1,receive,262794885163,4756987
262799642588,850,1,receive,262794880639,4761949
262799643039,702,1,receive,262794859037,4784002
262799643479,920,1,receive,262794906037,4737442
262799643911,904,1,receive,262794898967,4744944
262799754850,104,1,receive,262794693040,5061810
262799755301,894,1,receive,262794910035,4845266
262799755740,714,1,receive,262794869932,4885808
262799756182,432,2,receive,262794897567,4858615
262799756617,362,1,receive,262794890412,4866205
262799757082,74,2,receive,262794891949,4865133
262799757518,138,1,receive,262794906230,4851288
262799757954,872,1,receive,262794868647,4889307
262799855413,926,1,receive,262794922243,4933170
262799855831,860,1,receive,262794864783,4991048
262799856317,928,1,receive,262794926348,4929969
262799865127,922,1,receive,262794927383,4937744
262799865558,442,2,receive,262794921009,4944549
262799865982,172,1,receive,262794871811,4994171
262799927745,152,1,receive,262794921274,5006471
262799928228,820,2,receive,262794926445,5001783
262799928682,562,1,receive,262794948009,4980673
262799929146,378,1,receive,262794945663,4983483
262799929598,114,1,receive,262794899455,5030143
262799930054,758,2,receive,262794953280,4976774
262799930505,110,2,receive,262794921860,5008645
262799930961,148,1,receive,262794843310,5087651
262800040052,772,1,receive,262794960625,5079427
262800040565,212,2,receive,262794923249,5117316
262800041014,354,2,receive,262794884812,5156202
262800041461,938,1,receive,262794965518,5075943
262800041899,736,2,receive,262794901012,5140887
262800042355,934,1,receive,262794966837,5075518
262800042800,580,2,receive,262794955918,5086882
262800144958,888,2,receive,262794981489,5163469
262800145448,956,1,receive,262794984049,5161399
262800145923,508,2,receive,262794961472,5184451
262800146407,262,2,receive,262794986507,5159900
262800146876,962,1,receive,262794987230,5159646
262800147352,220,1,receive,262794979264,5168088
262800241808,838,2,receive,262794990251,5251557
262800242293,930,1,receive,262794990426,5251867
262800242754,700,2,receive,262794990760,5251994
262800243224,418,1,receive,262794895366,5347858
262800243684,12,2,receive,262794920545,5323139
262800262712,958,1,receive,262794999239,5263473
262800263176,964,1,receive,262795001085,5262091
262800263640,954,1,receive,262795002131,5261509
262800341184,948,1,receive,262795005276,5335908
262800341620,950,1,receive,262795006730,5334890
262800342067,944,1,receive,262795008940,5333127
262800342518,952,1,receive,262795010977,5331541
262800342965,358,2,receive,262795011078,5331887
262800343429,942,1,receive,262795012579,5330850
262800343880,20,2,receive,262794917166,5426714
262800344339,82,2,receive,262795037400,5306939
262800344790,966,1,receive,262795122559,5222231
262800443605,382,1,receive,262795125558,5318047
262800444054,494,2,receive,262795094268,5349786
262800444497,952,2,receive,262795130580,5313917
262800444944,978,1,receive,262795121129,5323815
262800445408,994,1,receive,262795136986,5308422
262800468699,52,2,receive,262795086293,5382406
262800482808,992,1,receive,262795141061,5341747
262800541785,42,2,receive,262794953452,5588333
262800542227,848,2,receive,262795104007,5438220
262800542655,736,3,receive,262795155175,5387480
262800543101,880,2,receive,262795130518,5412583
262800543538,86,2,receive,262795156011,5387527
262800557712,722,2,receive,262795202016,5355696
262800558159,618,2,receive,262795192141,5366018
262800558599,590,2,receive,262795291956,5266643
262800652893,508,3,receive,262795299362,5353531
262800653343,670,2,receive,262795315688,5337655
262800653771,940,2,receive,262795298578,5355193
262800654220,234,3,receive,262795361017,5293203
262800654667,422,3,receive,262795381926,5272741
262800655127,118,2,receive,262795369010,5286117
262800655576,134,3,receive,262795436763,5218813
262800747825,538,3,receive,262795418007,5329818
262800748328,382,2,receive,262795487989,5260339
262800748784,912,2,receive,262795505242,5243542
262800749290,206,2,receive,262795518078,5231212
262800749750,76,3,receive,262795473568,5276182
262800750224,224,2,receive,262795489819,5260405
262800750676,844,2,receive,262795642562,5108114
262800830537,630,2,receive,262795569010,5261527
262800830992,906,2,receive,262795638137,5192855
262800831455,134,4,receive,262795608010,5223445
262800831911,392,3,receive,262795652006,5179905
262800832366,170,2,receive,262795718348,5114018
262800832814,606,2,receive,262795663332,5169482
262800864400,970,2,receive,262795729072,5135328
262800864856,44,2,receive,262795703006,5161850
262800919789,20,3,receive,262795910739,5009050
262800920271,64,3,receive,262795871590,5048681
262800920746,568,3,receive,262795936650,4984096
262800921250,432,4,receive,262795942090,4979160
262800921723,874,3,receive,262795868705,5053018
262800922212,740,2,receive,262795879429,5042783
262800922706,754,3,receive,262795887517,5035189
262800997063,608,2,receive,262795873335,5123728
262800997526,32,2,receive,262795894623,5102903
262800997975,956,3,receive,262795869029,5128946
262800998454,8,3,receive,262795941273,5057181
262800998903,124,3,receive,262796003069,4995834
262800999364,994,3,receive,262795982009,5017355
262800999820,1000,2,receive,262796026321,4973499
262801086315,804,3,receive,262795945672,5140643
262801086774,594,3,receive,262796115211,4971563
262801087248,722,3,receive,262796110546,4976702
262801087716,894,3,receive,262796077084,5010632
262801088156,232,1,receive,262796162729,4925427
262801088584,558,4,receive,262796202006,4886578
262801089018,832,3,receive,262796192006,4897012
262801089451,122,3,receive,262796248761,4840690
262801089895,390,2,receive,262796236387,4853508
262801185860,184,4,receive,262796231366,4954494
262801186336,508,4,receive,262796252212,4934124
262801186802,36,3,receive,262796271006,4915796
262801187277,994,4,receive,262796289469,4897808
262801187735,924,3,receive,262796279006,4908729
262801210381,394,1,receive,262796316468,4893913
262801264039,170,4,receive,262796396475,4867564
262801264493,724,3,receive,262796447734,4816759
262801264949,136,3,receive,262796421005,4843944
262801265410,900,4,receive,262796384978,4880432
262801265858,864,3,receive,262796472166,4793692
262801266321,758,5,receive,262796565164,4701157
262801266772,168,6,receive,262796563580,4703192
262801267235,276,4,receive,262796580509,4686726
262801267685,622,2,receive,262796588598,4679087
262801356850,726,4,receive,262796584902,4771948
262801357319,106,4,receive,262796641135,4716184
262801357788,918,4,receive,262796624082,4733706
262801358260,172,3,receive,262796651879,4706381
262801358720,66,3,receive,262796720281,4638439
262801359193,716,4,receive,262796566203,4792990
262801359653,36,4,receive,262796759916,4599737
262801440634,154,1,receive,262796807577,4633057
262801441120,814,5,receive,262796767230,4673890
262801441585,954,4,receive,262796769803,4671782
262801442052,910,4,receive,262796852255,4589797
262801442514,674,4,receive,262796804668,4637846
262801442977,482,4,receive,262796888730,4554247
262801443449,704,5,receive,262796808735,4634714
262801443910,666,4,receive,262796819524,4624386
262801526989,488,4,receive,262796800485,4726504
262801527469,994,5,receive,262796885006,4642463
262801527940,866,4,receive,262796901011,4626929
262801528416,88,5,receive,262796935417,4592999
262801528871,952,7,receive,262796943017,4585854
262801529341,590,6,receive,262797047472,4481869
262801529803,142,5,receive,262796959329,4570474
262801616271,14,6,receive,262797244308,4371963
262801616703,54,4,receive,262797287009,4329694
262801617159,888,5,receive,262797288568,4328591
262801617602,926,4,receive,262797294004,4323598
262801618063,906,5,receive,262797257410,4360653
262801618513,956,6,receive,262797249006,4369507
262801618958,986,5,receive,262797214009,4404949
262801692451,866,5,receive,262797307795,4384656
262801692906,714,4,receive,262797270205,4422701
262801693371,372,7,receive,262797298323,4395048
262801693819,82,5,receive,262797330060,4363759
262801694282,8,5,receive,262797399440,4294842
262801694741,848,5,receive,262797418087,4276654
262801771222,472,5,receive,262797338797,4432425
262801771676,856,4,receive,262797426128,4345548
262801772148,904,5,receive,262797530452,4241696
262801772607,496,2,receive,262797538303,4234304
262801773061,244,6,receive,262797541641,4231420
262801773515,274,6,receive,262797526987,4246528
262801773956,708,7,receive,262797770427,4003529
262801844884,8,6,receive,262797754466,4090418
262801845344,680,5,receive,262797708978,4136366
262801845787,658,2,receive,262797731385,4114402
262801846290,940,5,receive,262797690967,4155323
262801846734,868,5,receive,262797581292,4265442
262801860111,606,5,receive,262797775332,4084779
262801860580,6,6,receive,262797764984,4095596
262801924059,92,5,receive,262797638603,4285456
262801924524,454,6,receive,262797754223,4170301
262801924984,712,6,receive,262797744490,4180494
262801925518,422,6,receive,262797824784,4100734
262801925975,638,6,receive,262797904012,4021963
262801926457,290,6,receive,262797793356,4133101
262801926911,178,6,receive,262797904640,4022271
262801927373,12,6,receive,262797864006,4063367
262801998658,148,5,receive,262797991070,4007588
262801999125,394,4,receive,262797948007,4051118
262801999576,236,5,receive,262797879458,4120118
262802000031,10,5,receive,262798003006,3997025
262802000498,680,6,receive,262798022232,3978266
262802000950,102,6,receive,262798128012,3872938
262802001416,274,7,receive,262798045398,3956018
262802001867,952,9,receive,262798110523,3891344
262802083822,540,6,receive,262798072744,4011078
262802084265,198,5,receive,262798086203,3998062
262802084696,886,6,receive,262798209008,3875688
262802085140,996,5,receive,262798176295,3908845
262802085573,384,7,receive,262798222013,3863560
262802086013,988,7,receive,262798099530,3986483
262802086476,870,7,receive,262798173006,3913470
262802086933,802,6,receive,262798320157,3766776
262802163422,88,7,receive,262798303560,3859862
262802163869,946,6,receive,262798349115,3814754
262802164327,740,6,receive,262798337581,3826746
262802164779,164,7,receive,262798439365,3725414
262802165254,542,7,receive,262798420011,3745243
262802165705,32,6,receive,262798438666,3727039
262802166164,438,4,receive,262798363230,3802934
262802166612,178,7,receive,262798355146,3811466
262802258457,140,6,receive,262798364725,3893732
262802258890,666,6,receive,262798563008,3695882
262802259338,60,7,receive,262798527270,3732068
262802259763,184,9,receive,262798467315,3792448
262802260195,72,6,receive,262798551378,3708817
262802260615,724,7,receive,262798575007,3685608
262802261042,26,8,receive,262798662012,3599030
262802261472,278,8,receive,262798570919,3690553
262802343688,702,7,receive,262798592092,3751596
262802344161,46,6,receive,262798607382,3736779
262802344624,954,6,receive,262798776687,3567937
262802345083,124,9,receive,262798705751,3639332
262802345534,738,7,receive,262798665099,3680435
262802345975,812,7,receive,262798748187,3597788
262802346434,540,7,receive,262798723309,3623125
262802346882,794,9,receive,262798890140,3456742
262802456360,26,9,receive,262798795357,3661003
262802456802,226,6,receive,262798891013,3565789
262802457262,924,8,receive,262798873442,3583820
262802457704,90,8,receive,262798770681,3687023
262802458154,594,8,receive,262798959834,3498320
262802458592,714,8,receive,262798950152,3508440
262802459057,926,8,receive,262798967270,3491787
262802459521,354,10,receive,262798987627,3471894
262802459975,432,8,receive,262798876420,3583555
262802541489,868,7,receive,262799105733,3435756
262802541954,822,8,receive,262799011361,3530593
262802543083,398,7,receive,262799090051,3453032
262802543532,632,9,receive,262798997006,3546526
262802543993,244,8,receive,262799093141,3450852
262802544476,228,6,receive,262799176006,3368470
262802544943,414,2,receive,262799191007,3353936
262802616145,376,7,receive,262799228925,3387220
262802616612,534,7,receive,262799242007,3374605
262802617086,738,8,receive,262799230195,3386891
262802617548,54,6,receive,262799197942,3419606
262802618011,842,9,receive,262799179006,3439005
262802652356,202,8,receive,262799187683,3464673
262802652824,908,9,receive,262799264332,3388492
262802707830,806,7,receive,262799386357,3321473
262802708301,44,7,receive,262799283194,3425107
262802708766,280,9,receive,262799394970,3313796
262802709243,120,13,receive,262799436833,3272410
262802729862,258,2,receive,262799426203,3303659
262802740010,872,8,receive,262799432255,3307755
262802771230,620,8,receive,262799338994,3432236
262802771687,348,12,receive,262799437411,3334276
262802772145,276,7,receive,262799442254,3329891
262802772595,610,7,receive,262799519011,3253584
262802773059,724,8,receive,262799495101,3277958
262802773510,582,9,receive,262799539008,3234502
262802773964,852,9,receive,262799510402,3263562
262802774428,588,8,receive,262799534054,3240374
262802774881,154,4,receive,262799456550,3318331
262802854034,636,6,receive,262799506493,3347541
262802854498,364,11,receive,262799633218,3221280
262802854945,62,9,receive,262799599006,3255939
262802855405,178,8,receive,262799493203,3362202
262802855864,174,10,receive,262799652006,3203858
