receive_timestamp,source_vehicle,message_id,event_type,send_timestamp,latency_us
262795141546,142,2,receive,262795092212,49334
262795142241,834,2,receive,262795077081,65160
262795142906,972,1,receive,262795096706,46200
262795143574,26,2,receive,262795026885,116689
262795191159,88,2,receive,262795033006,158153
262795191844,970,1,receive,262795098258,93586
262795246405,568,2,receive,262795021119,225286
262795247103,380,2,receive,262795017297,229806
262795264512,988,1,receive,262795103063,161449
262795265212,488,2,receive,262794998425,266787
262795265899,536,2,receive,262795056071,209828
262795368608,968,1,receive,262795108099,260509
262795369308,974,1,receive,262795108579,260729
262795370048,986,1,receive,262795109127,260921
262795370713,980,1,receive,262795113334,257379
262795371379,178,2,receive,262795086010,285369
262795489059,996,1,receive,262795116543,372516
262795489734,886,2,receive,262795051291,438443
262795490412,82,2,receive,262795037400,453012
262795491082,966,1,receive,262795122559,368523
262795491730,382,1,receive,262795125558,366172
262795582938,494,2,receive,262795094268,488670
262795583628,952,2,receive,262795130580,453048
262795584297,978,1,receive,262795121129,463168
262795584953,994,1,receive,262795136986,447967
262795585620,52,2,receive,262795086293,499327
262795699808,992,1,receive,262795141061,558747
262795700490,556,2,receive,262795067005,633485
262795701208,998,1,receive,262795151122,550086
262795714193,990,1,receive,262795143046,571147
262795714844,134,2,receive,262795112506,602338
262795808539,384,2,receive,262795049007,759532
262795809223,120,2,receive,262795115113,694110
262795809957,42,2,receive,262794953452,856505
262795810646,594,2,receive,262795128109,682537
262795811338,372,2,receive,262795117342,693996
262795946099,936,1,receive,262795163022,783077
262795946782,166,2,receive,262795160380,786402
262795947479,274,2,receive,262795127683,819796
262795948189,164,2,receive,262795098347,849842
262795948863,354,3,receive,262795164104,784759
262795949531,480,2,receive,262795083207,866324
262796074550,64,2,receive,262795108346,966204
262796075200,702,2,receive,262795104028,971172
262796075854,790,2,receive,262795139013,936841
262796076531,890,2,receive,262795181759,894772
262796174027,848,2,receive,262795104007,1070020
262796174656,736,3,receive,262795155175,1019481
262796175310,772,2,receive,262795183574,991736
262796175960,234,2,receive,262794962090,1213870
262796176612,150,2,receive,262795192006,984606
262796177267,810,2,receive,262795172580,1004687
262796177916,428,2,receive,262795178010,999906
262796302560,842,2,receive,262795157008,1145552
262796303216,538,2,receive,262795169780,1133436
262796303885,870,2,receive,262795191036,1112849
262796304564,122,2,receive,262795151020,1153544
262796417251,866,2,receive,262795217068,1200183
262796417920,244,2,receive,262795151315,1266605
262796418598,144,1,receive,262795217066,1201532
262796419276,948,2,receive,262795219572,1199704
262796419948,46,2,receive,262795174774,1245174
262796420627,60,2,receive,262795028316,1392311
262796540309,938,2,receive,262795200017,1340292
262796540957,880,2,receive,262795130518,1410439
262796541604,86,2,receive,262795156011,1385593
262796542256,722,2,receive,262795202016,1340240
262796542930,184,2,receive,262795188876,1354054
262796634913,1000,1,receive,262795235958,1398955
262796635589,778,2,receive,262795225615,1409974
262796636261,358,3,receive,262795158156,1478105
262796636933,14,2,receive,262795227167,1409766
262796637610,854,2,receive,262795025945,1611665
262796738978,62,2,receive,262795198065,1540913
262796739633,874,2,receive,262795207780,1531853
262796740303,128,2,receive,262795211230,1529073
262796740976,348,2,receive,262795126019,1614957
262796741685,236,2,receive,262795176062,1565623
262796847143,698,2,receive,262795182874,1664269
262796847808,976,2,receive,262795242365,1605443
262796848482,542,2,receive,262795202559,1645923
262796849154,34,2,receive,262795224006,1625148
262796849800,896,2,receive,262795262010,1587790
262796963870,198,2,receive,262795175713,1788157
262796964549,6,2,receive,262795222621,1741928
262796965225,754,2,receive,262795279349,1685876
262796965899,720,2,receive,262795182834,1783065
262796966576,186,2,receive,262795255131,1711445
262797095267,682,2,receive,262795174077,1921190
262797095939,76,2,receive,262795242141,1853798
262797096596,954,2,receive,262795186367,1910229
262797097239,80,2,receive,262795265363,1831876
262797133500,168,2,receive,262795223810,1909690
262797207267,586,3,receive,262795298077,1909190
262797207941,840,2,receive,262795288011,1919930
262797208602,262,3,receive,262795303009,1905593
262797209272,958,2,receive,262795271506,1937766
262797209917,618,2,receive,262795192141,2017776
262797315315,590,2,receive,262795291956,2023359
262797315969,508,3,receive,262795299362,2016607
262797316635,670,2,receive,262795315688,2000947
262797317300,940,2,receive,262795298578,2018722
262797317937,580,3,receive,262795239149,2078788
262797429271,442,3,receive,262795317101,2112170
262797429934,222,2,receive,262795262006,2167928
262797430608,116,2,receive,262795283474,2147134
262797431284,704,2,receive,262795281568,2149716
262797431934,202,2,receive,262795211565,2220369
262797539117,230,2,receive,262795316860,2222257
262797539774,88,3,receive,262795262006,2277768
262797540441,54,2,receive,262795312072,2228369
262797541124,24,2,receive,262795265106,2276018
262797541803,356,2,receive,262795334689,2207114
262797660839,994,2,receive,262795279482,2381357
262797661518,972,2,receive,262795335015,2326503
262797662195,932,2,receive,262795362451,2299744
262797662876,716,2,receive,262795286512,2376364
262797663550,978,2,receive,262795291139,2372411
262797776875,480,3,receive,262795365448,2411427
262797777532,876,2,receive,262795299282,2478250
262797790023,224,1,receive,262795360803,2429220
262797809872,674,2,receive,262795319006,2490866
262797880177,806,2,receive,262795326007,2554170
262797880835,532,3,receive,262795382857,2497978
262797881537,910,2,receive,262795350269,2531268
262797882201,162,3,receive,262795324648,2557553
262797882878,526,2,receive,262795297210,2585668
262797883546,50,3,receive,262795387475,2496071
262798029247,26,3,receive,262795375402,2653845
262798029896,352,2,receive,262795333283,2696613
262798030539,956,2,receive,262795347798,2682741
262798031200,112,3,receive,262795227563,2803637
262798031859,794,3,receive,262795349072,2682787
262798032523,610,2,receive,262795387010,2645513
262798163509,354,4,receive,262795405501,2758008
262798164178,110,3,receive,262795414267,2749911
262798164846,632,2,receive,262795398098,2766748
262798165520,344,2,receive,262795348014,2817506
262798216580,862,2,receive,262795319006,2897574
262798279706,638,2,receive,262795420640,2859066
262798280392,234,3,receive,262795361017,2919375
262798281055,422,3,receive,262795381926,2899129
262798281725,118,2,receive,262795369010,2912715
262798282403,134,3,receive,262795436763,2845640
262798417159,538,3,receive,262795418007,2999152
262798417839,640,1,receive,262795446205,2971634
262798418520,2,2,receive,262795380007,3038513
262798419199,432,3,receive,262795371008,3048191
262798419845,244,3,receive,262795375374,3044471
262798420500,852,2,receive,262795397064,3023436
262798567789,92,2,receive,262795439214,3128575
262798568446,986,2,receive,262795352838,3215608
262798569110,612,2,receive,262795466222,3102888
262798569757,126,2,receive,262795386102,3183655
262798570408,908,2,receive,262795423009,3147399
262798705026,814,2,receive,262795399084,3305942
262798705675,706,2,receive,262795460020,3245655
262798706336,760,2,receive,262795479730,3226606
262798706989,278,2,receive,262795462010,3244979
262798727401,628,3,receive,262795470139,3257262
262798832025,556,3,receive,262795491005,3341020
262798832684,384,3,receive,262795398006,3434678
262798833304,826,2,receive,262795477450,3355854
262798833948,106,2,receive,262795409827,3424121
262798834616,218,2,receive,262795411014,3423602
262798835295,10,2,receive,262795422099,3413196
262798835967,950,2,receive,262795386486,3449481
262798977801,604,1,receive,262795499076,3478725
262798978498,388,2,receive,262795468008,3510490
262798979179,962,2,receive,262795437072,3542107
262798979870,724,2,receive,262795499152,3480718
262798980548,758,3,receive,262795409919,3570629
262799123208,964,2,receive,262795447010,3676198
262799123893,42,3,receive,262795494475,3629418
262799128709,34,3,receive,262795412512,3716197
262799129378,6,3,receive,262795493676,3635702
262799130045,586,4,receive,262795480620,3649425
262799130732,184,3,receive,262795507964,3622768
262799238148,392,2,receive,262795450629,3787519
262799238932,138,2,receive,262795500064,3738868
262799239604,930,2,receive,262795446115,3793489
262799240285,824,2,receive,262795491367,3748918
262799240970,804,2,receive,262795484006,3756964
262799362656,816,2,receive,262795419597,3943059
262799363335,420,2,receive,262795508505,3854830
262799364011,708,2,receive,262795531189,3832822
262799390545,382,2,receive,262795487989,3902556
262799481526,912,2,receive,262795505242,3976284
262799482207,206,2,receive,262795518078,3964129
262799482880,76,3,receive,262795473568,4009312
262799483553,838,3,receive,262795469159,4014394
262799484225,108,2,receive,262795532031,3952194
262799484887,166,3,receive,262795479005,4005882
262799616468,952,3,receive,262795453290,4163178
262799617143,896,3,receive,262795494009,4123134
262799617815,916,2,receive,262795457417,4160398
262799618495,224,2,receive,262795489819,4128676
262799716628,846,2,receive,262795479006,4237622
262799717308,494,3,receive,262795505525,4211783
262799717980,578,2,receive,262795561339,4156641
262799718632,450,2,receive,262795572557,4146075
262799758502,348,3,receive,262795493735,4264767
262799840884,864,2,receive,262795516693,4324191
262799841563,40,2,receive,262795483259,4358304
262799842258,86,3,receive,262795557225,4285033
262799842935,476,1,receive,262795572060,4270875
262799843616,738,2,receive,262795521983,4321633
262799945312,142,3,receive,262795486529,4458783
262799945965,788,2,receive,262795559530,4386435
262799946645,466,2,receive,262795548393,4398252
262799947305,850,2,receive,262795502006,4445299
262799947975,958,3,receive,262795573518,4374457
262799948628,372,3,receive,262795553842,4394786
262800083295,678,2,receive,262795537007,4546288
262800083971,208,2,receive,262795566356,4517615
262800084632,352,3,receive,262795559887,4524745
262800085366,22,2,receive,262795555186,4530180
262800086055,744,2,receive,262795541610,4544445
262800086707,928,2,receive,262795576207,4510500
262800219879,12,3,receive,262795520504,4699375
262800220552,968,2,receive,262795525987,4694565
262800221208,358,4,receive,262795483103,4738105
262800221866,934,2,receive,262795578622,4643244
262800222521,132,3,receive,262795587556,4634965
262800333328,588,2,receive,262795586010,4747318
262800334010,398,2,receive,262795615009,4719001
262800334636,734,2,receive,262795601499,4733137
262800335299,116,3,receive,262795488851,4846448
262800335953,596,2,receive,262795570092,4765861
262800336610,890,3,receive,262795572281,4764329
262800457426,290,1,receive,262795626425,4831001
262800458113,730,2,receive,262795545268,4912845
262800458791,820,3,receive,262795632840,4825951
262800459444,80,3,receive,262795588010,4871434
262800460130,888,3,receive,262795578104,4882026
262800460781,186,3,receive,262795601564,4859217
262800585710,482,2,receive,262795523779,5061931
262800586373,38,2,receive,262795524005,5062368
262800587031,472,2,receive,262795638005,4949026
262800587689,682,3,receive,262795595246,4992443
262800588333,844,2,receive,262795642562,4945771
262800588988,630,2,receive,262795569010,5019978
262800709949,906,2,receive,262795638137,5071812
262800710601,134,4,receive,262795608010,5102591
262800711294,226,2,receive,262795638811,5072483
262800711976,582,2,receive,262795620067,5091909
262800712642,818,2,receive,262795633105,5079537
262800817487,894,2,receive,262795629083,5188404
262800818151,168,3,receive,262795657536,5160615
262800818807,782,2,receive,262795595033,5223774
262800819482,18,2,receive,262795554865,5264617
262800820146,736,4,receive,262795650081,5170065
262800820823,938,3,receive,262795560006,5260817
262800924693,802,2,receive,262795544016,5380677
262800925363,812,2,receive,262795552158,5373205
262800926045,914,2,receive,262795515185,5410860
262800926724,74,3,receive,262795547996,5378728
262800927413,364,3,receive,262795585828,5341585
262801041127,140,2,receive,262795631081,5410046
262801041798,98,3,receive,262795668205,5373593
262801042471,590,3,receive,262795642006,5400465
262801043141,532,4,receive,262795673062,5370079
262801043796,150,3,receive,262795618193,5425603
262801044459,732,2,receive,262795691449,5353010
262801160407,824,3,receive,262795692714,5467693
262801161066,96,2,receive,262795614422,5546644
262801161727,28,2,receive,262795611132,5550595
262801162472,726,2,receive,262795581494,5580978
262801178065,380,3,receive,262795602080,5575985
262801178750,366,3,receive,262795617548,5561202
262801273844,72,2,receive,262795661006,5612838
262801274535,984,2,receive,262795703009,5571526
262801275220,670,3,receive,262795667006,5608214
262801275896,810,3,receive,262795705012,5570884
262801276586,842,3,receive,262795695142,5581444
262801377324,638,3,receive,262795673010,5704314
262801378010,932,3,receive,262795651223,5726787
262801378692,102,2,receive,262795709011,5669681
262801379372,376,2,receive,262795701163,5678209
262801457191,620,2,receive,262795558682,5898509
262801457850,30,2,receive,262795671254,5786596
262801458537,792,2,receive,262795707007,5751530
262801459248,680,2,receive,262795697262,5761986
262801459936,278,3,receive,262795696717,5763219
262801460622,918,3,receive,262795691008,5769614
262801563523,688,2,receive,262795659837,5903686
262801564189,838,4,receive,262795683311,5880878
262801564847,704,3,receive,262795704197,5860650
262801565492,998,2,receive,262795654010,5911482
262801566148,878,2,receive,262795706010,5860138
262801566805,392,3,receive,262795652006,5914799
262801684197,170,2,receive,262795718348,5965849
262801684868,606,2,receive,262795663332,6021536
262801685533,970,2,receive,262795729072,5956461
262801686201,44,2,receive,262795703006,5983195
262801686853,520,3,receive,262795590006,6096847
262801765845,552,2,receive,262795725289,6040556
262801766506,832,2,receive,262795689345,6077161
262801767167,36,2,receive,262795674391,6092776
262801767823,884,2,receive,262795726031,6041792
262801768482,542,3,receive,262795740080,6028402
262801862172,708,3,receive,262795712245,6149927
262801862846,666,2,receive,262795863006,5999840
262801863514,944,2,receive,262795934594,5928920
262801864181,536,3,receive,262795855006,6009175
262801877621,210,3,receive,262795871005,6006616
262801924375,110,4,receive,262795924567,5999808
262801925075,362,2,receive,262795842006,6083069
262801929730,390,1,receive,262795954037,5975693
262801955397,890,4,receive,262795932006,6023391
262802012571,778,3,receive,262795879389,6133182
262802013269,978,3,receive,262795925408,6087861
262802013969,718,2,receive,262795929093,6084876
262802033197,734,3,receive,262796055011,5978186
262802055836,378,2,receive,262795995902,6059934
262802097872,562,3,receive,262796088567,6009305
262802098561,858,4,receive,262796071127,6027434
262802099232,28,3,receive,262795997939,6101293
262802099895,998,3,receive,262796078008,6021887
262802104746,422,4,receive,262796124822,5979924
262802106063,738,3,receive,262796130211,5975852
262802107505,146,2,receive,262796079135,6028370
262802108981,876,3,receive,262796141140,5967841
262802110593,532,5,receive,262796017817,6092776
262802115029,54,3,receive,262796209407,5905622
262802117209,604,2,receive,262796310386,5806823
262802119998,364,4,receive,262796264010,5855988
262802126613,18,3,receive,262796221124,5905489
262802139880,640,3,receive,262796426578,5713302
262802178473,986,3,receive,262796370009,5808464
262802178922,538,4,receive,262796373153,5805769
262802179519,126,3,receive,262796370236,5809283
262802179968,178,4,receive,262796437692,5742276
262802180419,874,4,receive,262796406452,5773967
262802180866,766,3,receive,262796518321,5662545
262802195242,826,3,receive,262796512092,5683150
262802237209,730,4,receive,262796464831,5772378
262802237742,922,4,receive,262796467330,5770412
262802238238,138,4,receive,262796502376,5735862
262802238704,838,7,receive,262796590130,5648574
262802239190,840,4,receive,262796551486,5687704
262802239836,110,5,receive,262796601580,5638256
262802240500,148,3,receive,262796602347,5638153
262802296922,472,4,receive,262796556221,5740701
262802297574,792,3,receive,262796712645,5584929
262802298245,890,6,receive,262796686200,5612045
262802298905,884,4,receive,262796736010,5562895
262802299567,788,6,receive,262796624794,5674773
262802363239,6,5,receive,262796729150,5634089
262802363902,674,4,receive,262796804668,5559234
262802369023,822,4,receive,262796733796,5635227
262802380772,698,4,receive,262796853476,5527296
262802394532,920,3,receive,262796764913,5629619
262802431711,206,5,receive,262796785104,5646607
262802432372,422,5,receive,262796917560,5514812
262802433037,434,3,receive,262796902602,5530435
262802433695,956,5,receive,262796897329,5536366
262802464119,344,4,receive,262796964006,5500113
262802488674,850,4,receive,262796978779,5509895
262802489365,496,1,receive,262797105771,5383594
262802490021,722,5,receive,262796964011,5526010
262802490675,388,5,receive,262797027869,5462806
262802491334,532,6,receive,262797110691,5380643
262802491990,402,1,receive,262797004071,5487919
262802568011,816,5,receive,262797137434,5430577
262802568668,60,4,receive,262797133713,5434955
262802569328,628,6,receive,262797116099,5453229
262802569986,288,3,receive,262797201006,5368980
262802570667,20,5,receive,262797138062,5432605
262802632969,162,6,receive,262797214717,5418252
262802633661,274,5,receive,262797290598,5343063
262802634352,858,6,receive,262797261439,5372913
262802635041,366,6,receive,262797284957,5350084
262802635700,904,4,receive,262797260138,5375562
262802726064,58,6,receive,262797403261,5322803
262802726743,820,5,receive,262797414852,5311891
262802727403,924,5,receive,262797344871,5382532
262802728087,174,6,receive,262797423489,5304598
262802728744,812,5,receive,262797222137,5506607
262802794430,660,1,receive,262797545559,5248871
262802795093,372,8,receive,262797494006,5301087
262802795754,1000,4,receive,262797491010,5304744
262802816203,950,7,receive,262797549450,5266753
262802874138,904,5,receive,262797530452,5343686
262802874792,80,8,receive,262797645468,5229324
262802875407,210,5,receive,262797540006,5335401
262802876084,628,8,receive,262797543722,5332362
262802889160,538,6,receive,262797573090,5316070
262802936860,930,5,receive,262797602215,5334645
262802937532,868,5,receive,262797581292,5356240
262802938194,606,5,receive,262797775332,5162862
262802938852,92,5,receive,262797638603,5300249
262802939512,702,5,receive,262797764198,5175314
262803003521,772,7,receive,262797813007,5190514
262803004186,768,6,receive,262797908010,5096176
262803004846,80,9,receive,262797883481,5121365
262803005510,620,6,receive,262797838316,5167194
262803006164,590,8,receive,262797917005,5089159
262803006805,926,5,receive,262797800287,5206518
262803079383,972,5,receive,262798034430,5044953
262803079802,790,6,receive,262797964804,5114998
262803080240,830,6,receive,262797831005,5249235
262803080660,118,5,receive,262797903788,5176872
262803081108,534,5,receive,262798032275,5048833
262803081545,232,3,receive,262797935006,5146539
262803081977,938,6,receive,262798207009,4874968
262803152647,782,6,receive,262798190257,4962390
262803153103,822,6,receive,262798214344,4938759
262803153528,40,5,receive,262798132481,5021047
262803153946,828,5,receive,262798121066,5032880
262803154377,966,5,receive,262798369377,4785000
262803154798,894,7,receive,262798406412,4748386
262803179883,792,7,receive,262798200198,4979685
262803180349,656,2,receive,262798308011,4872338
262803180787,432,7,receive,262798360189,4820598
262803222178,406,3,receive,262798412084,4810094
262803222625,414,1,receive,262798409774,4812851
262803223081,700,7,receive,262798364739,4858342
262803223525,568,6,receive,262798343158,4880367
262803223964,724,6,receive,262798309035,4914929
262803224423,208,6,receive,262798422014,4802409
262803224892,754,7,receive,262798478298,4746594
262803279797,962,7,receive,262798473008,4806789
262803280236,2,6,receive,262798551722,4728514
262803280662,122,6,receive,262798527218,4753444
262803289061,24,7,receive,262798541201,4747860
262803289506,992,7,receive,262798614866,4674640
262803289943,58,9,receive,262798706383,4583560
262803290397,86,7,receive,262798676404,4613993
262803290838,892,8,receive,262798715010,4575828
262803349672,782,7,receive,262798685239,4664433
262803350168,38,7,receive,262798750334,4599834
262803350621,156,7,receive,262798760935,4589686
262803351071,384,8,receive,262798754523,4596548
262803351516,126,7,receive,262798672943,4678573
262803351985,896,7,receive,262798805285,4546700
262803352435,780,7,receive,262798694470,4657965
262803352871,364,9,receive,262798846098,4506773
262803410903,366,9,receive,262798970015,4440888
262803411359,762,7,receive,262798800102,4611257
262803411814,170,7,receive,262798986446,4425368
262803412291,928,8,receive,262798914663,4497628
262803423749,136,6,receive,262798945146,4478603
262803440361,538,8,receive,262799079053,4361308
262803440787,936,6,receive,262799109517,4331270
262803482423,30,6,receive,262799092006,4390417
262803482897,222,7,receive,262798993006,4489891
262803483330,752,7,receive,262799142006,4341324
262803483768,744,8,receive,262799112012,4371756
262803484224,392,8,receive,262799175108,4309116
262803484671,450,8,receive,262799213825,4270846
262803485127,970,6,receive,262799166340,4318787
262803485566,406,4,receive,262799247519,4238047
262803557700,992,9,receive,262799250785,4306915
262803558160,10,7,receive,262799359522,4198638
262803558590,886,8,receive,262799308752,4249838
262803559015,938,10,receive,262799371416,4187599
262803559431,758,11,receive,262799401076,4158355
262803559842,614,8,receive,262799396430,4163412
262803560273,612,8,receive,262799406256,4154017
262803560687,104,8,receive,262799349058,4211629
262803612837,590,10,receive,262799371635,4241202
262803613299,170,8,receive,262799390655,4222644
262803613749,594,9,receive,262799415139,4198610
262803618532,668,3,receive,262799544383,4074149
262803618969,646,6,receive,262799569414,4049555
262803619421,74,10,receive,262799490009,4129412
262803619866,372,12,receive,262799589061,4030805
262803668332,634,9,receive,262799620284,4048048
262803668770,704,9,receive,262799687007,3981763
262803669229,712,9,receive,262799711730,3957499
262803669671,276,8,receive,262799690098,3979573
262803670120,406,6,receive,262799773478,3896642
262803670560,140,8,receive,262799827844,3842716
262803670993,538,9,receive,262799800960,3870033
262803704958,8,9,receive,262799677534,4027424
262803705410,936,7,receive,262799767006,3938404
262803705859,578,10,receive,262799826340,3879519
262803706328,38,9,receive,262799947714,3758614
262803706780,596,11,receive,262799871827,3834953
262803707233,234,13,receive,262799941187,3766046
262803707675,392,9,receive,262799969219,3738456
262803751852,628,13,receive,262799959390,3792462
262803752307,558,10,receive,262799914663,3837644
262803752747,822,9,receive,262800051180,3701567
262803753204,838,12,receive,262800031434,3721770
262803753642,414,4,receive,262800049467,3704175
262803777421,100,10,receive,262800038187,3739234
262803777863,50,11,receive,262799999005,3778858
262803796007,126,9,receive,262800023280,3772727
262803796449,788,12,receive,262800206010,3590439
262803796885,62,10,receive,262800158081,3638804
262803797334,390,8,receive,262800179792,3617542
262803797771,248,4,receive,262800207386,3590385
262803798232,500,8,receive,262800228922,3569310
262803798672,638,9,receive,262800326074,3472598
262803859127,30,9,receive,262800303792,3555335
262803859546,678,11,receive,262800314710,3544836
262803859963,508,10,receive,262800307714,3552249
262803860421,560,7,receive,262800288091,3572330
262803860836,488,9,receive,262800246655,3614181
262803861261,840,12,receive,262800465006,3396255
262803861673,814,11,receive,262800403007,3458666
262803862111,288,10,receive,262800464791,3397320
262803862551,470,4,receive,262800438512,3424039
262803862988,868,9,receive,262800420924,3442064
262803918144,916,10,receive,262800458537,3459607
262803918587,156,9,receive,262800556474,3362113
262803919034,12,9,receive,262800512927,3406107
262803919478,986,10,receive,262800501096,3418382
262803919925,38,10,receive,262800597144,3322781
262803920370,614,9,receive,262800431266,3489104
262803964613,332,1,receive,262800599526,3365087
262803965070,744,10,receive,262800710907,3254163
262803965516,790,12,receive,262800676749,3288767
262803965954,252,5,receive,262800693832,3272122
262803966404,198,9,receive,262800692067,3274337
262803966842,64,9,receive,262800628297,3338545
262803967290,212,15,receive,262800763008,3204282
262803967736,926,10,receive,262800816095,3151641
262804021680,932,9,receive,262800706315,3315365
262804022139,432,11,receive,262800808073,3214066
262804022576,914,9,receive,262800782100,3240476
262804023020,924,10,receive,262800745623,3277397
262804023468,182,3,receive,262800916167,3107301
262804023906,180,3,receive,262800903007,3120899
262804024355,870,11,receive,262800917006,3107349
262804024798,466,13,receive,262800879676,3145122
262804082289,376,11,receive,262800905863,3176426
262804082730,520,11,receive,262801039064,3043666
262804083177,812,12,receive,262800964008,3119169
262804083618,790,13,receive,262801022846,3060772
262804084065,826,12,receive,262801035009,3049056
262804084507,604,8,receive,262801029695,3054812
262804084942,994,11,receive,262800986325,3098617
262804125656,788,13,receive,262801100972,3024684
262804126086,786,11,receive,262801103009,3023077
262804126523,300,1,receive,262801186338,2940185
262804126961,906,11,receive,262801127990,2998971
262804127410,638,10,receive,262801043329,3084081
262804127845,562,11,receive,262801189581,2938264
262804128310,866,12,receive,262801224730,2903580
262804128749,654,9,receive,262801269413,2859336
262804180144,442,11,receive,262801278084,2902060
262804180562,646,9,receive,262801260416,2920146
262804180978,958,11,receive,262801286276,2894702
262804181424,102,10,receive,262801365705,2815719
262804181861,884,12,receive,262801340825,2841036
262804182310,252,6,receive,262801384081,2798229
262804182744,794,13,receive,262801389287,2793457
262804233216,876,11,receive,262801374147,2859069
262804233632,208,10,receive,262801451022,2782610
262804234073,698,11,receive,262801432693,2801380
262804234520,660,9,receive,262801409008,2825512
262804234956,832,9,receive,262801424123,2810833
262804235403,654,10,receive,262801418932,2816471
262804235855,864,12,receive,262801472828,2763027
262804236300,8,13,receive,262801534427,2701873
262804236736,944,10,receive,262801520355,2716381
262804289520,80,13,receive,262801462067,2827453
262804289943,174,14,receive,262801575009,2714934
262804290503,568,11,receive,262801472418,2818085
262804290924,58,13,receive,262801706622,2584302
262804291349,188,2,receive,262801674839,2616510
262804300628,914,11,receive,262801667277,2633351
262804309028,214,4,receive,262801660005,2649023
262804340651,500,12,receive,262801711825,2628826
262804341103,152,12,receive,262801722797,2618306
262804341525,856,10,receive,262801702133,2639392
262804341957,656,7,receive,262801765787,2576170
262804342405,470,7,receive,262801756649,2585756
262804342840,380,12,receive,262801773699,2569141
262804343290,410,1,receive,262801868844,2474446
262804343739,210,11,receive,262801848006,2495733
262804398201,612,12,receive,262801840551,2557650
262804398629,990,11,receive,262801869011,2529618
262804399058,986,13,receive,262801823083,2575975
262804399474,496,7,receive,262801899874,2499600
262804399888,394,9,receive,262801918793,2481095
262804400337,920,10,receive,262801922543,2477794
262804400770,912,11,receive,262801894732,2506038
262804445425,960,11,receive,262801998006,2447419
262804445864,604,9,receive,262802000426,2445438
262804446325,976,14,receive,262802000975,2445350
262804446766,614,12,receive,262802011007,2435759
262804447214,144,10,receive,262802021669,2425545
262804447652,906,12,receive,262802061427,2386225
262804448097,50,14,receive,262802075028,2373069
262804448538,436,5,receive,262802038094,2410444
262804448996,480,12,receive,262802078265,2370731
262804500476,28,12,receive,262802050086,2450390
262804500923,826,14,receive,262802094341,2406582
262804501373,586,14,receive,262802074255,2427118
262804501833,246,2,receive,262802089469,2412364
262804502279,74,14,receive,262802101446,2400833
262804502708,788,15,receive,262802125008,2377700
262804503152,444,13,receive,262802080341,2422811
262804503593,236,11,receive,262802084174,2419419
262804533601,174,15,receive,262802097765,2435836
262804555711,658,9,receive,262802103846,2451865
262804556169,726,14,receive,262802096679,2459490
262804556607,686,5,receive,262802164365,2392242
262804557051,836,10,receive,262802157155,2399896
262804557494,986,14,receive,262802188641,2368853
262804557941,430,1,receive,262802114623,2443318
262804558390,342,1,receive,262802177065,2381325
262804558825,172,10,receive,262802192142,2366683
262804580889,366,13,receive,262802186015,2394874
262804581338,956,14,receive,262802187923,2393415
262804581773,568,12,receive,262802255005,2326768
262804582213,978,12,receive,262802207143,2375070
262804582649,824,10,receive,262802206101,2376548
262804583099,158,6,receive,262802238292,2344807
262804583536,614,13,receive,262802201513,2382023
262804644249,102,11,receive,262802259010,2385239
262804644671,414,7,receive,262802284510,2360161
262804645120,994,13,receive,262802275309,2369811
262804645561,708,15,receive,262802278351,2367210
262804646009,210,12,receive,262802293945,2352064
262804662076,336,3,receive,262802340076,2322000
262804662957,608,11,receive,262802360008,2302949
262804663387,54,11,receive,262802358284,2305103
262804663812,126,12,receive,262802327006,2336806
262804684663,622,11,receive,262802353009,2331654
262804685113,536,13,receive,262802429006,2256107
262804685553,398,12,receive,262802386009,2299544
262804685990,20,13,receive,262802412133,2273857
262804696662,470,8,receive,262802420739,2275923
262804699297,638,12,receive,262802413692,2285605
262804703128,414,8,receive,262802465064,2238064
262804712273,188,4,receive,262802468699,2243574
262804712777,22,13,receive,262802464011,2248766
262804713219,678,14,receive,262802457961,2255258
262804715625,874,15,receive,262802482890,2232735
262804721787,608,12,receive,262802506650,2215137
262804722234,902,15,receive,262802480086,2242148
262804722665,136,11,receive,262802508712,2213953
262804741036,708,16,receive,262802542925,2198111
262804741488,32,12,receive,262802443376,2298112
262804741932,372,17,receive,262802549306,2192626
262804742514,934,13,receive,262802638422,2104092
262804743949,58,15,receive,262802565798,2178151
262804744410,556,14,receive,262802624153,2120257
262804744850,816,15,receive,262802601547,2143303
262804745300,308,4,receive,262802650570,2094730
262804745738,932,12,receive,262802687857,2057881
262804762976,656,8,receive,262802721290,2041686
262804763490,190,4,receive,262802713567,2049923
262804763911,442,14,receive,262802670717,2093194
262804764372,88,15,receive,262802735007,2029365
262804771581,258,9,receive,262802720202,2051379
262804773155,374,1,receive,262802805345,1967810
262804787030,940,14,receive,262802782439,2004591
262804799658,726,15,receive,262802781909,2017749
262804800115,76,18,receive,262802805634,1994481
262804800572,20,14,receive,262802830006,1970566
262804801023,92,13,receive,262802868469,1932554
262804801473,362,15,receive,262802880005,1921468
262804801917,338,2,receive,262802875987,1925930
262804802378,98,16,receive,262802806781,1995597
262804802817,930,15,receive,262802927038,1875779
262804830143,192,3,receive,262802885142,1945001
262804830582,210,13,receive,262802942006,1888576
262804831027,468,1,receive,262802941880,1889147
262804831469,772,16,receive,262802902632,1928837
262804831908,58,16,receive,262802945006,1886902
262804832353,920,12,receive,262802993411,1838942
262804832786,148,13,receive,262802976270,1856516
262804860865,912,12,receive,262802962872,1897993
262804861327,986,15,receive,262803025481,1835846
262804861766,302,1,receive,262803039907,1821859
262804862216,52,13,receive,262803044252,1817964
262804862654,86,14,receive,262803102006,1760648
262804863095,658,12,receive,262803124863,1738232
262804863539,956,15,receive,262803110679,1752860
262804893370,772,17,receive,262803175005,1718365
262804893943,610,13,receive,262803101194,1792749
262804894384,380,14,receive,262803116006,1778378
262804894799,478,1,receive,262803176061,1718738
262804895228,152,15,receive,262803169078,1726150
262804895667,244,15,receive,262803161034,1734633
262804896121,166,15,receive,262803159579,1736542
262804896556,328,7,receive,262803139528,1757028
262804896989,190,5,receive,262803127119,1769870
262804924393,978,14,receive,262803155009,1769384
262804924831,22,15,receive,262803149587,1775244
262804925282,976,16,receive,262803182005,1743277
262804925720,270,3,receive,262803224551,1701169
262804926170,342,4,receive,262803172009,1754161
262804926619,276,13,receive,262803113205,1813414
262804954618,252,9,receive,262803209974,1744644
262804955062,360,2,receive,262803192337,1762725
262804955507,662,8,receive,262803228009,1727498
262804959328,98,17,receive,262803258430,1700898
262804963840,310,1,receive,262803218537,1745303
262804967959,806,13,receive,262803259150,1708809
262804968417,18,13,receive,262803224400,1744017
262804968866,646,12,receive,262803274424,1694442
262804986982,214,6,receive,262803283965,1703017
262804987445,394,11,receive,262803281473,1705972
262804987888,312,5,receive,262803282871,1705017
262804988337,934,15,receive,262803343690,1644647
262804988781,110,17,receive,262803359004,1629777
262804989228,942,12,receive,262803315601,1673627
262805000716,80,16,receive,262803349006,1651710
262805001182,386,4,receive,262803343825,1657357
262805006308,980,16,receive,262803322463,1683845
262805010590,658,13,receive,262803304252,1706338
262805011055,380,15,receive,262803344340,1666715
262805011521,424,3,receive,262803379212,1632309
262805011984,862,15,receive,262803388387,1623597
262805012444,526,14,receive,262803419768,1592676
262805026487,492,1,receive,262803373505,1652982
262805030477,368,1,receive,262803422628,1607849
262805034905,372,18,receive,262803388083,1646822
262805035376,40,12,receive,262803427011,1608365
262805035832,308,6,receive,262803440338,1595494
262805036301,686,7,receive,262803445270,1591031
262805036759,968,14,receive,262803489013,1547746
262805059604,864,15,receive,262803439101,1620503
262805060038,194,10,receive,262803443006,1617032
262805060475,436,8,receive,262803558073,1502402
262805071480,258,10,receive,262803546401,1525079
262805072200,330,1,receive,262803563980,1508220
262805072639,554,6,receive,262803555779,1516860
262805083371,386,5,receive,262803570022,1513349
