receive_timestamp,source_vehicle,message_id,event_type,send_timestamp,latency_us
18841302828,86,1,receive,18841300527,2301
18841304272,92,1,receive,18841300736,3536
18841305378,158,1,receive,18841301775,3603
18841306561,34,1,receive,18841301960,4601
18841307710,130,1,receive,18841302267,5443
18841475187,52,1,receive,18841302493,172694
18841475602,28,1,receive,18841302785,172817
18841475986,20,1,receive,18841302921,173065
18841476372,80,1,receive,18841303103,173269
18841476751,36,1,receive,18841304421,172330
18841477155,140,1,receive,18841304658,172497
18841477546,98,1,receive,18841305340,172206
18841477935,154,1,receive,18841309047,168888
18841478323,42,1,receive,18841310243,168080
18841478709,120,1,receive,18841311208,167501
18841479109,54,1,receive,18841311456,167653
18841479507,56,1,receive,18841311654,167853
18841479898,26,1,receive,18841312773,167125
18841645419,86,2,receive,18841317062,328357
18841645797,76,1,receive,18841318245,327552
18841646149,40,1,receive,18841319217,326932
18841646549,140,2,receive,18841322159,324390
18841646943,84,1,receive,18841323743,323200
18841647330,66,1,receive,18841324019,323311
18841647718,70,1,receive,18841326788,320930
18841648691,70,2,receive,18841327272,321419
18841649075,34,2,receive,18841328992,320083
18841649454,100,1,receive,18841329814,319640
18841649846,136,1,receive,18841330056,319790
18841752594,126,1,receive,18841330084,422510
18841752997,96,1,receive,18841331263,421734
18841753379,96,2,receive,18841331899,421480
18841753761,140,3,receive,18841332856,420905
18841754145,102,1,receive,18841332884,421261
18841754530,122,1,receive,18841333860,420670
18841754928,76,2,receive,18841334009,420919
18841755312,120,2,receive,18841334414,420898
18841755694,118,1,receive,18841335105,420589
18841756128,118,2,receive,18841335873,420255
18841756572,140,4,receive,18841337258,419314
18841944874,138,1,receive,18841338523,606351
18841945753,120,3,receive,18841338815,606938
18841946166,56,2,receive,18841339254,606912
18841946564,28,2,receive,18841340023,606541
18841946957,80,2,receive,18841341130,605827
18841947360,6,1,receive,18841341213,606147
18841948098,34,3,receive,18841341509,606589
18841948638,86,3,receive,18841341639,606999
18841949044,38,1,receive,18841341795,607249
18841949620,86,4,receive,18841342029,607591
18841950392,118,3,receive,18841342899,607493
18841950809,140,5,receive,18841345630,605179
18841951219,76,3,receive,18841345913,605306
18841951647,64,1,receive,18841346302,605345
18841952063,10,1,receive,18841346504,605559
18841952489,92,2,receive,18841347742,604747
18841952902,52,2,receive,18841348572,604330
18841953314,140,6,receive,18841348951,604363
18841953742,142,1,receive,18841349378,604364
18841954185,54,2,receive,18841349713,604472
18842050970,120,4,receive,18841350221,700749
18842051414,16,1,receive,18841352218,699196
18842051978,48,1,receive,18841352766,699212
18842052401,8,1,receive,18841353060,699341
18842052860,110,1,receive,18841353267,699593
18842053529,86,5,receive,18841353353,700176
18842054057,158,2,receive,18841354631,699426
18842057610,50,1,receive,18841354700,702910
18842058201,36,2,receive,18841354783,703418
18842059188,154,2,receive,18841355166,704022
18842109525,76,4,receive,18841355306,754219
18842109976,156,1,receive,18841356683,753293
18842110416,20,2,receive,18841357182,753234
18842110873,40,2,receive,18841357689,753184
18842111317,24,1,receive,18841357913,753404
18842111761,192,1,receive,18841358295,753466
18842112204,26,2,receive,18841359280,752924
18842112668,66,2,receive,18841359433,753235
18842113158,30,1,receive,18841360804,752354
18842113639,150,1,receive,18841360895,752744
18842114188,96,3,receive,18841361211,752977
18842114685,132,1,receive,18841361305,753380
18842115123,42,2,receive,18841362809,752314
18842162186,46,1,receive,18841362920,799266
18842162745,114,1,receive,18841364200,798545
18842163238,88,1,receive,18841364557,798681
18842163744,20,3,receive,18841365456,798288
18842164236,96,4,receive,18841365704,798532
18842164740,84,2,receive,18841366799,797941
18842165275,40,3,receive,18841366904,798371
18842165870,120,5,receive,18841367514,798356
18842167109,136,2,receive,18841367664,799445
18842167796,2,1,receive,18841369372,798424
18842168394,80,3,receive,18841369642,798752
18842221257,34,4,receive,18841370016,851241
18842221728,112,1,receive,18841370738,850990
18842222168,78,1,receive,18841372617,849551
18842222615,104,1,receive,18841373015,849600
18842223054,98,2,receive,18841373202,849852
18842223509,184,1,receive,18841373484,850025
18842224002,180,1,receive,18841374003,849999
18842224487,86,6,receive,18841374688,849799
18842224925,60,1,receive,18841375025,849900
18842225380,12,1,receive,18841375431,849949
18842225830,128,1,receive,18841376126,849704
18842277148,136,3,receive,18841376934,900214
18842277704,80,4,receive,18841377901,899803
18842278212,154,3,receive,18841378095,900117
18842278794,126,2,receive,18841378314,900480
18842279329,192,2,receive,18841378700,900629
18842279847,190,1,receive,18841380050,899797
18842280302,124,1,receive,18841380566,899736
18842280782,6,2,receive,18841380910,899872
18842281225,28,3,receive,18841381006,900219
18842281678,146,1,receive,18841381406,900272
18842282128,166,1,receive,18841381576,900552
18842339399,144,1,receive,18841381709,957690
18842339853,62,1,receive,18841382102,957751
18842340315,134,1,receive,18841382195,958120
18842340760,140,7,receive,18841382284,958476
18842341199,164,1,receive,18841382545,958654
18842341639,36,3,receive,18841383315,958324
18842342095,76,5,receive,18841383766,958329
18842342577,76,6,receive,18841383973,958604
18842343021,106,1,receive,18841384342,958679
18842343469,38,2,receive,18841384942,958527
18842343914,102,2,receive,18841385390,958524
18842396555,122,2,receive,18841385759,1010796
18842397010,188,1,receive,18841385938,1011072
18842397458,92,3,receive,18841386262,1011196
18842397919,170,1,receive,18841388448,1009471
18842398367,52,3,receive,18841389199,1009168
18842398813,6,3,receive,18841390009,1008804
18842399274,152,1,receive,18841390024,1009250
18842399732,28,4,receive,18841391342,1008390
18842400218,156,2,receive,18841392769,1007449
18842400660,168,1,receive,18841393182,1007478
18842401106,14,1,receive,18841394788,1006318
18842447662,56,3,receive,18841394879,1052783
18842448102,154,4,receive,18841395438,1052664
18842448538,6,4,receive,18841396300,1052238
18842448991,86,7,receive,18841396895,1052096
18842449436,54,3,receive,18841397175,1052261
18842449882,126,3,receive,18841398254,1051628
18842450333,156,3,receive,18841398552,1051781
18842450791,120,6,receive,18841398863,1051928
18842451238,36,4,receive,18841399133,1052105
18842451811,42,3,receive,18841399372,1052439
18842452277,70,3,receive,18841399851,1052426
18842503812,48,2,receive,18841400154,1103658
18842504273,118,4,receive,18841400269,1104004
18842504715,158,3,receive,18841402023,1102692
18842505161,178,1,receive,18841402480,1102681
18842505626,70,4,receive,18841404117,1101509
18842506069,84,3,receive,18841404244,1101825
18842506509,146,2,receive,18841404704,1101805
18842506948,138,2,receive,18841405178,1101770
18842507432,26,3,receive,18841405602,1101830
18842507872,120,7,receive,18841406062,1101810
18842558150,76,7,receive,18841406334,1151816
18842558601,80,5,receive,18841407310,1151291
18842559045,136,4,receive,18841408450,1150595
18842559495,118,5,receive,18841409639,1149856
18842559944,74,1,receive,18841409941,1150003
18842560397,34,5,receive,18841409983,1150414
18842560849,192,3,receive,18841410163,1150686
18842561297,40,4,receive,18841410392,1150905
18842561746,122,3,receive,18841410490,1151256
18842562304,142,2,receive,18841410654,1151650
18842613467,86,8,receive,18841411176,1202291
18842613920,6,5,receive,18841411424,1202496
18842614372,144,2,receive,18841411857,1202515
18842614823,16,2,receive,18841412216,1202607
18842615275,180,2,receive,18841412571,1202704
18842615717,150,2,receive,18841412613,1203104
18842616173,94,1,receive,18841412614,1203559
18842616613,64,2,receive,18841413663,1202950
18842617062,126,4,receive,18841415105,1201957
18842617478,38,3,receive,18841415464,1202014
18842617902,96,5,receive,18841415720,1202182
18842618347,194,1,receive,18841415814,1202533
18842618772,200,1,receive,18841415786,1202986
18842669885,98,3,receive,18841416110,1253775
18842670362,158,4,receive,18841416244,1254118
18842670819,114,2,receive,18841417053,1253766
18842671280,66,3,receive,18841417220,1254060
18842671738,46,2,receive,18841417578,1254160
18842672204,120,8,receive,18841418274,1253930
18842672692,36,5,receive,18841418363,1254329
18842673183,136,5,receive,18841418779,1254404
18842673637,46,3,receive,18841419594,1254043
18842674091,56,4,receive,18841419746,1254345
18842674572,122,4,receive,18841419853,1254719
18842720315,188,2,receive,18841420914,1299401
18842720774,162,1,receive,18841420931,1299843
18842721223,152,2,receive,18841421553,1299670
18842721695,52,4,receive,18841421620,1300075
18842722153,102,3,receive,18841422110,1300043
18842722607,76,8,receive,18841422313,1300294
18842723059,26,4,receive,18841423914,1299145
18842723525,140,8,receive,18841424670,1298855
18842723977,176,1,receive,18841425565,1298412
18842724428,84,4,receive,18841425678,1298750
18842774106,164,2,receive,18841427217,1346889
18842774564,168,2,receive,18841427524,1347040
18842775015,172,1,receive,18841427625,1347390
18842775481,158,5,receive,18841428464,1347017
18842775943,132,2,receive,18841428579,1347364
18842776394,118,6,receive,18841429393,1347001
18842776869,150,3,receive,18841429975,1346894
18842777336,140,9,receive,18841430860,1346476
18842777791,140,10,receive,18841431015,1346776
18842778244,64,3,receive,18841431338,1346906
18842778694,28,5,receive,18841431670,1347024
18842779157,78,2,receive,18841433479,1345678
18842835003,186,1,receive,18841434160,1400843
18842835470,184,2,receive,18841434274,1401196
18842835911,106,2,receive,18841434815,1401096
18842836374,46,4,receive,18841435295,1401079
18842836837,6,6,receive,18841435479,1401358
18842837325,64,4,receive,18841435682,1401643
18842837781,30,2,receive,18841436304,1401477
18842838235,92,4,receive,18841436913,1401322
18842838705,132,3,receive,18841439057,1399648
18842839160,112,2,receive,18841439377,1399783
18842839619,60,2,receive,18841440018,1399601
18842885359,122,5,receive,18841440303,1445056
18842885815,110,2,receive,18841440292,1445523
18842886268,200,2,receive,18841440539,1445729
18842886751,102,4,receive,18841440645,1446106
18842887207,174,1,receive,18841441323,1445884
18842887673,22,1,receive,18841442093,1445580
18842888161,168,3,receive,18841442346,1445815
18842888612,76,9,receive,18841442614,1445998
18842889083,180,3,receive,18841442729,1446354
18842889548,154,5,receive,18841442939,1446609
18842890024,194,2,receive,18841443033,1446991
18842946457,14,2,receive,18841444078,1502379
18842946915,84,5,receive,18841444999,1501916
18842947390,140,11,receive,18841445235,1502155
18842947839,170,2,receive,18841445630,1502209
18842948293,70,5,receive,18841447520,1500773
18842948746,94,2,receive,18841448245,1500501
18842949218,138,3,receive,18841448355,1500863
18842949670,152,3,receive,18841448425,1501245
18842950129,158,6,receive,18841449746,1500383
18842950579,156,4,receive,18841449772,1500807
18842992928,42,4,receive,18841450340,1542588
18842993381,26,5,receive,18841451198,1542183
18842993835,16,3,receive,18841451391,1542444
18842994316,80,6,receive,18841452503,1541813
18842994782,66,4,receive,18841453576,1541206
18842995237,66,5,receive,18841453741,1541496
18842995690,24,2,receive,18841448067,1547623
18842996145,158,7,receive,18841453944,1542201
18842996609,88,2,receive,18841453971,1542638
18842997066,54,4,receive,18841454004,1543062
18843038402,104,2,receive,18841454291,1584111
18843038856,178,2,receive,18841454596,1584260
18843039314,48,3,receive,18841454817,1584497
18843039766,4,1,receive,18841455267,1584499
18843040230,162,2,receive,18841455911,1584319
18843040686,136,6,receive,18841456378,1584308
18843041152,132,4,receive,18841458545,1582607
18843041618,116,1,receive,18841458675,1582943
18843042094,80,7,receive,18841458793,1583301
18843042549,38,4,receive,18841459804,1582745
18843101178,114,3,receive,18841460010,1641168
18843101689,80,8,receive,18841460010,1641679
18843102172,30,3,receive,18841460014,1642158
18843102626,46,5,receive,18841460061,1642565
18843103079,124,2,receive,18841460306,1642773
18843103543,144,3,receive,18841460404,1643139
18843104023,86,9,receive,18841460496,1643527
18843104490,36,6,receive,18841460778,1643712
18843104974,36,7,receive,18841460926,1644048
18843105426,102,5,receive,18841460907,1644519
18843156211,34,6,receive,18841461034,1695177
18843156669,92,5,receive,18841461229,1695440
18843157137,76,10,receive,18841461908,1695229
18843157596,142,3,receive,18841462051,1695545
18843158057,40,5,receive,18841462518,1695539
18843158537,96,6,receive,18841462581,1695956
18843159037,146,3,receive,18841445866,1713171
18843159496,186,2,receive,18841464273,1695223
18843159947,56,5,receive,18841464548,1695399
18843160440,52,5,receive,18841465177,1695263
18843215589,142,4,receive,18841465292,1750297
18843216067,146,4,receive,18841465413,1750654
18843216536,70,6,receive,18841465807,1750729
18843216991,164,3,receive,18841466073,1750918
18843217465,56,6,receive,18841466766,1750699
18843217930,120,9,receive,18841467642,1750288
18843218409,118,7,receive,18841467833,1750576
18843218872,116,2,receive,18841468028,1750844
18843219344,48,4,receive,18841469240,1750104
18843219808,150,4,receive,18841469460,1750348
18843220293,114,4,receive,18841470010,1750283
18843220800,122,6,receive,18841470009,1750791
18843221260,24,3,receive,18841470696,1750564
18843272109,14,3,receive,18841472058,1800051
18843272570,164,4,receive,18841472296,1800274
18843273027,106,3,receive,18841472359,1800668
18843273512,64,5,receive,18841473159,1800353
18843273965,66,6,receive,18841473980,1799985
18843274420,12,2,receive,18841474171,1800249
18843274882,4,2,receive,18841474744,1800138
18843275329,76,11,receive,18841475188,1800141
18843275782,184,3,receive,18841475362,1800420
18843276232,14,4,receive,18841475441,1800791
18843276753,88,3,receive,18841475477,1801276
18843277217,28,6,receive,18841475984,1801233
18843328861,58,1,receive,18841477068,1851793
18843329334,12,3,receive,18841477429,1851905
18843329789,168,4,receive,18841477870,1851919
18843330255,112,3,receive,18841478966,1851289
18843330709,188,3,receive,18841480010,1850699
18843331160,94,3,receive,18841480009,1851151
18843331607,176,2,receive,18841480316,1851291
18843332064,38,5,receive,18841482074,1849990
18843332537,156,5,receive,18841482489,1850048
18843333033,106,4,receive,18841482810,1850223
18843333514,180,4,receive,18841483696,1849818
18843379779,134,2,receive,18841454589,1925190
18843380269,172,2,receive,18841484065,1896204
18843380733,180,5,receive,18841484890,1895843
18843381180,102,6,receive,18841485708,1895472
18843381643,78,3,receive,18841485852,1895791
18843382099,134,3,receive,18841485922,1896177
18843382552,106,5,receive,18841486074,1896478
18843383001,38,6,receive,18841486237,1896764
18843383456,92,6,receive,18841486565,1896891
18843383919,26,6,receive,18841486611,1897308
18843437104,92,7,receive,18841486773,1950331
18843437582,36,8,receive,18841487170,1950412
18843438040,124,3,receive,18841487563,1950477
18843438493,24,4,receive,18841487568,1950925
18843438945,16,4,receive,18841490023,1948922
18843439411,150,5,receive,18841490256,1949155
18843439866,48,5,receive,18841490373,1949493
18843440330,118,8,receive,18841490458,1949872
18843440792,84,6,receive,18841491411,1949381
18843441243,48,6,receive,18841491606,1949637
18843487325,146,5,receive,18841491771,1995554
18843487797,162,3,receive,18841492037,1995760
18843488277,28,7,receive,18841493230,1995047
18843488747,34,7,receive,18841493323,1995424
18843489236,154,6,receive,18841493365,1995871
18843489753,76,12,receive,18841493501,1996252
18843490231,186,3,receive,18841493599,1996632
18843490696,140,12,receive,18841493723,1996973
18843491244,40,6,receive,18841493863,1997381
18843533070,4,3,receive,18841494259,2038811
18843533557,38,7,receive,18841494423,2039134
18843534041,40,7,receive,18841495035,2039006
18843534515,54,5,receive,18841495395,2039120
18843534964,96,7,receive,18841496054,2038910
18843535458,42,5,receive,18841496142,2039316
18843535932,134,4,receive,18841497883,2038049
18843536417,12,4,receive,18841498154,2038263
18843536916,174,2,receive,18841498346,2038570
18843537432,48,7,receive,18841498843,2038589
18843602207,136,7,receive,18841498920,2103287
18843602677,132,5,receive,18841499405,2103272
18843603135,186,4,receive,18841499788,2103347
18843603586,120,10,receive,18841499893,2103693
18843604056,178,3,receive,18841500596,2103460
18843604508,26,7,receive,18841500840,2103668
18843604958,124,4,receive,18841500880,2104078
18843605448,140,13,receive,18841500933,2104515
18843605923,74,2,receive,18841471475,2134448
18843606375,96,8,receive,18841501222,2105153
18843652931,192,4,receive,18841466300,2186631
18843653412,178,4,receive,18841501778,2151634
18843653889,86,10,receive,18841501849,2152040
18843654383,138,4,receive,18841502033,2152350
18843654861,172,3,receive,18841502322,2152539
18843655328,158,8,receive,18841502289,2153039
18843655785,168,5,receive,18841502511,2153274
18843656240,134,5,receive,18841503120,2153120
18843656724,122,7,receive,18841504033,2152691
18843657200,70,7,receive,18841505238,2151962
18843657666,96,9,receive,18841505408,2152258
18843707541,128,2,receive,18841451092,2256449
18843708048,14,5,receive,18841506824,2201224
18843708513,80,9,receive,18841507479,2201034
18843709002,128,3,receive,18841508148,2200854
18843709459,28,8,receive,18841508538,2200921
18843709920,2,2,receive,18841478221,2231699
18843710401,64,6,receive,18841510539,2199862
18843711057,26,8,receive,18841511030,2200027
18843711605,154,7,receive,18841511583,2200022
18843767484,4,4,receive,18841511611,2255873
18843767965,118,9,receive,18841511777,2256188
18843768442,30,4,receive,18841512035,2256407
18843768918,94,4,receive,18841512680,2256238
18843769381,114,5,receive,18841512876,2256505
18843769848,46,6,receive,18841514651,2255197
18843770941,88,4,receive,18841514878,2256063
18843771403,124,5,receive,18841514983,2256420
18843808183,8,2,receive,18841515097,2293086
18843808666,8,3,receive,18841515283,2293383
18843809111,184,4,receive,18841515603,2293508
18843809561,114,6,receive,18841516092,2293469
18843810020,116,3,receive,18841508921,2301099
18843810486,128,4,receive,18841516592,2293894
18843810967,114,7,receive,18841517257,2293710
18843811427,122,8,receive,18841518240,2293187
18843811878,24,5,receive,18841518855,2293023
18843812328,140,14,receive,18841519145,2293183
18843857998,162,4,receive,18841520028,2337970
18843858483,86,11,receive,18841520079,2338404
18843858950,76,13,receive,18841520782,2338168
18843859402,64,7,receive,18841520789,2338613
18843859869,180,6,receive,18841521117,2338752
18843860350,48,8,receive,18841521129,2339221
18843860822,96,10,receive,18841521628,2339194
18843861285,174,3,receive,18841522068,2339217
18843861749,70,8,receive,18841522470,2339279
18843862208,136,8,receive,18841524167,2338041
18843913979,164,5,receive,18841524328,2389651
18843914455,42,6,receive,18841524508,2389947
18843914937,192,5,receive,18841524910,2390027
18843915404,156,6,receive,18841525765,2389639
18843915871,128,5,receive,18841526827,2389044
18843916336,178,5,receive,18841526988,2389348
18843916820,118,10,receive,18841528989,2387831
18843917294,84,7,receive,18841529671,2387623
18843917735,150,6,receive,18841531116,2386619
18843918210,40,8,receive,18841531365,2386845
18843965322,146,6,receive,18841531387,2433935
18843965794,38,8,receive,18841531695,2434099
18843966252,188,4,receive,18841531881,2434371
18843966704,42,7,receive,18841532761,2433943
18843967159,120,11,receive,18841533253,2433906
18843967631,188,5,receive,18841534140,2433491
18843968105,78,4,receive,18841535175,2432930
18843968561,114,8,receive,18841535472,2433089
18843969012,24,6,receive,18841536082,2432930
18843969481,76,14,receive,18841537023,2432458
18844027776,150,7,receive,18841537333,2490443
18844028246,148,1,receive,18841537877,2490369
18844028712,96,11,receive,18841537926,2490786
18844029174,168,6,receive,18841538653,2490521
18844029658,154,8,receive,18841538835,2490823
18844030140,134,6,receive,18841539377,2490763
18844030596,134,7,receive,18841539530,2491066
18844031091,34,8,receive,18841539584,2491507
18844031578,106,6,receive,18841537066,2494512
18844032044,192,6,receive,18841540292,2491752
18844078857,70,9,receive,18841540685,2538172
18844079344,128,6,receive,18841542078,2537266
18844079802,172,4,receive,18841542152,2537650
18844080315,46,7,receive,18841543130,2537185
18844080787,28,9,receive,18841543860,2536927
18844081267,34,9,receive,18841543855,2537412
18844081742,84,8,receive,18841544085,2537657
18844082189,118,11,receive,18841544269,2537920
18844082648,162,5,receive,18841544304,2538344
18844083102,30,5,receive,18841544287,2538815
18844083546,166,2,receive,18841389871,2693675
18844084008,158,9,receive,18841544666,2539342
18844084474,134,8,receive,18841544681,2539793
18844084935,54,6,receive,18841545284,2539651
18844085396,158,10,receive,18841545832,2539564
18844085885,164,6,receive,18841546640,2539245
18844086344,180,7,receive,18841547371,2538973
18844140024,108,1,receive,18841548209,2591815
18844140499,138,5,receive,18841549309,2591190
18844140977,14,6,receive,18841549873,2591104
18844141442,20,4,receive,18841411866,2729576
18844141911,64,8,receive,18841550149,2591762
18844142358,44,1,receive,18841550178,2592180
18844142832,120,12,receive,18841551474,2591358
18844143278,192,7,receive,18841551593,2591685
18844143733,70,10,receive,18841551916,2591817
18844144196,28,10,receive,18841552038,2592158
18844190604,122,9,receive,18841554838,2635766
18844191084,80,10,receive,18841555980,2635104
18844191549,116,4,receive,18841556215,2635334
18844192012,28,11,receive,18841556211,2635801
18844192493,84,9,receive,18841556371,2636122
18844192949,2,3,receive,18841557184,2635765
18844193405,82,1,receive,18841558026,2635379
18844193868,76,15,receive,18841558303,2635565
18844194339,26,9,receive,18841558407,2635932
18844194833,24,7,receive,18841559341,2635492
18844195297,46,8,receive,18841559425,2635872
18844244962,164,7,receive,18841559861,2685101
18844245423,8,4,receive,18841561406,2684017
18844245880,184,5,receive,18841562656,2683224
18844246412,132,6,receive,18841562754,2683658
18844246889,140,15,receive,18841563520,2683369
18844247353,42,8,receive,18841564149,2683204
18844247818,70,11,receive,18841565166,2682652
18844248299,146,7,receive,18841565743,2682556
18844248768,154,9,receive,18841566112,2682656
18844249233,4,5,receive,18841566381,2682852
18844305240,10,2,receive,18841418508,2886732
18844305724,150,8,receive,18841566586,2739138
18844306198,48,9,receive,18841566973,2739225
18844306646,174,4,receive,18841567347,2739299
18844307086,44,2,receive,18841568500,2738586
18844307575,128,7,receive,18841569375,2738200
18844308046,26,10,receive,18841569620,2738426
18844308494,38,9,receive,18841569937,2738557
18844308967,182,1,receive,18841570033,2738934
18844309441,106,7,receive,18841571337,2738104
18844364725,178,6,receive,18841571376,2793349
18844365193,136,9,receive,18841572649,2792544
18844365686,40,9,receive,18841572703,2792983
18844366156,56,7,receive,18841517272,2848884
18844366648,144,4,receive,18841520012,2846636
18844367160,118,12,receive,18841573531,2793629
18844367619,46,9,receive,18841573738,2793881
18844368085,158,11,receive,18841574102,2793983
18844368543,90,1,receive,18841574373,2794170
18844369020,4,6,receive,18841574591,2794429
18844422380,26,11,receive,18841574804,2847576
18844422872,78,5,receive,18841576557,2846315
18844423369,10,3,receive,18841576599,2846770
18844423851,30,6,receive,18841576676,2847175
18844424379,98,4,receive,18841456372,2968007
18844424859,98,5,receive,18841576897,2847962
18844425342,118,13,receive,18841577732,2847610
18844425831,48,10,receive,18841578237,2847594
18844426319,96,12,receive,18841578330,2847989
18844426787,2,4,receive,18841579521,2847266
18844478687,154,10,receive,18841580007,2898680
18844479205,190,2,receive,18841510019,2969186
18844479692,174,5,receive,18841580547,2899145
18844480203,120,13,receive,18841580710,2899493
18844480695,42,9,receive,18841582362,2898333
18844481174,162,6,receive,18841584118,2897056
18844481698,154,11,receive,18841585203,2896495
18844482166,2,5,receive,18841585782,2896384
18844482850,46,10,receive,18841586072,2896778
18844483311,132,7,receive,18841586073,2897238
18844483850,80,11,receive,18841586319,2897531
18844484315,64,9,receive,18841587566,2896749
18844537584,94,5,receive,18841557061,2980523
18844538078,168,7,receive,18841588195,2949883
18844538739,34,10,receive,18841588292,2950447
18844539278,114,9,receive,18841577858,2961420
18844539799,82,2,receive,18841589429,2950370
18844540282,82,3,receive,18841589609,2950673
18844540739,112,4,receive,18841493445,3047294
18844541276,54,7,receive,18841590647,2950629
18844541833,150,9,receive,18841591095,2950738
18844542336,96,13,receive,18841591578,2950758
18844542805,82,4,receive,18841591844,2950961
18844543266,196,1,receive,18841591887,2951379
18844595858,162,7,receive,18841592278,3003580
18844597000,178,7,receive,18841592466,3004534
18844598028,162,8,receive,18841593439,3004589
18844598665,166,3,receive,18841593950,3004715
18844599212,38,10,receive,18841594243,3004969
18844600012,112,5,receive,18841594477,3005535
18844652977,174,6,receive,18841594750,3058227
18844653556,70,12,receive,18841595721,3057835
18844654237,174,7,receive,18841596903,3057334
18844654645,60,3,receive,18841488048,3166597
18844655059,130,2,receive,18841332370,3322689
18844655494,134,9,receive,18841598435,3057059
18844656291,116,5,receive,18841598645,3057646
18844656878,14,7,receive,18841599297,3057581
18844657422,28,12,receive,18841599498,3057924
18844707465,28,13,receive,18841599654,3107811
18844707954,138,6,receive,18841599874,3108080
18844708408,146,8,receive,18841599885,3108523
18844708862,140,16,receive,18841600882,3107980
18844709295,122,10,receive,18841601136,3108159
18844709771,14,8,receive,18841601473,3108298
18844710270,76,16,receive,18841601874,3108396
18844711383,26,12,receive,18841601983,3109400
18844759265,192,8,receive,18841602249,3157016
18844759751,128,8,receive,18841602719,3157032
18844760222,96,14,receive,18841602857,3157365
18844760700,128,9,receive,18841602922,3157778
18844761290,150,10,receive,18841603277,3158013
18844761772,122,11,receive,18841603429,3158343
18844762239,116,6,receive,18841603814,3158425
18844763265,56,8,receive,18841604020,3159245
18844810407,140,17,receive,18841604135,3206272
18844810895,24,8,receive,18841605910,3204985
18844811373,122,12,receive,18841607661,3203712
18844811848,186,5,receive,18841524036,3287812
18844812314,184,6,receive,18841608202,3204112
18844812769,132,8,receive,18841608378,3204391
18844813224,36,9,receive,18841535781,3277443
18844813682,64,10,receive,18841609526,3204156
18844814154,112,6,receive,18841609804,3204350
18844814600,142,5,receive,18841499817,3314783
18844862477,44,3,receive,18841609890,3252587
18844862964,104,3,receive,18841509649,3353315
18844863430,8,5,receive,18841611055,3252375
18844863906,146,10,receive,18841611300,3252606
18844864371,8,6,receive,18841612305,3252066
18844864810,44,4,receive,18841613081,3251729
18844865237,120,14,receive,18841613134,3252103
18844865709,6,7,receive,18841467879,3397830
18844866231,78,6,receive,18841613968,3252263
18844866689,68,1,receive,18841614228,3252461
18844920017,146,11,receive,18841615470,3304547
18844920490,24,9,receive,18841616099,3304391
18844920973,140,18,receive,18841616320,3304653
18844921508,134,10,receive,18841616670,3304838
18844921991,54,8,receive,18841616954,3305037
18844922466,194,3,receive,18841492562,3429904
18844922948,136,10,receive,18841619025,3303923
18844923432,46,11,receive,18841619468,3303964
18844923865,126,5,receive,18841433446,3490419
18844924340,158,12,receive,18841621580,3302760
18844924805,78,7,receive,18841622119,3302686
18844981441,166,4,receive,18841622271,3359170
18844981921,130,3,receive,18841622963,3358958
18844982377,98,6,receive,18841623227,3359150
18844982872,30,7,receive,18841624208,3358664
18844983355,132,9,receive,18841624692,3358663
18844983839,190,3,receive,18841625080,3358759
18844984578,96,15,receive,18841625129,3359449
18844985232,118,14,receive,18841625155,3360077
18844985706,124,6,receive,18841544081,3441625
18844986300,168,8,receive,18841625747,3360553
18845038765,106,8,receive,18841626172,3412593
18845040582,104,4,receive,18841626236,3414346
18845041032,184,7,receive,18841626464,3414568
18845041852,14,9,receive,18841626725,3415127
18845042317,38,11,receive,18841627627,3414690
18845042854,178,8,receive,18841627759,3415095
18845086387,42,10,receive,18841629756,3456631
18845086869,10,4,receive,18841630008,3456861
18845087343,162,9,receive,18841630808,3456535
18845087800,14,10,receive,18841630907,3456893
18845088271,138,7,receive,18841631178,3457093
18845088760,44,5,receive,18841631384,3457376
18845089245,154,12,receive,18841631539,3457706
18845089712,192,9,receive,18841633530,3456182
18845090253,34,11,receive,18841633706,3456547
18845151944,38,12,receive,18841635776,3516168
18845152433,80,12,receive,18841635817,3516616
18845152912,132,10,receive,18841635962,3516950
18845153373,14,11,receive,18841636058,3517315
18845153877,158,13,receive,18841636768,3517109
18845154359,26,13,receive,18841637182,3517177
18845154815,114,10,receive,18841637372,3517443
18845155275,102,7,receive,18841537843,3617432
18845155739,96,16,receive,18841638378,3517361
18845156217,96,17,receive,18841638584,3517633
18845156693,36,10,receive,18841638591,3518102
18845157129,60,4,receive,18841638825,3518304
18845157558,64,11,receive,18841638839,3518719
18845158031,48,11,receive,18841639009,3519022
18845204970,82,5,receive,18841639206,3565764
18845205457,160,1,receive,18841639352,3566105
18845205936,30,8,receive,18841639485,3566451
18845206403,140,19,receive,18841639526,3566877
18845206867,22,2,receive,18841524382,3682485
18845207330,170,3,receive,18841477321,3730009
18845207807,8,7,receive,18841640654,3567153
18845208275,166,5,receive,18841641497,3566778
18845208736,154,13,receive,18841641715,3567021
18845209200,112,7,receive,18841642235,3566965
18845263939,146,12,receive,18841642736,3621203
18845264429,30,9,receive,18841643674,3620755
18845264956,116,7,receive,18841643883,3621073
18845265375,122,13,receive,18841644032,3621343
18845265813,130,4,receive,18841644181,3621632
18845266283,114,11,receive,18841645541,3620742
18845266756,150,11,receive,18841645893,3620863
18845267216,142,6,receive,18841646053,3621163
18845267700,74,3,receive,18841544086,3723614
18845268223,54,9,receive,18841646286,3621937
18845268639,52,6,receive,18841512631,3756008
18845315707,166,6,receive,18841646753,3668954
18845316201,158,14,receive,18841646942,3669259
18845316807,76,17,receive,18841647204,3669603
18845317275,132,11,receive,18841648242,3669033
18845317751,28,14,receive,18841649052,3668699
18845318216,22,3,receive,18841649886,3668330
18845318675,100,2,receive,18841369790,3948885
18845319141,86,12,receive,18841549382,3769759
18845319623,104,5,receive,18841650583,3669040
18845371359,142,7,receive,18841651232,3720127
18845371905,120,15,receive,18841651893,3720012
18845372363,118,15,receive,18841652429,3719934
18845372867,136,11,receive,18841653291,3719576
18845373328,140,20,receive,18841653792,3719536
18845373809,126,6,receive,18841653949,3719860
18845374281,28,15,receive,18841654258,3720023
18845374746,48,12,receive,18841655293,3719453
18845375216,116,8,receive,18841656211,3719005
18845375699,194,4,receive,18841656437,3719262
18845376166,44,6,receive,18841656647,3719519
18845428882,48,13,receive,18841657511,3771371
18845429484,158,15,receive,18841658145,3771339
18845429954,46,12,receive,18841659816,3770138
18845430534,36,11,receive,18841660988,3769546
18845431002,6,8,receive,18841661968,3769034
18845431462,190,4,receive,18841662468,3768994
18845431920,118,16,receive,18841662614,3769306
18845432381,102,8,receive,18841664379,3768002
18845433084,106,9,receive,18841664534,3768550
18845489969,112,8,receive,18841665521,3824448
18845490447,154,14,receive,18841665902,3824545
18845490916,60,5,receive,18841666202,3824714
18845491415,80,13,receive,18841666381,3825034
18845491894,162,10,receive,18841667086,3824808
18845492356,100,3,receive,18841667245,3825111
18845492816,184,8,receive,18841667787,3825029
18845493277,104,6,receive,18841667833,3825444
18845493761,184,9,receive,18841667983,3825778
18845494220,42,11,receive,18841668104,3826116
18845494822,112,9,receive,18841668761,3826061
18845542062,118,17,receive,18841669760,3872302
18845542559,138,8,receive,18841670480,3872079
18845543043,96,18,receive,18841670935,3872108
18845543531,96,19,receive,18841671119,3872412
18845544023,10,5,receive,18841671389,3872634
18845544516,106,10,receive,18841671696,3872820
18845544980,98,7,receive,18841672527,3872453
18845545435,118,18,receive,18841673931,3871504
18845545918,34,12,receive,18841674075,3871843
18845546389,102,9,receive,18841674644,3871745
18845599421,190,5,receive,18841674718,3924703
18845599927,120,16,receive,18841675074,3924853
18845600543,30,10,receive,18841675063,3925480
18845600995,100,4,receive,18841675452,3925543
18845602129,80,14,receive,18841676143,3925986
18845602605,118,19,receive,18841677132,3925473
18845603087,150,12,receive,18841677171,3925916
18845603556,48,14,receive,18841677371,3926185
18845654794,76,18,receive,18841677472,3977322
18845655823,170,4,receive,18841677614,3978209
18845656296,184,10,receive,18841678197,3978099
18845656789,64,12,receive,18841678270,3978519
18845657266,28,16,receive,18841678595,3978671
18845657738,18,1,receive,18841679593,3978145
18845658196,68,2,receive,18841641526,4016670
18845658657,134,11,receive,18841646934,4011723
18845659122,6,9,receive,18841680190,3978932
18845659624,36,12,receive,18841680327,3979297
18845660093,198,1,receive,18841680913,3979180
18845712527,112,10,receive,18841681015,4031512
18845713022,34,13,receive,18841681236,4031786
18845713519,26,14,receive,18841681561,4031958
18845714002,10,6,receive,18841681583,4032419
18845714575,132,12,receive,18841681666,4032909
18845715129,36,13,receive,18841683581,4031548
18845715621,100,5,receive,18841683659,4031962
18845716102,54,10,receive,18841683696,4032406
18845716599,8,8,receive,18841684301,4032298
18845717112,162,11,receive,18841684373,4032739
18845800822,200,3,receive,18841478907,4321915
18845801130,126,7,receive,18841684580,4116550
18845801384,98,8,receive,18841684736,4116648
18845801629,140,21,receive,18841685036,4116593
18845801872,32,1,receive,18841685113,4116759
18845802114,38,13,receive,18841685203,4116911
18845803616,114,12,receive,18841685903,4117713
18845803902,190,6,receive,18841685999,4117903
18845804149,80,15,receive,18841686387,4117762
18845804421,66,7,receive,18841513223,4291198
18845804664,96,20,receive,18841686434,4118230
18845804905,162,12,receive,18841686521,4118384
18845864338,114,13,receive,18841687084,4177254
18845865050,128,10,receive,18841626169,4238881
18845865319,34,14,receive,18841687437,4177882
18845865566,128,11,receive,18841689253,4176313
18845865811,108,2,receive,18841587673,4278138
18845866063,176,3,receive,18841512925,4353138
18845866309,68,3,receive,18841690190,4176119
18845866559,154,15,receive,18841690334,4176225
18845866802,136,12,receive,18841690573,4176229
18845867043,130,5,receive,18841690581,4176462
18845867302,76,19,receive,18841690725,4176577
18845867677,96,21,receive,18841690695,4176982
18845870351,36,14,receive,18841690817,4179534
18845870598,146,9,receive,18841600075,4270523
18845870845,52,7,receive,18841692736,4178109
18845871088,26,15,receive,18841692795,4178293
18845871342,200,4,receive,18841693632,4177710
18845934435,152,4,receive,18841495786,4438649
18845934808,122,14,receive,18841694742,4240066
18845935065,86,13,receive,18841695423,4239642
18845935307,112,11,receive,18841696330,4238977
18845935567,80,16,receive,18841697724,4237843
18845935811,22,4,receive,18841698228,4237583
18845936062,118,20,receive,18841698422,4237640
18845936303,58,2,receive,18841486358,4449945
18845936543,140,22,receive,18841699260,4237283
18845936789,142,8,receive,18841699541,4237248
18845937036,46,13,receive,18841701724,4235312
18845937289,122,15,receive,18841701954,4235335
18845937550,102,10,receive,18841702147,4235403
18845937794,116,9,receive,18841702450,4235344
18845938037,96,22,receive,18841702967,4235070
18845938278,112,12,receive,18841703541,4234737
18845938528,194,5,receive,18841703772,4234756
18845938767,126,8,receive,18841703854,4234913
18845981854,10,7,receive,18841704865,4276989
18845982242,138,9,receive,18841704952,4277290
18845982639,80,17,receive,18841704966,4277673
18845983002,82,6,receive,18841650553,4332449
18845983364,76,20,receive,18841705945,4277419
18845983829,36,15,receive,18841706053,4277776
18845984201,190,7,receive,18841706312,4277889
18845984557,158,16,receive,18841707381,4277176
18845984918,8,9,receive,18841707674,4277244
18845985283,132,13,receive,18841707996,4277287
18845986402,134,12,receive,18841708339,4278063
18845986664,114,14,receive,18841708365,4278299
18845986931,150,13,receive,18841708481,4278450
18845987191,42,12,receive,18841709497,4277694
18845987433,42,13,receive,18841709631,4277802
18845987675,198,2,receive,18841710279,4277396
18845987916,40,10,receive,18841601946,4385970
18845988161,190,8,receive,18841710529,4277632
18846062781,2,6,receive,18841609282,4453499
18846063042,106,11,receive,18841711902,4351140
18846063328,98,9,receive,18841712041,4351287
18846063585,28,17,receive,18841712963,4350622
18846063837,68,4,receive,18841713591,4350246
18846064078,42,14,receive,18841713797,4350281
18846064320,98,10,receive,18841714181,4350139
18846064563,188,6,receive,18841546511,4518052
18846064810,60,6,receive,18841714757,4350053
18846065052,140,23,receive,18841715378,4349674
18846065296,52,8,receive,18841715162,4350134
18846065550,10,8,receive,18841717063,4348487
18846065800,120,17,receive,18841717389,4348411
18846066040,158,17,receive,18841717525,4348515
18846119851,134,13,receive,18841717575,4402276
18846120129,10,9,receive,18841719213,4400916
18846120372,28,18,receive,18841719195,4401177
18846120613,142,9,receive,18841719787,4400826
18846120864,106,12,receive,18841720126,4400738
18846122453,12,5,receive,18841561216,4561237
18846122730,188,7,receive,18841720410,4402320
18846122979,32,2,receive,18841720548,4402431
18846123224,164,8,receive,18841601252,4521972
18846123468,36,16,receive,18841721332,4402136
18846123712,172,5,receive,18841569369,4554343
18846123952,86,14,receive,18841722727,4401225
18846124191,152,5,receive,18841722927,4401264
18846124461,142,10,receive,18841723022,4401439
18846155675,54,11,receive,18841723017,4432658
18846155926,64,13,receive,18841723318,4432608
18846156277,160,2,receive,18841678903,4477374
18846156525,184,11,receive,18841723641,4432884
18846156808,170,5,receive,18841723934,4432874
18846157061,88,5,receive,18841544227,4612834
18846157315,114,15,receive,18841725565,4431750
18846157588,158,18,receive,18841725698,4431890
18846157855,106,13,receive,18841726329,4431526
18846158379,130,6,receive,18841726878,4431501
18846158622,100,6,receive,18841727108,4431514
18846158866,46,14,receive,18841727030,4431836
18846159531,38,14,receive,18841727476,4432055
18846159786,136,13,receive,18841727885,4431901
18846186581,130,7,receive,18841728050,4458531
18846186834,128,12,receive,18841728580,4458254
18846187080,154,16,receive,18841728638,4458442
18846187353,120,18,receive,18841729573,4457780
18846187597,182,2,receive,18841597197,4590400
18846187837,72,1,receive,18841730066,4457771
18846188122,66,8,receive,18841730855,4457267
18846188384,8,10,receive,18841730015,4458369
18846188628,60,7,receive,18841732018,4456610
18846188869,70,13,receive,18841613963,4574906
18846353878,28,19,receive,18841733323,4620555
18846354128,94,6,receive,18841636130,4717998
18846354366,22,5,receive,18841733772,4620594
18846354629,184,12,receive,18841733892,4620737
18846354874,84,10,receive,18841601736,4753138
18846355118,118,21,receive,18841734778,4620340
18846355390,34,15,receive,18841734828,4620562
18846355630,152,6,receive,18841735194,4620436
18846355874,134,14,receive,18841735797,4620077
18846356118,60,8,receive,18841736232,4619886
18846356704,68,5,receive,18841736824,4619880
18846356957,110,3,receive,18841486367,4870590
18846357201,74,5,receive,18841737428,4619773
18846357442,102,11,receive,18841737553,4619889
18846357681,64,14,receive,18841737585,4620096
18846357923,52,9,receive,18841737705,4620218
18846358161,84,11,receive,18841738132,4620029
18846358410,134,15,receive,18841738972,4619438
18846358760,92,8,receive,18841535245,4823515
18846359258,74,6,receive,18841740622,4618636
18846359571,74,7,receive,18841740775,4618796
18846359835,38,15,receive,18841741098,4618737
18846479723,50,2,receive,18841428319,5051404
18846481276,96,23,receive,18841741323,4739953
18846481692,194,6,receive,18841741433,4740259
18846481935,98,11,receive,18841741440,4740495
18846482367,198,3,receive,18841741593,4740774
18846482616,120,19,receive,18841741782,4740834
18846549429,122,16,receive,18841742237,4807192
18846549697,80,18,receive,18841742320,4807377
18846550078,184,13,receive,18841743119,4806959
18846551218,56,9,receive,18841646408,4904810
18846551470,26,16,receive,18841744425,4807045
18846551727,128,13,receive,18841744784,4806943
18846551973,142,11,receive,18841746438,4805535
18846552231,170,6,receive,18841747203,4805028
18846552477,182,3,receive,18841747346,4805131
18846552742,42,15,receive,18841747358,4805384
18846552997,140,24,receive,18841747667,4805330
18846553241,22,6,receive,18841747969,4805272
18846553521,116,10,receive,18841748621,4804900
18846553770,120,20,receive,18841749952,4803818
18846554012,178,9,receive,18841674209,4879803
18846554270,144,5,receive,18841578180,4976090
18846554510,156,7,receive,18841563112,4991398
18846554756,144,6,receive,18841750197,4804559
18846554996,80,19,receive,18841751534,4803462
18846599863,54,12,receive,18841753341,4846522
18846600138,144,7,receive,18841753414,4846724
18846600386,56,10,receive,18841753733,4846653
18846600631,76,21,receive,18841754251,4846380
18846600928,72,2,receive,18841754525,4846403
18846601169,88,6,receive,18841725339,4875830
18846601412,100,7,receive,18841755410,4846002
18846601671,90,2,receive,18841588707,5012964
18846601911,36,17,receive,18841755746,4846165
18846602154,22,7,receive,18841756122,4846032
18846602395,66,9,receive,18841756187,4846208
18846602637,144,8,receive,18841756638,4845999
18846639556,142,12,receive,18841756681,4882875
18846749990,170,7,receive,18841757388,4992602
18846750246,134,16,receive,18841758188,4992058
18846750485,186,6,receive,18841635373,5115112
18846750726,192,10,receive,18841684669,5066057
18846750965,114,16,receive,18841758855,4992110
18846751201,118,22,receive,18841759044,4992157
18846751442,130,8,receive,18841759316,4992126
18846751703,118,23,receive,18841760230,4991473
18846751945,174,8,receive,18841650794,5101151
18846752183,22,8,receive,18841761292,4990891
18846752425,54,13,receive,18841765061,4987364
18846752667,34,16,receive,18841765135,4987532
18846752905,170,8,receive,18841765568,4987337
18846839744,10,10,receive,18841765594,5074150
18846921992,60,9,receive,18841765772,5156220
18846922253,16,5,receive,18841548173,5374080
18846922495,120,21,receive,18841766172,5156323
18846922736,110,4,receive,18841766644,5156092
18846922977,110,5,receive,18841766802,5156175
18846923216,34,17,receive,18841767301,5155915
18846923457,168,9,receive,18841633887,5289570
18846923693,140,25,receive,18841767836,5155857
18846923940,42,16,receive,18841768576,5155364
18846924279,16,6,receive,18841769344,5154935
18846924522,66,10,receive,18841769483,5155039
18846924764,190,9,receive,18841770238,5154526
18846925039,86,15,receive,18841772101,5152938
18847035739,28,20,receive,18841771263,5264476
18847036016,110,6,receive,18841772976,5263040
18847036285,8,11,receive,18841773292,5262993
18847036608,122,17,receive,18841774795,5261813
18847036902,80,20,receive,18841774838,5262064
18847037647,56,11,receive,18841775020,5262627
18847037917,118,24,receive,18841775424,5262493
18847038162,198,4,receive,18841775833,5262329
18847038402,140,26,receive,18841776021,5262381
18847038646,158,19,receive,18841776064,5262582
18847038887,186,7,receive,18841776432,5262455
18847039128,46,15,receive,18841776504,5262624
18847039365,136,14,receive,18841777287,5262078
18847039608,96,24,receive,18841777676,5261932
18847039875,102,12,receive,18841779002,5260873
18847040131,152,7,receive,18841779502,5260629
18847071328,30,11,receive,18841708602,5362726
18847071670,52,10,receive,18841781709,5289961
18847071915,68,6,receive,18841781988,5289927
18847072179,186,8,receive,18841782606,5289573
18847072426,182,4,receive,18841782657,5289769
18847072666,186,9,receive,18841783766,5288900
18847072933,186,10,receive,18841783886,5289047
18847073175,8,12,receive,18841785508,5287667
18847073431,156,8,receive,18841785524,5287907
18847073670,82,7,receive,18841711636,5362034
18847073910,148,2,receive,18841574296,5499614
18847074151,74,8,receive,18841788111,5286040
18847074390,120,22,receive,18841788415,5285975
18847074686,76,22,receive,18841788601,5286085
18847074984,46,16,receive,18841788733,5286251
18847191586,180,8,receive,18841572803,5618783
18847191826,186,11,receive,18841789019,5402807
18847192089,110,7,receive,18841789210,5402879
18847192328,120,23,receive,18841790597,5401731
18847192570,80,21,receive,18841781050,5411520
18847192844,4,7,receive,18841603874,5588970
18847193095,90,3,receive,18841792901,5400194
18847193358,116,11,receive,18841793037,5400321
18847193603,36,18,receive,18841793156,5400447
18847288232,48,15,receive,18841720731,5567501
18847288485,190,10,receive,18841794878,5493607
18847288739,52,11,receive,18841797002,5491737
18847289071,136,15,receive,18841797441,5491630
18847289369,88,7,receive,18841797956,5491413
18847289611,68,7,receive,18841798193,5491418
18847289877,34,18,receive,18841798535,5491342
18847290147,42,17,receive,18841798872,5491275
18847290389,100,8,receive,18841799816,5490573
18847290630,170,9,receive,18841799852,5490778
18847290876,196,2,receive,18841600169,5690707
18847291118,78,8,receive,18841636304,5654814
18847291372,96,25,receive,18841800192,5491180
18847291613,68,8,receive,18841800365,5491248
18847291872,166,7,receive,18841676492,5615380
18847292116,66,11,receive,18841800892,5491224
18847292356,108,3,receive,18841727853,5564503
18847292598,182,5,receive,18841802918,5489680
18847292837,180,9,receive,18841804194,5488643
18847334396,168,10,receive,18841805096,5529300
18847334887,144,9,receive,18841805106,5529781
18847336252,116,12,receive,18841805200,5531052
18847336915,144,10,receive,18841805309,5531606
18847337359,136,16,receive,18841805682,5531677
18847337613,42,18,receive,18841806058,5531555
18847337860,86,16,receive,18841807179,5530681
18847338117,114,17,receive,18841807187,5530930
18847338384,74,4,receive,18841691162,5647222
18847338628,42,19,receive,18841809249,5529379
18847338872,130,9,receive,18841809656,5529216
18847339166,122,18,receive,18841811199,5527967
18847339421,186,12,receive,18841811246,5528175
18847339663,100,9,receive,18841811997,5527666
18847339935,118,25,receive,18841812705,5527230
18847340191,116,13,receive,18841813388,5526803
18847340436,56,12,receive,18841813357,5527079
18847340767,96,26,receive,18841813572,5527195
18847369885,152,8,receive,18841813765,5556120
18847370197,170,10,receive,18841814060,5556137
18847370448,34,19,receive,18841814778,5555670
18847370692,22,9,receive,18841807576,5563116
18847370942,198,5,receive,18841815174,5555768
18847371248,162,13,receive,18841727344,5643904
18847371506,74,9,receive,18841815425,5556081
18847371753,140,27,receive,18841815698,5556055
18847371996,56,13,receive,18841816624,5555372
18847372238,90,4,receive,18841817159,5555079
18847372479,140,28,receive,18841817899,5554580
18847372722,8,13,receive,18841818877,5553845
18847372973,126,9,receive,18841739219,5633754
18847373220,140,29,receive,18841820599,5552621
18847373481,158,20,receive,18841822474,5551007
18847373728,28,21,receive,18841822963,5550765
18847373972,78,9,receive,18841824553,5549419
18847374214,104,7,receive,18841699199,5675015
18847427614,104,8,receive,18841825131,5602483
18847427894,68,9,receive,18841825431,5602463
18847428146,118,26,receive,18841825919,5602227
18847428389,24,10,receive,18841641426,5786963
18847428630,110,8,receive,18841826548,5602082
18847428891,20,5,receive,18841591400,5837491
18847429137,34,20,receive,18841828009,5601128
18847429385,126,10,receive,18841828263,5601122
18847429625,180,10,receive,18841828478,5601147
18847429862,116,14,receive,18841828612,5601250
18847430131,4,8,receive,18841829214,5600917
18847430373,58,3,receive,18841742824,5687549
18847430646,68,10,receive,18841829569,5601077
18847430891,150,14,receive,18841717712,5713179
18847431131,100,10,receive,18841831174,5599957
18847431368,86,17,receive,18841831453,5599915
18847431641,96,27,receive,18841831797,5599844
18847431883,22,10,receive,18841832777,5599106
18847432120,78,10,receive,18841832985,5599135
18847432375,8,14,receive,18841833097,5599278
18847490610,182,6,receive,18841833287,5657323
18847490879,186,13,receive,18841833436,5657443
18847491125,22,11,receive,18841834911,5656214
18847491364,120,24,receive,18841835026,5656338
18847491610,136,17,receive,18841835073,5656537
18847491852,16,7,receive,18841797629,5694223
18847492095,36,19,receive,18841835547,5656548
18847492347,36,20,receive,18841836746,5655601
18847492593,76,23,receive,18841837003,5655590
18847492833,22,12,receive,18841837036,5655797
18847493151,162,14,receive,18841838645,5654506
18847495429,130,10,receive,18841839909,5655520
18847495687,200,5,receive,18841716123,5779564
18847495952,24,11,receive,18841841688,5654264
18847496200,96,28,receive,18841842009,5654191
18847496447,136,18,receive,18841842201,5654246
18847496689,88,8,receive,18841842303,5654386
18847496929,80,22,receive,18841842369,5654560
18847497168,132,14,receive,18841742394,5754774
18847497494,110,9,receive,18841843747,5653747
18847497756,78,11,receive,18841845258,5652498
18847497999,42,20,receive,18841846483,5651516
18847498240,24,12,receive,18841846908,5651332
18847498483,52,12,receive,18841847466,5651017
18847498723,106,14,receive,18841775725,5722998
18847498965,16,8,receive,18841848527,5650438
18847499255,12,6,receive,18841758587,5740668
18847591982,56,14,receive,18841851139,5740843
18847592233,168,11,receive,18841851474,5740759
18847592501,150,15,receive,18841852376,5740125
18847592747,18,2,receive,18841716566,5876181
18847592991,76,24,receive,18841853240,5739751
18847593454,112,13,receive,18841741906,5851548
18847593718,58,4,receive,18841853767,5739951
18847593966,56,15,receive,18841854322,5739644
18847594303,114,18,receive,18841854476,5739827
18847594555,92,9,receive,18841790465,5804090
18847594802,104,9,receive,18841826314,5768488
18847595057,104,10,receive,18841855826,5739231
18847595302,34,21,receive,18841856310,5738992
18847595545,100,11,receive,18841856360,5739185
18847595811,22,13,receive,18841857182,5738629
18847596055,2,7,receive,18841734112,5861943
18847596298,164,9,receive,18841770008,5826290
18847596541,106,15,receive,18841857940,5738601
18847596795,18,3,receive,18841858967,5737828
18847597039,170,11,receive,18841859452,5737587
18847709281,52,13,receive,18841859733,5849548
18847709532,140,30,receive,18841859882,5849650
18847709772,124,7,receive,18841638543,6071229
18847710062,28,22,receive,18841860356,5849706
18847710334,76,25,receive,18841861458,5848876
18847710591,44,7,receive,18841664818,6045773
18847710838,180,11,receive,18841861815,5849023
18847711078,22,14,receive,18841862321,5848757
18847711321,90,5,receive,18841862532,5848789
18847711563,114,19,receive,18841862664,5848899
18847711805,162,15,receive,18841862907,5848898
18847712047,70,14,receive,18841741386,5970661
18847712290,56,16,receive,18841864536,5847754
18847771837,140,31,receive,18841866056,5905781
18847772089,186,14,receive,18841866754,5905335
18847772332,98,12,receive,18841757659,6014673
18847772589,52,14,receive,18841866993,5905596
18847772847,130,11,receive,18841867196,5905651
18847773091,186,15,receive,18841867934,5905157
18847773345,176,4,receive,18841726486,6046859
18847773596,182,7,receive,18841868675,5904921
18847773839,126,11,receive,18841869873,5903966
18847774101,194,7,receive,18841779767,5994334
18847805455,14,12,receive,18841677104,6128351
18847805752,4,9,receive,18841870013,5935739
18847806233,36,21,receive,18841870187,5936046
18847806496,118,27,receive,18841870297,5936199
18847806737,68,11,receive,18841870850,5935887
18847806975,92,10,receive,18841871691,5935284
18847807216,178,10,receive,18841769258,6037958
18847807456,104,11,receive,18841873111,5934345
18847807748,162,16,receive,18841873247,5934501
18847807994,120,25,receive,18841873381,5934613
18847808235,104,12,receive,18841876316,5931919
18847808507,100,12,receive,18841876909,5931598
18847808752,116,15,receive,18841878871,5929881
18847808991,56,17,receive,18841879822,5929169
18847809232,132,15,receive,18841880793,5928439
18847809472,114,20,receive,18841880878,5928594
18847809707,176,5,receive,18841882205,5927502
18847872168,64,15,receive,18841741873,6130295
18847872468,182,8,receive,18841883918,5988550
18847872809,6,10,receive,18841730601,6142208
18847873133,148,3,receive,18841813422,6059711
18847874064,34,22,receive,18841885618,5988446
18847874365,54,14,receive,18841801463,6072902
18847874628,126,12,receive,18841886251,5988377
18847874900,36,22,receive,18841886464,5988436
18847875143,6,11,receive,18841885753,5989390
18847875386,100,13,receive,18841888136,5987250
18847875628,148,4,receive,18841888404,5987224
18847875869,88,9,receive,18841889644,5986225
18847876122,52,15,receive,18841890310,5985812
18847876370,96,29,receive,18841890307,5986063
18847876625,68,12,receive,18841892079,5984546
18847876872,100,14,receive,18841892273,5984599
18847877115,62,2,receive,18841595400,6281715
18847877356,78,12,receive,18841892579,5984777
18847909828,114,21,receive,18841893077,6016751
18847910138,90,6,receive,18841893144,6016994
18847910398,52,16,receive,18841893528,6016870
18847910641,100,15,receive,18841894435,6016206
18847910886,42,21,receive,18841895933,6014953
18847911133,32,3,receive,18841744069,6167064
18847911372,170,12,receive,18841896667,6014705
18847911650,168,12,receive,18841896843,6014807
18847911895,172,6,receive,18841763313,6148582
18847912155,150,16,receive,18841898735,6013420
18847912397,138,10,receive,18841743273,6169124
18847912637,16,9,receive,18841898916,6013721
18847912883,180,12,receive,18841899050,6013833
18848022253,192,11,receive,18841761948,6260305
18848023281,12,7,receive,18841900457,6122824
18848023556,164,10,receive,18841900596,6122960
18848023826,58,5,receive,18841902202,6121624
18848024091,164,11,receive,18841902772,6121319
18848024342,132,16,receive,18841904107,6120235
18848024582,130,12,receive,18841904524,6120058
18848024831,162,17,receive,18841905507,6119324
18848025068,22,15,receive,18841905643,6119425
18848025310,162,18,receive,18841906681,6118629
18848025572,100,16,receive,18841907616,6117956
18848025815,2,8,receive,18841907671,6118144
18848026054,144,11,receive,18841810524,6215530
18848026373,178,11,receive,18841881295,6145078
18848026642,4,10,receive,18841909463,6117179
18848026974,158,21,receive,18841866882,6160092
18848027248,28,23,receive,18841910751,6116497
18848027508,174,9,receive,18841789335,6238173
18848027752,172,7,receive,18841912888,6114864
18848027998,196,3,receive,18841826348,6201650
18848028238,186,16,receive,18841914304,6113934
18848028486,62,3,receive,18841914678,6113808
18848028725,62,4,receive,18841914806,6113919
18848028967,138,11,receive,18841915164,6113803
18848029207,52,17,receive,18841915836,6113371
18848148236,68,13,receive,18841916290,6231946
18848148465,140,32,receive,18841916447,6232018
18848148686,2,9,receive,18841916839,6231847
18848149046,34,23,receive,18841910912,6238134
18848149265,8,15,receive,18841881443,6267822
18848149534,54,15,receive,18841917542,6231992
18848149759,12,8,receive,18841917746,6232013
18848149996,82,8,receive,18841804222,6345774
18848150224,146,13,receive,18841690013,6460211
18848150442,184,14,receive,18841759384,6391058
18848150661,186,17,receive,18841920480,6230181
18848150879,104,13,receive,18841921651,6229228
18848151095,88,10,receive,18841921925,6229170
18848151390,154,17,receive,18841779115,6372275
18848151835,22,16,receive,18841923861,6227974
18848152254,28,24,receive,18841924003,6228251
18848152515,164,12,receive,18841924079,6228436
18848152737,170,13,receive,18841925074,6227663
18848152976,28,25,receive,18841925189,6227787
18848153197,66,12,receive,18841805163,6348034
18848153414,38,16,receive,18841767319,6386095
18848153629,48,16,receive,18841839857,6313772
18848153849,68,14,receive,18841928502,6225347
18848154086,6,12,receive,18841928914,6225172
18848154307,62,5,receive,18841928968,6225339
18848154525,134,17,receive,18841806614,6347911
18848154747,90,7,receive,18841929458,6225289
18848154966,112,14,receive,18841894212,6260754
18848155183,126,13,receive,18841932687,6222496
18848155403,78,13,receive,18841932952,6222451
18848259512,38,17,receive,18841933099,6326413
18848259745,130,13,receive,18841933824,6325921
18848259994,22,17,receive,18841934048,6325946
18848260221,140,33,receive,18841934679,6325542
18848260446,100,17,receive,18841934846,6325600
18848260672,142,13,receive,18841802956,6457716
18848260901,150,17,receive,18841935325,6325576
18848333744,28,26,receive,18841935378,6398366
18848333998,180,13,receive,18841935399,6398599
18848334217,100,18,receive,18841937017,6397200
18848334432,42,22,receive,18841937219,6397213
18848334947,148,5,receive,18841938793,6396154
18848335610,12,9,receive,18841939167,6396443
18848335828,22,18,receive,18841939231,6396597
18848336042,112,15,receive,18841934229,6401813
18848336270,146,14,receive,18841939530,6396740
18848336743,190,11,receive,18841819219,6517524
18848337372,44,8,receive,18841889027,6448345
18848337592,52,18,receive,18841942063,6395529
18848337827,76,26,receive,18841887689,6450138
18848338046,38,18,receive,18841943352,6394694
18848338275,186,18,receive,18841943761,6394514
18848338497,140,34,receive,18841943857,6394640
18848338719,162,19,receive,18841944112,6394607
18848338937,6,13,receive,18841944127,6394810
18848339154,30,12,receive,18841821043,6518111
18848339370,50,3,receive,18841784636,6554734
18848339590,188,8,receive,18841757738,6581852
18848339823,72,3,receive,18841785908,6553915
18848370316,6,14,receive,18841946277,6424039
18848370533,16,10,receive,18841947390,6423143
18848370750,128,14,receive,18841786169,6584581
18848370975,188,9,receive,18841947552,6423423
18848371247,26,17,receive,18841773744,6597503
18848371475,116,16,receive,18841904096,6467379
18848371693,172,8,receive,18841948306,6423387
18848371908,70,15,receive,18841883243,6488665
18848372144,98,13,receive,18841917288,6454856
18848372365,88,11,receive,18841950132,6422233
18848372586,52,19,receive,18841951238,6421348
18848414295,4,11,receive,18841951826,6462469
18848415293,60,10,receive,18841806130,6609163
18848415882,130,14,receive,18841953077,6462805
18848416378,132,17,receive,18841954537,6461841
18848417130,62,6,receive,18841956192,6460938
18848429044,60,11,receive,18841956270,6472774
18848429316,172,9,receive,18841957488,6471828
18848429808,196,4,receive,18841957891,6471917
18848430312,14,13,receive,18841883395,6546917
18848430793,174,10,receive,18841958425,6472368
18848431301,16,11,receive,18841958671,6472630
18848431784,186,19,receive,18841957004,6474780
18848432285,146,15,receive,18841959733,6472552
18848432773,104,14,receive,18841959906,6472867
18848433272,198,6,receive,18841848604,6584668
18848433760,124,8,receive,18841907816,6525944
18848434240,130,15,receive,18841962226,6472014
18848434724,24,13,receive,18841874235,6560489
18848447613,138,12,receive,18841962676,6484937
18848448379,170,14,receive,18841963328,6485051
18848449197,112,16,receive,18841963720,6485477
18848450041,48,17,receive,18841964016,6486025
18848450809,68,15,receive,18841949742,6501067
18848451623,164,13,receive,18841965431,6486192
18848452383,64,16,receive,18841887714,6564669
18848453161,172,10,receive,18841967672,6485489
18848454006,52,20,receive,18841968422,6485584
18848458934,40,11,receive,18841737806,6721128
18848462852,52,21,receive,18841969590,6493262
18848463436,152,9,receive,18841862166,6601270
18848465267,4,12,receive,18841970998,6494269
18848466487,88,12,receive,18841972420,6494067
18848467680,126,14,receive,18841973129,6494551
18848468872,174,11,receive,18841973682,6495190
18848470151,28,27,receive,18841973737,6496414
18848471309,64,17,receive,18841969402,6501907
18848472448,174,12,receive,18841973807,6498641
18848477988,16,12,receive,18841973907,6504081
18848480123,40,12,receive,18841971741,6508382
18848481858,180,14,receive,18841975754,6506104
18848485488,176,6,receive,18841923452,6562036
18848496207,186,20,receive,18841975955,6520252
18848496749,152,10,receive,18841976026,6520723
18848497239,136,19,receive,18841976058,6521181
18848498001,22,19,receive,18841976516,6521485
18848498487,24,14,receive,18841976500,6521987
18848498983,78,14,receive,18841977426,6521557
18848513999,86,18,receive,18841861644,6652355
18848514435,10,11,receive,18841798950,6715485
18848517154,128,15,receive,18841963775,6553379
18848517409,126,15,receive,18841979385,6538024
18848517730,90,8,receive,18841979739,6537991
18848517977,156,9,receive,18841813878,6704099
18848518223,108,4,receive,18841823105,6695118
18848518464,68,16,receive,18841980359,6538105
18848518705,12,10,receive,18841980627,6538078
18848518944,44,9,receive,18841980989,6537955
18848519213,148,6,receive,18841981399,6537814
18848519457,114,22,receive,18841917464,6601993
18848520216,46,17,receive,18841832161,6688055
18848520954,190,12,receive,18841982763,6538191
18848531901,94,7,receive,18841774087,6757814
18848532410,106,16,receive,18841894231,6638179
18848532904,188,10,receive,18841984118,6548786
18848533394,36,23,receive,18841913838,6619556
18848533892,190,13,receive,18841985915,6547977
18848534380,48,18,receive,18841986280,6548100
18848534888,6,15,receive,18841986517,6548371
18848535729,90,9,receive,18841986924,6548805
18848536250,138,13,receive,18841986964,6549286
18848536737,132,18,receive,18841987019,6549718
18848537220,100,19,receive,18841987357,6549863
18848537719,50,4,receive,18841987374,6550345
18848538196,42,23,receive,18841987589,6550607
18848538683,146,16,receive,18841987946,6550737
18848539188,94,8,receive,18841987959,6551229
18848566222,120,26,receive,18841903620,6662602
18848566478,4,13,receive,18841989223,6577255
18848568167,134,18,receive,18841944476,6623691
18848568659,38,20,receive,18842048090,6520569
18848569152,176,9,receive,18842051692,6517460
18848569644,112,19,receive,18842052603,6517041
18848570167,58,6,receive,18841949451,6620716
18848571192,36,24,receive,18842020824,6550368
18848571655,128,16,receive,18841987381,6584274
18848572186,136,20,receive,18842020449,6551737
18848573957,108,6,receive,18842025514,6548443
18848574629,180,16,receive,18842036008,6538621
18848579670,116,17,receive,18841963456,6616214
18848580407,168,13,receive,18841929179,6651228
18848581165,50,9,receive,18842110011,6471154
18848581896,192,15,receive,18842113710,6468186
18848583355,166,12,receive,18842113719,6469636
18848583879,56,20,receive,18842113897,6469982
18848584453,42,24,receive,18842025843,6558610
18848585232,156,11,receive,18842115310,6469922
18848585979,160,5,receive,18842030467,6555512
18848621347,136,21,receive,18842101785,6519562
18848653937,78,18,receive,18842075349,6578588
18848654425,30,14,receive,18842033796,6620629
18848654916,86,21,receive,18842060789,6594127
18848655420,196,7,receive,18842086189,6569231
18848655901,18,4,receive,18841885549,6770352
18848680312,158,23,receive,18842133461,6546851
18848680545,12,14,receive,18842131441,6549104
18848680769,160,6,receive,18842164456,6516313
18848680996,100,22,receive,18842078289,6602707
18848726692,80,25,receive,18842072798,6653894
18848726927,126,19,receive,18842166122,6560805
18848727189,178,15,receive,18842131063,6596126
18848727416,108,7,receive,18842077978,6649438
18848727646,76,28,receive,18842127535,6600111
18848727892,186,24,receive,18842133661,6594231
18848728122,68,19,receive,18842132982,6595140
18848728357,16,15,receive,18842221713,6506644
18848728580,82,12,receive,18842175131,6553449
18848728801,168,17,receive,18842192083,6536718
18848729018,22,23,receive,18842183182,6545836
18848729233,50,17,receive,18842226933,6502300
18848729462,12,15,receive,18842176624,6552838
18848783298,8,18,receive,18842120189,6663109
18848783571,176,12,receive,18842203119,6580452
18848783793,154,19,receive,18842207635,6576158
18848784018,108,8,receive,18842200793,6583225
18848784239,172,18,receive,18842183877,6600362
18848784477,160,9,receive,18842276623,6507854
18848784697,120,31,receive,18842251791,6532906
18848784917,130,21,receive,18842277462,6507455
18848785135,154,20,receive,18842241735,6543400
18848785356,44,17,receive,18842242551,6542805
18848787375,78,20,receive,18842245446,6541929
18848823082,74,12,receive,18842265627,6557455
18848823380,24,21,receive,18842272610,6550770
18848823686,178,17,receive,18842236205,6587481
18848823912,138,18,receive,18842267579,6556333
18848879684,108,9,receive,18842248854,6630830
18848879922,4,20,receive,18842318223,6561699
18848880150,182,15,receive,18842316074,6564076
18848913353,170,19,receive,18842336352,6577001
18848946181,138,19,receive,18842287898,6658283
18848946432,196,11,receive,18842307108,6639324
18848989318,60,20,receive,18842342233,6647085
18848989547,78,21,receive,18842293852,6695695
18848989860,64,22,receive,18842305836,6684024
18848990116,40,22,receive,18842315542,6674574
18848990354,188,18,receive,18842325448,6664906
18848990583,34,29,receive,18842339159,6651424
18848990809,168,20,receive,18842360111,6630698
18848991050,14,19,receive,18842387141,6603909
18848992549,64,23,receive,18842376413,6616136
18848992774,38,26,receive,18842381769,6611005
18848992995,8,21,receive,18842399184,6593811
18848993231,170,20,receive,18842387107,6606124
18848993452,56,25,receive,18842382703,6610749
18848993672,200,10,receive,18842376776,6616896
18848993906,86,26,receive,18842377350,6616556
18848994132,142,19,receive,18842366121,6628011
18848994349,4,22,receive,18842398889,6595460
18848994568,96,37,receive,18842443004,6551564
18848994784,14,20,receive,18842430069,6564715
18848995002,198,13,receive,18842421302,6573700
18848995219,60,22,receive,18842402582,6592637
18848995451,106,23,receive,18842413717,6581734
18848995674,174,19,receive,18842425352,6570322
18848995909,128,25,receive,18842427502,6568407
18848996129,34,31,receive,18842444410,6551719
18848996349,158,30,receive,18842413091,6583258
18848997062,188,20,receive,18842408912,6588150
18848997282,62,19,receive,18842453299,6543983
18848997497,8,23,receive,18842495667,6501830
18848997713,88,20,receive,18842503586,6494127
18848997942,92,18,receive,18842500435,6497507
18848998157,158,31,receive,18842487147,6511010
18848998375,70,25,receive,18842504409,6493966
18849059767,198,14,receive,18842475385,6584382
18849060006,122,28,receive,18842503289,6556717
18849060231,22,29,receive,18842481804,6578427
18849060455,88,21,receive,18842508829,6551626
18849060677,30,21,receive,18842468122,6592555
18849060898,24,29,receive,18842530550,6530348
18849061144,70,26,receive,18842527618,6533526
18849061368,30,22,receive,18842535377,6525991
18849061587,60,24,receive,18842536956,6524631
18849061805,136,29,receive,18842545633,6516172
18849062026,140,46,receive,18842559898,6502128
18849062245,112,29,receive,18842529403,6532842
18849160317,4,24,receive,18842543667,6616650
18849160563,60,25,receive,18842562034,6598529
18849190538,122,29,receive,18842554060,6636478
18849190763,152,23,receive,18842577094,6613669
18849190979,156,21,receive,18842565939,6625040
18849191195,30,23,receive,18842576409,6614786
18849191416,100,30,receive,18842580867,6610549
18849191638,158,33,receive,18842602754,6588884
18849191869,130,28,receive,18842598345,6593524
18849192092,178,23,receive,18842609688,6582404
18849192310,90,25,receive,18842592565,6599745
18849192530,46,31,receive,18842612591,6579939
18849192746,158,34,receive,18842617513,6575233
18849192975,196,17,receive,18842586233,6606742
18849193194,92,20,receive,18842599838,6593356
18849193427,92,21,receive,18842619720,6573707
18849193691,30,24,receive,18842665162,6528529
18849193951,66,22,receive,18842669849,6524102
18849194180,130,29,receive,18842662724,6531456
18849194414,168,25,receive,18842654714,6539700
18849194643,116,29,receive,18842635254,6559389
18849194867,76,39,receive,18842667335,6527532
18849195108,120,38,receive,18842648463,6546645
18849195343,74,19,receive,18842671709,6523634
18849195579,192,26,receive,18842667125,6528454
18849195807,46,33,receive,18842632473,6563334
18849196038,176,18,receive,18842661015,6535023
18849196267,74,20,receive,18842691655,6504612
18849196496,66,23,receive,18842718371,6478125
18849196717,104,28,receive,18842673358,6523359
18849272693,104,29,receive,18842722498,6550195
18849274799,64,29,receive,18842705315,6569484
18849275086,190,22,receive,18842686583,6588503
18849275325,126,28,receive,18842683969,6591356
18849275569,130,30,receive,18842697513,6578056
18849275810,6,27,receive,18842669793,6606017
18849276050,42,37,receive,18842685042,6591008
18849276292,88,26,receive,18842773590,6502702
18849276530,30,26,receive,18842755755,6520775
18849276975,76,41,receive,18842752259,6524716
18849290017,46,35,receive,18842750020,6539997
18849290301,160,21,receive,18842737878,6552423
18849290558,46,36,receive,18842777070,6513488
18849290801,104,30,receive,18842751735,6539066
18849291043,120,40,receive,18842740815,6550228
18849291500,16,25,receive,18842766079,6525421
18849291994,6,28,receive,18842734355,6557639
18849292547,56,34,receive,18842752220,6540327
18849293032,94,28,receive,18842820835,6472197
18849293729,58,23,receive,18842835037,6458692
18849305891,150,33,receive,18842826485,6479406
18849306429,148,24,receive,18842809836,6496593
