receive_timestamp,source_vehicle,message_id,event_type,send_timestamp,latency_us
262804066914,96,1,receive,262794645700,9421214
262804067640,262,1,receive,262794646137,9421503
262804068331,82,1,receive,262794647666,9420665
262804069549,110,1,receive,262794648198,9421351
262804070240,12,1,receive,262794651507,9418733
262804070905,372,1,receive,262794651592,9419313
262804107878,156,1,receive,262794652107,9455771
262804108551,198,1,receive,262794652771,9455780
262804113384,186,1,receive,262794653417,9459967
262804114047,16,1,receive,262794654371,9459676
262804114704,376,1,receive,262794656043,9458661
262804151503,582,1,receive,262794656105,9495398
262804152198,380,1,receive,262794656620,9495578
262804152881,210,1,receive,262794657065,9495816
262804153566,580,1,receive,262794657773,9495793
262804154265,218,1,receive,262794659052,9495213
262804154920,596,1,receive,262794659861,9495059
262804184289,50,1,receive,262794660037,9524252
262804187093,76,1,receive,262794660045,9527048
262804194538,44,1,receive,262794661029,9533509
262804200290,592,1,receive,262794664405,9535885
262804220007,420,1,receive,262794665047,9554960
262804220672,588,1,receive,262794665889,9554783
262804221354,150,1,receive,262794668319,9553035
262804222039,632,1,receive,262794668908,9553131
262804234287,164,1,receive,262794669151,9565136
262804234946,384,1,receive,262794669749,9565197
262804257192,14,1,receive,262794650105,9607087
262804257875,542,1,receive,262794672968,9584907
262804258539,628,1,receive,262794676074,9582465
262804268463,52,1,receive,262794677035,9591428
262804279254,590,1,receive,262794679633,9599621
262804279940,170,1,receive,262794680405,9599535
262804280635,226,1,receive,262794680969,9599666
262804281312,364,1,receive,262794682340,9598972
262804281963,10,1,receive,262794651651,9630312
262804282628,88,1,receive,262794684352,9598276
262804315154,134,1,receive,262794684917,9630237
262804315811,358,1,receive,262794685038,9630773
262804316676,120,1,receive,262794685420,9631256
262804322649,758,1,receive,262794685979,9636670
262804326380,166,1,receive,262794688499,9637881
262804332657,208,1,receive,262794691855,9640802
262804337421,344,1,receive,262794693037,9644384
262804343714,832,1,receive,262794694048,9649666
262804349920,794,1,receive,262794695138,9654782
262804360678,442,1,receive,262794697452,9663226
262804361370,450,1,receive,262794698023,9663347
262804362065,162,1,receive,262794700773,9661292
262804362748,802,1,receive,262794702973,9659775
262804363412,812,1,receive,262794703956,9659456
262804391809,834,1,receive,262794704045,9687764
262804392815,126,1,receive,262794705053,9687762
262804397281,824,1,receive,262794709244,9688037
262804403810,818,1,receive,262794710825,9692985
262804410804,552,1,receive,262794712774,9698030
262804429028,752,1,receive,262794715035,9713993
262804429713,274,1,receive,262794718059,9711654
262804434052,830,1,receive,262794719284,9714768
262804434705,480,1,receive,262794719296,9715409
262804444209,822,1,receive,262794719860,9724349
262804444895,618,1,receive,262794721795,9723100
262804464100,520,1,receive,262794730338,9733762
262804464742,630,1,receive,262794730659,9734083
262804465398,500,1,receive,262794731099,9734299
262804474600,526,1,receive,262794732762,9741838
262804497656,348,1,receive,262794733707,9763949
262804498329,508,1,receive,262794734772,9763557
262804498984,836,1,receive,262794737218,9761766
262804499666,792,1,receive,262794738039,9761627
262804516032,762,1,receive,262794738054,9777978
262804530835,820,1,receive,262794738579,9792256
262804541271,168,1,receive,262794739068,9802203
262804541948,454,1,receive,262794739055,9802893
262804542610,354,1,receive,262794739204,9803406
262804543276,840,1,receive,262794739718,9803558
262804543979,388,1,receive,262794699467,9844512
262804560251,488,1,receive,262794741721,9818530
262804561538,92,1,receive,262794651844,9909694
262804566886,816,1,receive,262794745511,9821375
262804570306,202,1,receive,262794745539,9824767
262804576146,244,1,receive,262794745732,9830414
262804586920,212,1,receive,262794749217,9837703
262804587628,432,1,receive,262794657302,9930326
262804588316,178,1,receive,262794679202,9909114
262804588995,352,1,receive,262794747193,9841802
262804589672,610,1,receive,262794753207,9836465
262804607705,634,1,receive,262794756062,9851643
262804608370,540,1,receive,262794759061,9849309
262804609032,786,1,receive,262794759277,9849755
262804609704,494,1,receive,262794759442,9850262
262804610392,482,1,receive,262794759783,9850609
262804638145,838,1,receive,262794760973,9877172
262804638796,736,1,receive,262794761059,9877737
262804639461,712,1,receive,262794765916,9873545
262804640128,606,1,receive,262794767049,9873079
262804657588,594,1,receive,262794771037,9886551
262804658254,62,1,receive,262794771460,9886794
262804658930,236,1,receive,262794669024,9989906
262804659620,356,1,receive,262794775038,9884582
262804660309,724,1,receive,262794775084,9885225
262804678942,722,1,receive,262794775712,9903230
262804679710,788,1,receive,262794776734,9902976
262804680386,638,1,receive,262794777049,9903337
262804683298,466,1,receive,262794779063,9904235
262804687494,754,1,receive,262794779855,9907639
262804694127,744,1,receive,262794782098,9912029
262804694801,718,1,receive,262794784101,9910700
262804695520,58,1,receive,262794634580,10060940
262804696209,852,1,receive,262794785938,9910271
262804696892,842,1,receive,262794787098,9909794
262804726438,140,1,receive,262794705034,10021404
262804727121,874,1,receive,262794790712,9936409
262804728075,608,1,receive,262794791047,9937028
262804735021,740,1,receive,262794791185,9943836
262804746270,862,1,receive,262794791404,9954866
262804746953,586,1,receive,262794773034,9973919
262804748974,680,1,receive,262794800964,9948010
262804751430,556,1,receive,262794801210,9950220
262804756892,80,1,receive,262794753077,10003815
262804772085,810,1,receive,262794800687,9971398
262804772758,682,1,receive,262794803273,9969485
262804773559,848,1,receive,262794804357,9969202
262804774241,688,1,receive,262794805146,9969095
262804774902,670,1,receive,262794805425,9969477
262804775517,706,1,receive,262794805754,9969763
262804792516,532,1,receive,262794804039,9988477
262804793171,866,1,receive,262794807290,9985881
262804796085,846,1,receive,262794808433,9987652
262804801712,700,1,receive,262794808661,9993051
262804806882,666,1,receive,262794808832,9998050
262804811252,726,1,receive,262794809152,10002100
262804813803,886,1,receive,262794809654,10004149
262804816959,280,1,receive,262794804038,10012921
262804820806,534,1,receive,262794810019,10010787
262804831778,742,1,receive,262794810046,10021732
262804832539,734,1,receive,262794805975,10026564
262804833198,738,1,receive,262794804564,10028634
262804833869,578,1,receive,262794813571,10020298
262804834556,614,1,receive,262794818064,10016492
262804848047,766,1,receive,262794818592,10029455
262804848715,814,1,receive,262794819547,10029168
262804849395,760,1,receive,262794820818,10028577
262804850093,620,1,receive,262794817830,10032263
262804850768,864,1,receive,262794816273,10034495
262804868337,612,1,receive,262794824582,10043755
262804868975,768,1,receive,262794826059,10042916
262804869638,472,1,receive,262794824203,10045435
262804870324,890,1,receive,262794828041,10042283
262804884244,902,1,receive,262794828444,10055800
262804884939,878,1,receive,262794829373,10055566
262804885614,558,1,receive,262794826751,10058863
262804886276,882,1,receive,262794827769,10058507
262804886940,730,1,receive,262794831114,10055826
262804887584,780,1,receive,262794831798,10055786
262804914250,32,1,receive,262794664030,10250220
262804914893,174,1,receive,262794707028,10207865
262804915577,538,1,receive,262794831395,10084182
262804916271,774,1,receive,262794834551,10081720
262804916960,782,1,receive,262794831156,10085804
262804955847,636,1,receive,262794835757,10120090
262804956515,230,1,receive,262794836017,10120498
262804957180,568,1,receive,262794828903,10128277
262804971040,276,1,receive,262794718788,10252252
262804994026,184,1,receive,262794837518,10156508
262804994716,888,1,receive,262794838015,10156701
262804995403,708,1,receive,262794823509,10171894
262804996093,704,1,receive,262794836511,10159582
262804996777,536,1,receive,262794827439,10169338
262804997456,884,1,receive,262794818675,10178781
262805044144,880,1,receive,262794828803,10215341
262805044812,856,1,receive,262794841630,10203182
262805045463,674,1,receive,262794842731,10202732
262805046136,678,1,receive,262794849031,10197105
262805046794,868,1,receive,262794833809,10212985
262805047466,698,1,receive,262794848604,10198862
262805095275,806,1,receive,262794853081,10242194
262805095930,778,1,receive,262794855512,10240418
262805096612,720,1,receive,262794843242,10253370
262805097312,844,1,receive,262794842017,10255295
262805097996,900,1,receive,262794839300,10258696
262805098684,464,1,receive,262794827781,10270903
262805142567,804,1,receive,262794860983,10281584
262805143259,444,1,receive,262794861645,10281614
262805143919,790,1,receive,262794850137,10293782
262805144571,896,1,receive,262794858653,10285918
262805145240,870,1,receive,262794831029,10314211
262805145925,912,1,receive,262794858038,10287887
262805195898,116,1,receive,262794852130,10343768
262805196591,716,1,receive,262794853883,10342708
262805197272,876,1,receive,262794852260,10345012
262805197969,732,1,receive,262794852037,10345932
262805198612,854,1,receive,262794864460,10334152
262805243161,914,1,receive,262794874858,10368303
262805243840,828,1,receive,262794871988,10371852
262805244501,910,1,receive,262794873486,10371015
262805245180,892,1,receive,262794863422,10381758
262805245847,600,1,receive,262794874615,10371232
262805282672,124,2,receive,262794780600,10502072
262805283415,924,1,receive,262794879157,10404258
262805284075,918,1,receive,262794884191,10399884
262805284714,858,1,receive,262794875062,10409652
262805327317,628,2,receive,262794887482,10439835
262805328012,222,1,receive,262794858074,10469938
262805328697,826,1,receive,262794888886,10439811
262805329365,908,1,receive,262794887953,10441412
262805330024,916,1,receive,262794895909,10434115
262805330688,898,1,receive,262794897612,10433076
262805373366,206,1,receive,262794894084,10479282
262805374027,906,1,receive,262794896323,10477704
262805374680,176,1,receive,262794885163,10489517
262805375346,850,1,receive,262794880639,10494707
262805375995,702,1,receive,262794859037,10516958
262805407052,920,1,receive,262794906037,10501015
262805407738,904,1,receive,262794898967,10508771
262805408416,104,1,receive,262794693040,10715376
262805409110,894,1,receive,262794910035,10499075
262805409770,714,1,receive,262794869932,10539838
262805453167,432,2,receive,262794897567,10555600
262805453835,362,1,receive,262794890412,10563423
262805454528,74,2,receive,262794891949,10562579
262805455219,138,1,receive,262794906230,10548989
262805455906,872,1,receive,262794868647,10587259
262805498887,926,1,receive,262794922243,10576644
262805499553,860,1,receive,262794864783,10634770
262805500225,928,1,receive,262794926348,10573877
262805515950,922,1,receive,262794927383,10588567
262805516623,442,2,receive,262794921009,10595614
262805549345,172,1,receive,262794871811,10677534
262805550035,152,1,receive,262794921274,10628761
262805550699,820,2,receive,262794926445,10624254
262805559179,562,1,receive,262794948009,10611170
262805559839,378,1,receive,262794945663,10614176
262805590813,114,1,receive,262794899455,10691358
262805592332,758,2,receive,262794953280,10639052
262805593015,110,2,receive,262794921860,10671155
262805593694,148,1,receive,262794843310,10750384
262805594390,772,1,receive,262794960625,10633765
262805632738,212,2,receive,262794923249,10709489
262805633405,354,2,receive,262794884812,10748593
262805634069,938,1,receive,262794965518,10668551
262805634730,736,2,receive,262794901012,10733718
262805635398,934,1,receive,262794966837,10668561
262805685071,580,2,receive,262794955918,10729153
262805685738,888,2,receive,262794981489,10704249
262805686405,956,1,receive,262794984049,10702356
262805687080,508,2,receive,262794961472,10725608
262805687757,262,2,receive,262794986507,10701250
262805727442,962,1,receive,262794987230,10740212
262805728110,220,1,receive,262794979264,10748846
262805728787,838,2,receive,262794990251,10738536
262805741509,930,1,receive,262794990426,10751083
262805770292,700,2,receive,262794990760,10779532
262805770979,418,1,receive,262794895366,10875613
262805771664,12,2,receive,262794920545,10851119
262805772352,958,1,receive,262794999239,10773113
262805773038,964,1,receive,262795001085,10771953
262805816859,954,1,receive,262795002131,10814728
262805817533,948,1,receive,262795005276,10812257
262805818221,950,1,receive,262795006730,10811491
262805818904,944,1,receive,262795008940,10809964
262805819590,952,1,receive,262795010977,10808613
262805861507,358,2,receive,262795011078,10850429
262805862180,942,1,receive,262795012579,10849601
262805862839,20,2,receive,262794917166,10945673
262805863494,946,1,receive,262795013041,10850453
262805883575,404,1,receive,262795004819,10878756
262805914047,960,1,receive,262795017037,10897010
262805914732,162,2,receive,262795004120,10910612
262805915408,586,2,receive,262795027329,10888079
262805916093,98,2,receive,262794964568,10951525
262805916778,182,8,receive,262804062765,1854013
262805961995,18,14,receive,262804071204,1890791
262805962687,646,13,receive,262804093509,1869178
262805963338,180,8,receive,262804084007,1879331
262805964030,980,19,receive,262804091042,1872988
262806002327,86,16,receive,262804036620,1965707
262806003022,694,6,receive,262804073126,1929896
262806003709,256,4,receive,262804103853,1899856
262806004402,710,1,receive,262804121788,1882614
262806015671,336,5,receive,262804117194,1898477
262806048792,342,6,receive,262804130886,1917906
262806049470,510,1,receive,262804149614,1899856
262806050173,934,18,receive,262804149520,1900653
262806050836,676,1,receive,262804161135,1889701
262806051499,388,17,receive,262804131811,1919688
262806088846,146,14,receive,262804144241,1944605
262806089508,498,2,receive,262804147382,1942126
262806099689,612,15,receive,262804153128,1946561
262806108551,952,18,receive,262804187200,1921351
262806118556,978,16,receive,262804164457,1954099
262806142497,332,6,receive,262804172078,1970419
262806143163,478,4,receive,262804161933,1981230
262806143824,258,11,receive,262804187689,1956135
262806144504,728,1,receive,262804234856,1909648
262806145189,302,5,receive,262804216129,1929060
262806145875,324,8,receive,262804212400,1933475
262806210491,20,18,receive,262804228771,1981720
262806211163,394,12,receive,262804226188,1984975
262806211817,520,16,receive,262804242208,1969609
262806212471,390,15,receive,262804238080,1974391
262806246461,10,16,receive,262804260765,1985696
262806266129,306,4,receive,262804286701,1979428
262806266802,284,4,receive,262804269007,1997795
262806267478,658,14,receive,262804288498,1978980
262806268142,400,2,receive,262804225010,2043132
262806268800,398,16,receive,262804298007,1970793
262806269491,426,1,receive,262804285703,1983788
262806344158,424,4,receive,262804319751,2024407
262806344842,708,19,receive,262804269048,2075794
262806345519,696,5,receive,262804313008,2032511
262806346169,372,19,receive,262804297138,2049031
262806346801,2,16,receive,262804282480,2064321
262806404500,178,13,receive,262804331792,2072708
262806405140,338,5,receive,262804338863,2066277
262806405721,304,5,receive,262804322890,2082831
262806406293,492,2,receive,262804349416,2056877
262806406957,692,1,receive,262804357057,2049900
262806407644,244,19,receive,262804367538,2040106
262806465717,188,7,receive,262804399297,2066420
262806466381,864,16,receive,262804390014,2076367
262806467039,522,1,receive,262804405369,2061670
262806467680,242,7,receive,262804393046,2074634
262806502281,948,14,receive,262804374925,2127356
262806538792,386,7,receive,262804413400,2125392
262806539437,316,8,receive,262804420378,2119059
262806540096,300,5,receive,262804419010,2121086
262806540780,538,18,receive,262804403249,2137531
262806541443,490,13,receive,262804413350,2128093
262806587509,672,1,receive,262804446661,2140848
262806588170,608,15,receive,262804452583,2135587
262806588826,460,1,receive,262804461312,2127514
262806589455,320,11,receive,262804428137,2161318
262806590134,238,6,receive,262804441931,2148203
262806656028,304,6,receive,262804470971,2185057
262806656695,332,7,receive,262804414555,2242140
262806657369,520,17,receive,262804439525,2217844
262806658062,458,3,receive,262804479960,2178102
262806672468,728,2,receive,262804503275,2169193
262806698864,916,16,receive,262804440404,2258460
262806699529,594,18,receive,262804512456,2187073
262806700196,462,1,receive,262804496860,2203336
262806700869,444,17,receive,262804512010,2188859
262806701445,772,20,receive,262804545280,2156165
262806756142,8,18,receive,262804542079,2214063
262806756824,28,16,receive,262804522740,2234084
262806757510,74,17,receive,262804514932,2242578
262806758195,656,10,receive,262804559008,2199187
262806758874,360,4,receive,262804553008,2205866
262806814277,374,4,receive,262804503084,2311193
262806814943,50,19,receive,262804565893,2249050
262806815609,492,3,receive,262804564089,2251520
262806816259,616,1,receive,262804585726,2230533
262806816923,192,5,receive,262804586076,2230847
262806864334,84,17,receive,262804523004,2341330
262806864959,298,5,receive,262804542012,2322947
262806867190,302,6,receive,262804571822,2295368
262806879025,310,4,receive,262804601503,2277522
262806879708,88,19,receive,262804539007,2340701
262806880394,490,14,receive,262804620636,2259758
262806917952,368,3,receive,262804608565,2309387
262806918648,342,7,receive,262804564252,2354396
262806919318,662,10,receive,262804598447,2320871
262806919974,390,16,receive,262804643429,2276545
262806920636,664,2,receive,262804641318,2279318
262806958290,578,17,receive,262804629316,2328974
262806958948,510,2,receive,262804654389,2304559
262806959582,242,8,receive,262804653823,2305759
262806960250,272,9,receive,262804612135,2348115
262806960911,340,2,receive,262804659400,2301511
262806977013,246,5,receive,262804669063,2307950
262806977695,544,1,receive,262804646346,2331349
262806978403,546,1,receive,262804683864,2294539
262806979091,66,15,receive,262804663184,2315907
262806979779,460,2,receive,262804677249,2302530
262807037486,442,17,receive,262804663201,2374285
262807038176,654,15,receive,262804683736,2354440
262807038858,196,1,receive,262804708328,2330530
262807043287,548,1,receive,262804715067,2328220
262807043946,190,8,receive,262804684513,2359433
262807083102,550,1,receive,262804710554,2372548
262807083758,414,11,receive,262804714015,2369743
262807084408,268,7,receive,262804709399,2375009
262807085072,296,8,receive,262804697756,2387316
262807124408,538,19,receive,262804700498,2423910
262807124999,188,8,receive,262804714006,2410993
262807125593,130,2,receive,262804730069,2395524
262807126212,514,2,receive,262804709550,2416662
262807126871,662,11,receive,262804746982,2379889
262807127487,862,17,receive,262804732727,2394760
262807166690,416,2,receive,262804740016,2426674
262807167336,430,4,receive,262804756961,2410375
262807168027,530,1,receive,262804756896,2411131
262807168714,672,2,receive,262804746842,2421872
262807169392,440,1,receive,262804780053,2389339
262807208344,426,2,receive,262804774323,2434021
262807209019,4,3,receive,262804784270,2424749
262807209684,694,7,receive,262804748843,2460841
262807210348,510,3,receive,262804780350,2429998
262807211011,406,13,receive,262804796933,2414078
262807211668,404,15,receive,262804803010,2408658
262807255031,910,15,receive,262804743563,2511468
262807255694,408,2,receive,262804802126,2453568
262807268560,446,1,receive,262804814426,2454134
262807276275,412,3,receive,262804796874,2479401
262807284358,458,4,receive,262804802773,2481585
262807304040,502,15,receive,262804792791,2511249
262807304709,308,8,receive,262804839012,2465697
262807305388,970,13,receive,262804815658,2489730
262807320514,338,6,receive,262804840550,2479964
262807330615,460,3,receive,262804839433,2491182
262807347171,390,17,receive,262804859537,2487634
262807347830,980,20,receive,262804866319,2481511
262807348489,652,11,receive,262804839070,2509419
262807349150,214,8,receive,262804861005,2488145
262807349813,642,1,receive,262804880378,2469435
262807383096,294,4,receive,262804877832,2505264
262807383752,492,4,receive,262804901549,2482203
262807384424,192,6,receive,262804898386,2486038
262807385095,314,3,receive,262804905006,2480089
262807385756,180,9,receive,262804884631,2501125
262807431453,414,12,receive,262804909944,2521509
262807432115,696,6,receive,262804891467,2540648
262807432773,342,8,receive,262804931525,2501248
262807433429,686,10,receive,262804917440,2515989
262807434094,524,2,receive,262804908009,2526085
262807434755,648,1,receive,262804941804,2492951
262807485735,246,6,receive,262804950347,2535388
262807486406,302,7,receive,262804937007,2549399
262807487076,940,17,receive,262804929515,2557561
262807497972,404,16,receive,262804955802,2542170
262807522610,318,3,receive,262804956147,2566463
262807523430,474,1,receive,262804965055,2558375
262807524110,200,2,receive,262804933237,2590873
262807524777,306,5,receive,262804970207,2554570
262807525445,470,13,receive,262804973755,2551690
262807567086,258,13,receive,262804986006,2581080
262807567770,692,3,receive,262804967657,2600113
262807568526,272,10,receive,262805002062,2566464
262807569210,554,8,receive,262804968367,2600843
262807569867,350,3,receive,262804986662,2583205
262807570540,980,21,receive,262805030772,2539768
262807614577,616,2,receive,262805040162,2574415
262807615240,250,1,receive,262805034868,2580372
262807615900,504,3,receive,262805044692,2571208
262807616566,452,5,receive,262805013115,2603451
262807617238,300,7,receive,262805024607,2592631
262807617898,260,1,receive,262805099706,2518192
262807658958,518,2,receive,262805092006,2566952
262807659710,604,14,receive,262805107182,2552528
262807660373,188,9,receive,262805087004,2573369
262807661036,598,1,receive,262805113564,2547472
262807661695,320,12,receive,262805109011,2552684
262807693453,316,9,receive,262805145489,2547964
262807694119,662,12,receive,262805130006,2564113
262807694831,264,1,receive,262805143277,2551554
262807695495,360,6,receive,262805130688,2564807
262807696161,394,13,receive,262805138304,2557857
262807696828,256,6,receive,262805147116,2549712
262807733763,258,14,receive,262805187192,2546571
262807734438,242,9,receive,262805190008,2544430
262807735113,448,9,receive,262805180360,2554753
262807735768,548,2,receive,262805204629,2531139
262807736433,574,1,receive,262805221469,2514964
262807776361,340,3,receive,262805237930,2538431
262807777024,426,3,receive,262805211743,2565281
262807783455,572,1,receive,262805248804,2534651
262807794027,554,9,receive,262805200140,2593887
262807799020,270,6,receive,262805239912,2559108
262807814463,310,5,receive,262805252184,2562279
262807815252,468,5,receive,262805268571,2546681
262807822238,296,9,receive,262805268385,2553853
262807832280,650,1,receive,262805295838,2536442
262807837023,696,7,receive,262805310905,2526118
262807852626,522,2,receive,262805310866,2541760
262807854183,424,6,receive,262805311310,2542873
262807860920,360,7,receive,262805355011,2505909
262807868068,322,4,receive,262805344801,2523267
262807887650,416,3,receive,262805350613,2537037
262807888332,644,1,receive,262805371488,2516844
262807891822,270,7,receive,262805384819,2507003
262807902024,346,1,receive,262805416711,2485313
262807903957,386,9,receive,262805398863,2505094
262807930085,518,4,receive,262805438335,2491750
262807930763,516,1,receive,262805438809,2491954
262807931433,250,2,receive,262805450472,2480961
262807932100,374,6,receive,262805446133,2485967
262807932759,238,8,receive,262805456699,2476060
262807933418,396,1,receive,262805450533,2482885
262807973173,664,3,receive,262805459394,2513779
262807973845,298,6,receive,262805458122,2515723
262807974528,514,4,receive,262805442693,2531835
262807995031,544,3,receive,262805458288,2536743
262807995701,410,7,receive,262805487390,2508311
262808010408,306,6,receive,262805502007,2508401
262808017020,130,3,receive,262805520501,2496519
262808021749,460,4,receive,262805458140,2563609
262808029165,498,5,receive,262805493182,2535983
262808047442,462,2,receive,262805487011,2560431
262808048133,656,11,receive,262805552326,2495807
262808048804,240,1,receive,262805562225,2486579
262808049492,676,4,receive,262805536281,2513211
262808050172,312,8,receive,262805571334,2478838
262808082609,406,14,receive,262805556218,2526391
262808083273,524,3,receive,262805580014,2503259
262808083932,308,9,receive,262805581347,2502585
262808095173,180,10,receive,262805599423,2495750
262808101200,452,6,receive,262805592279,2508921
262808121615,522,3,receive,262805602304,2519311
262808122313,264,2,receive,262805617951,2504362
262808124023,204,2,receive,262805631120,2492903
262808131307,254,3,receive,262805640096,2491211
262808131997,456,2,receive,262805618226,2513771
262808132687,412,5,receive,262805654532,2478155
262808158878,696,8,receive,262805664809,2494069
262808159540,334,4,receive,262805651543,2507997
262808160205,492,5,receive,262805668411,2491794
262808160866,770,1,receive,262805703343,2457523
262808191967,440,2,receive,262805677319,2514648
262808193913,664,4,receive,262805710121,2483792
262808194600,694,8,receive,262805739501,2455099
262808199210,308,10,receive,262805735272,2463938
262808206731,284,7,receive,262805746366,2460365
262808226574,302,8,receive,262805739859,2486715
262808229072,4,4,receive,262805783907,2445165
262808229759,584,1,receive,262805774020,2455739
262808230437,300,8,receive,262805751078,2479359
262808259051,338,7,receive,262805771590,2487461
262808259740,446,3,receive,262805780509,2479231
262808260421,498,6,receive,262805813633,2446788
262808261115,272,12,receive,262805826186,2434929
262808273771,250,3,receive,262805827783,2445988
262808285089,286,2,receive,262805801329,2483760
262808295406,748,1,receive,262805863930,2431476
262808297081,342,9,receive,262805854484,2442597
262808305135,330,5,receive,262805866447,2438688
262808325251,408,4,receive,262805863620,2461631
262808325945,516,2,receive,262805863008,2462937
262808326617,602,2,receive,262805830687,2495930
262808327273,256,7,receive,262805912007,2415266
262808327929,260,2,receive,262805924474,2403455
262808328596,576,1,receive,262805908848,2419748
262808354579,196,3,receive,262805883302,2471277
262808364590,130,4,receive,262805956306,2408284
262808365216,246,7,receive,262805928181,2437035
262808373722,808,1,receive,262805971317,2402405
262808380675,330,6,receive,262805970126,2410549
262808392469,486,3,receive,262805863010,2529459
262808393156,242,11,receive,262805977068,2416088
262808393841,474,2,receive,262805994426,2399415
262808394527,570,1,receive,262805990540,2403987
262808395204,308,11,receive,262805935482,2459722
262808395880,190,10,receive,262806041627,2354253
262808473692,426,4,receive,262806043068,2430624
262808474381,776,1,receive,262806067035,2407346
262808475062,462,3,receive,262806051403,2423659
262808475732,516,3,receive,262806070955,2404777
262808522561,796,2,receive,262806080606,2441955
262808523132,544,4,receive,262806089006,2434126
262808523853,650,2,receive,262806110503,2413350
262808524418,416,4,receive,262806110628,2413790
262808525118,522,4,receive,262806106497,2418621
262808525778,216,3,receive,262806137007,2388771
262808576746,282,2,receive,262806127188,2449558
262808577440,242,12,receive,262806140075,2437365
262808578126,524,4,receive,262806163855,2414271
262808578778,642,3,receive,262806168315,2410463
262808579370,238,9,receive,262806175653,2403717
262808579953,346,2,receive,262806176861,2403092
262808634417,296,13,receive,262806181059,2453358
262808635013,676,5,receive,262806186009,2449004
262808635659,258,15,receive,262806225995,2409664
262808636261,584,2,receive,262806233634,2402627
262808636797,502,17,receive,262806205038,2431759
262808683440,798,2,receive,262806265086,2418354
262808684102,302,9,receive,262806245209,2438893
262808684785,512,3,receive,262806238960,2445825
262808685480,304,8,receive,262806269280,2416200
262808686177,322,5,receive,262806241006,2445171
262808686802,518,7,receive,262806340789,2346013
262808733273,764,3,receive,262806353193,2380080
262808734150,292,3,receive,262806325009,2409141
262808773985,452,7,receive,262806309225,2464760
262808774653,484,4,receive,262806341958,2432695
262808776934,448,11,receive,262806396118,2380816
262808819048,266,8,receive,262806404374,2414674
262808819742,504,7,receive,262806340091,2479651
262808820435,310,7,receive,262806393148,2427287
262808821121,456,3,receive,262806338248,2482873
262808821800,410,8,receive,262806429014,2392786
262808822470,530,3,receive,262806469609,2352861
262808863241,368,6,receive,262806476306,2386935
262808863899,272,14,receive,262806478468,2385431
262808864561,338,8,receive,262806463014,2401547
262808865220,240,3,receive,262806498374,2366846
262808865880,252,14,receive,262806505034,2360846
262808866559,408,6,receive,262806488092,2378467
262808906918,296,14,receive,262806552287,2354631
262808907613,550,5,receive,262806549840,2357773
262808908294,800,2,receive,262806547869,2360425
262808908972,710,5,receive,262806562680,2346292
262808909657,342,11,receive,262806542561,2367096
262808932365,602,3,receive,262806607366,2324999
262808933023,334,5,receive,262806613840,2319183
262808933684,746,2,receive,262806603755,2329929
262808934336,330,8,receive,262806590146,2344190
262808934988,530,4,receive,262806648892,2286096
262808935648,750,2,receive,262806638196,2297452
262808970588,336,9,receive,262806658311,2312277
262808971260,748,2,receive,262806645588,2325672
262808971917,474,3,receive,262806646886,2325031
262808980023,694,10,receive,262806723927,2256096
262809001438,300,10,receive,262806692986,2308452
262809002115,360,9,receive,262806737009,2265106
262809002860,190,11,receive,262806733591,2269269
262809003518,514,6,receive,262806729422,2274096
262809004200,616,5,receive,262806750067,2254133
262809030384,462,4,receive,262806708648,2321736
262809031076,440,3,receive,262806721004,2310072
262809031735,302,11,receive,262806744552,2287183
262809032395,516,4,receive,262806782611,2249784
262809043554,728,5,receive,262806777070,2266484
262809051033,194,15,receive,262806766059,2284974
262809051719,468,7,receive,262806797010,2254709
262809052371,264,5,receive,262806802942,2249429
262809062836,528,3,receive,262806808803,2254033
262809073747,360,10,receive,262806864716,2209031
262809075230,644,3,receive,262806840850,2234380
262809082052,296,15,receive,262806870022,2212030
262809085835,770,3,receive,262806874964,2210871
262809090025,260,3,receive,262806885059,2204966
262809098470,374,8,receive,262806912692,2185778
262809102784,340,6,receive,262806917007,2185777
262809105687,776,3,receive,262806933864,2171823
262809111400,400,7,receive,262806908346,2203054
262809114741,574,5,receive,262806935009,2179732
262809118867,518,8,receive,262806944005,2174862
262809121057,300,11,receive,262806959737,2161320
262809124793,196,5,receive,262806966432,2158361
262809128524,510,7,receive,262806972008,2156516
262809133039,272,15,receive,262806951493,2181546
262809136253,430,8,receive,262806961759,2174494
262809141701,448,12,receive,262806977128,2164573
262809146686,298,8,receive,262806985451,2161235
262809147359,386,12,receive,262806977481,2169878
262809152423,642,5,receive,262806967258,2185165
262809156018,602,4,receive,262807041076,2114942
262809160321,656,13,receive,262807050842,2109479
262809160988,300,12,receive,262807087482,2073506
262809167063,530,5,receive,262807082921,2084142
262809167727,266,9,receive,262807101238,2066489
262809173546,672,7,receive,262807066689,2106857
262809177343,548,4,receive,262807101070,2076273
262809183791,214,11,receive,262807092627,2091164
262809184466,328,12,receive,262807077914,2106552
262809193113,470,17,receive,262807124349,2068764
262809194589,4,6,receive,262807138017,2056572
262809195270,194,16,receive,262807126843,2068427
262809195951,408,7,receive,262807094804,2101147
262809196605,664,6,receive,262807117007,2079598
262809209641,426,6,receive,262807075272,2134369
262809211847,416,5,receive,262807105010,2106837
262809215848,524,6,receive,262807192883,2022965
262809219345,452,8,receive,262807194187,2025158
262809224727,192,10,receive,262807225011,1999716
262809226891,292,4,receive,262807185326,2041565
262809230660,566,5,receive,262807196078,2034582
262809234352,514,7,receive,262807191614,2042738
262809237853,576,3,receive,262807212076,2025777
262809243255,796,4,receive,262807233079,2010176
262809245476,692,6,receive,262807219414,2026062
262809249102,672,8,receive,262807245016,2004086
262809252889,690,5,receive,262807235005,2017884
262809256592,4,7,receive,262807260561,1996031
262809261023,272,16,receive,262807244568,2016455
262809264468,334,6,receive,262807255011,2009457
262809267465,518,9,receive,262807269588,1997877
262809270913,386,13,receive,262807310956,1959957
262809276538,396,4,receive,262807310945,1965593
262809281068,572,4,receive,262807295006,1986062
262809281750,264,6,receive,262807285776,1995974
262809286035,512,5,receive,262807324262,1961773
262809289671,204,5,receive,262807365240,1924431
262809293965,328,13,receive,262807357399,1936566
262809297542,190,13,receive,262807364503,1933039
262809302876,180,12,receive,262807346547,1956329
262809303538,550,6,receive,262807351005,1952533
262809307813,808,4,receive,262807335896,1971917
262809312675,626,3,receive,262807375126,1937549
262809318240,504,9,receive,262807374090,1944150
262809318922,350,6,receive,262807398253,1920669
262809321303,598,5,receive,262807371964,1949339
262809325058,242,15,receive,262807414006,1911052
262809330722,254,6,receive,262807438130,1892592
262809332019,510,8,receive,262807452186,1879833
262809335839,424,9,receive,262807428417,1907422
262809337763,446,5,receive,262807455318,1882445
262809339989,306,8,receive,262807435846,1904143
262809344774,266,10,receive,262807470364,1874410
262809348121,530,6,receive,262807472317,1875804
262809354445,696,12,receive,262807505059,1849386
262809355317,748,3,receive,262807491741,1863576
262809358270,240,4,receive,262807500410,1857860
262809365794,770,4,receive,262807532370,1833424
262809372135,440,4,receive,262807526734,1845401
262809372812,308,13,receive,262807531879,1840933
262809374700,710,6,receive,262807539594,1835106
262809378266,260,4,receive,262807545253,1833013
262809384957,798,4,receive,262807562309,1822648
262809385940,546,6,receive,262807536298,1849642
262809392821,648,4,receive,262807538850,1853971
262809393466,486,6,receive,262807585446,1808020
262809394130,4,8,receive,262807593576,1800554
262809394808,330,9,receive,262807616599,1778209
262809404897,462,6,receive,262807596507,1808390
262809408934,412,9,receive,262807621886,1787048
262809411865,204,6,receive,262807604352,1807513
262809417034,602,5,receive,262807612530,1804504
262809424495,570,4,receive,262807634853,1789642
262809425228,516,5,receive,262807660673,1764555
262809425909,512,6,receive,262807654385,1771524
262809426578,746,3,receive,262807632698,1793880
262809427241,298,9,receive,262807654631,1772610
262809427900,368,8,receive,262807680974,1746926
262809447577,322,9,receive,262807676019,1771558
262809448234,440,5,receive,262807692118,1756116
262809449105,270,12,receive,262807661304,1787801
262809452508,336,10,receive,262807680610,1771898
262809463199,196,6,receive,262807709590,1753609
262809463861,302,12,receive,262807693525,1770336
262809464510,292,5,receive,262807730139,1734371
262809465197,644,4,receive,262807746400,1718797
262809465857,522,6,receive,262807721128,1744729
262809466508,412,10,receive,262807760515,1705993
262809479645,694,12,receive,262807755006,1724639
262809481889,386,14,receive,262807754308,1727581
262809485562,528,5,receive,262807774572,1710990
262809490709,566,6,receive,262807754470,1736239
262809492830,484,7,receive,262807753530,1739300
262809499145,256,9,receive,262807793118,1706027
262809499792,190,14,receive,262807798679,1701113
262809500439,298,10,receive,262807807621,1692818
262809501108,308,14,receive,262807822115,1678993
262809501759,510,9,receive,262807813483,1688276
262809516703,478,10,receive,262807830966,1685737
262809517379,326,7,receive,262807829873,1687506
262809518040,448,13,receive,262807856061,1661979
262809526291,370,9,receive,262807844950,1681341
262809534335,602,6,receive,262807828103,1706232
262809535076,546,7,receive,262807850729,1684347
262809537597,690,6,receive,262807873851,1663746
262809540326,130,7,receive,262807882129,1658197
262809543006,400,8,receive,262807902385,1640621
262809546979,396,6,receive,262807909269,1637710
262809550186,756,4,receive,262807897144,1653042
262809552394,504,11,receive,262807929515,1622879
262809555353,524,7,receive,262807959761,1595592
262809558021,474,5,receive,262807978563,1579458
262809562444,750,6,receive,262807966818,1595626
262809568058,240,5,receive,262807990693,1577365
262809568720,516,6,receive,262807977125,1591595
262809569553,548,5,receive,262807997980,1571573
262809572301,180,13,receive,262807993780,1578521
262809577434,264,7,receive,262808008118,1569316
262809579724,310,10,receive,262807979260,1600464
262809582393,318,7,receive,262807971709,1610684
262809587026,514,8,receive,262808021844,1565182
262809588897,200,8,receive,262808019119,1569778
262809592705,204,7,receive,262807991777,1600928
262809594135,518,10,receive,262808030126,1564009
262809596745,306,9,receive,262808054387,1542358
262809599584,644,5,receive,262808044070,1555514
262809603301,270,13,receive,262808034005,1569296
262809606525,196,7,receive,262808053007,1553518
262809607174,522,7,receive,262808083005,1524169
262809607829,492,9,receive,262808055166,1552663
262809608482,414,17,receive,262808106759,1501723
262809616979,692,7,receive,262808120440,1496539
262809622543,800,5,receive,262808127759,1494784
262809624498,664,8,receive,262808124746,1499752
262809626926,796,5,receive,262808121454,1505472
262809636021,260,5,receive,262808111328,1524693
262809639126,506,6,receive,262808103006,1536120
262809644203,572,5,receive,262808121798,1522405
262809644867,214,13,receive,262808134095,1510772
262809645525,284,12,receive,262808157836,1487689
262809646195,648,5,receive,262808191584,1454611
262809646875,446,6,receive,262808180128,1466747
262809647545,302,14,receive,262808205916,1441629
262809669888,250,6,receive,262808211008,1458880
262809670571,770,5,receive,262808218004,1452567
262809671249,294,9,receive,262808202847,1468402
262809671931,336,11,receive,262808223132,1448799
262809672616,400,9,receive,262808231306,1441310
262809683803,530,7,receive,262808236252,1447551
262809684461,798,5,receive,262808197082,1487379
262809685125,292,6,receive,262808198012,1487113
262809685781,512,8,receive,262808240710,1445071
262809694938,256,10,receive,262808259358,1435580
262809701768,240,6,receive,262808258685,1443083
262809703909,808,6,receive,262808260517,1443392
262809707586,370,11,receive,262808274010,1433576
262809710535,694,13,receive,262808288009,1422526
262809713533,430,10,receive,262808289507,1424026
262809719089,196,8,receive,262808296614,1422475
262809719748,626,4,receive,262808273417,1446331
262809720407,728,7,receive,262808276185,1444222
262809721088,304,12,receive,262808316139,1404949
262809721746,602,7,receive,262808307707,1414039
262809738378,266,11,receive,262808326193,1412185
262809739037,458,9,receive,262808318642,1420395
262809739691,528,7,receive,262808311602,1428089
262809740357,350,8,receive,262808214011,1526346
262809753952,254,7,receive,262808354334,1399618
262809754935,644,6,receive,262808360135,1394800
262809756740,784,6,receive,262808353913,1402827
262809761021,426,9,receive,262808340009,1421012
262809763760,474,6,receive,262808364503,1399257
262809771644,282,5,receive,262808400008,1371636
262809772363,410,12,receive,262808408794,1363569
262809775059,690,7,receive,262808376138,1398921
262809780020,446,7,receive,262808398373,1381647
262809782172,570,6,receive,262808378757,1403415
262809792026,286,8,receive,262808426549,1365477
262809792708,544,7,receive,262808489885,1302823
262809793392,314,8,receive,262808482241,1311151
262809800399,696,13,receive,262808499006,1301393
262809801162,498,10,receive,262808502607,1298555
262809808113,504,13,receive,262808503010,1305103
262809808827,522,8,receive,262808507483,1301344
262809813692,346,6,receive,262808517006,1296686
262809816058,486,7,receive,262808484378,1331680
262809820348,200,9,receive,262808565005,1255343
262809827937,338,11,receive,262808554009,1273928
262809828630,260,6,receive,262808573010,1255620
262809829319,330,10,receive,262808588353,1240966
262809836589,440,6,receive,262808575158,1261431
262809839484,268,15,receive,262808564766,1274718
262809852604,624,5,receive,262808582133,1270471
262809853280,468,10,receive,262808557972,1295308
262809853979,370,12,receive,262808602205,1251774
262809854893,448,14,receive,262808625410,1229483
262809857656,368,10,receive,262808644617,1213039
262809863800,478,11,receive,262808655430,1208370
262809864461,460,9,receive,262808652946,1211515
262809871527,544,8,receive,262808682123,1189404
262809874008,342,14,receive,262808680698,1193310
262809876395,214,14,receive,262808685814,1190581
262809882161,416,8,receive,262808697626,1184535
262809882841,522,9,receive,262808679420,1203421
262809883521,266,12,receive,262808708854,1174667
262809892914,510,10,receive,262808738666,1154248
262809895554,564,5,receive,262808743837,1151717
262809898129,294,10,receive,262808764785,1133344
262809905071,584,5,receive,262808773868,1131203
262809905818,548,6,receive,262808759141,1146677
262809906507,338,12,receive,262808763855,1142652
262809915423,550,8,receive,262808799361,1116062
262809916084,576,5,receive,262808803858,1112226
262809916729,446,8,receive,262808795384,1121345
262809925303,240,7,receive,262808826005,1099298
262809933347,644,7,receive,262808827419,1105928
262809934012,474,7,receive,262808789355,1144657
262809934672,642,8,receive,262808867535,1067137
262809938654,748,5,receive,262808881008,1057646
262809944040,548,7,receive,262808888918,1055122
262809951162,648,6,receive,262808894118,1057044
262809951826,514,9,receive,262808878654,1073172
262809952488,598,7,receive,262808908076,1044412
262809953169,770,6,receive,262808887904,1065265
262809953843,270,14,receive,262808902481,1051362
262809954519,460,10,receive,262808899880,1054639
262809970947,292,7,receive,262808920630,1050317
262809971631,524,8,receive,262808936742,1034889
262809972324,410,14,receive,262808926291,1046033
262809973019,776,5,receive,262808952209,1020810
262809973700,584,6,receive,262808926924,1046776
262809984405,342,15,receive,262808956477,1027928
262809987129,396,8,receive,262808957874,1029255
262809989765,304,13,receive,262808973639,1016126
262809992739,574,9,receive,262808984658,1008081
262809996969,330,11,receive,262808917383,1079586
262809999128,798,6,receive,262808998087,1001041
262810002023,650,8,receive,262808993104,1008919
262810004213,400,10,receive,262808993095,1011118
262810010021,764,6,receive,262808979956,1030065
262810021023,570,7,receive,262809006007,1015016
262810021687,690,8,receive,262809000247,1021440
262810022354,314,9,receive,262809005872,1016482
262810023033,468,11,receive,262809029713,993320
262810023716,516,7,receive,262808993930,1029786
262810024389,204,8,receive,262808995435,1028954
262810040781,624,6,receive,262809034237,1006544
262810044026,340,9,receive,262809070078,973948
262810052763,492,10,receive,262809055006,997757
262810053495,216,7,receive,262809079516,973979
262810058163,270,15,receive,262809051423,1006740
262810067306,572,7,receive,262809049013,1018293
262810068555,664,9,receive,262809087062,981493
262810071562,370,13,receive,262809109952,961610
262810077358,616,9,receive,262809113144,964214
262810081060,544,9,receive,262809133547,947513
262810097024,268,16,receive,262809130240,966784
262810097687,458,10,receive,262809130011,967676
262810098314,528,8,receive,262809146348,951966
262810098972,746,6,receive,262809148010,950962
262810099623,626,5,receive,262809134929,964694
262810119272,504,14,receive,262809126339,992933
262810119923,282,7,receive,262809166202,953721
262810120538,250,7,receive,262809179269,941269
262810125417,566,8,receive,262809185230,940187
262810126113,512,9,receive,262809166451,959662
262810126777,318,9,receive,262809172006,954771
262810146153,642,9,receive,262809195971,950182
262810146727,710,8,receive,262809189832,956895
262810147341,4,10,receive,262809185684,961657
262810148027,334,10,receive,262809203695,944332
262810148711,800,7,receive,262809210689,938022
262810169698,292,8,receive,262809206875,962823
262810170272,346,7,receive,262809175191,995081
262810170882,756,6,receive,262809223532,947350
262810173928,572,8,receive,262809244203,929725
262810178573,350,9,receive,262809237599,940974
262810186401,256,12,receive,262809238027,948374
262810189818,750,8,receive,262809263119,926699
262810190485,784,7,receive,262809258230,932255
262810191173,408,10,receive,262809275530,915643
262810202428,486,8,receive,262809275326,927102
262810215371,284,14,receive,262809247484,967887
262810216032,196,9,receive,262809243190,972842
262810216697,764,7,receive,262809271528,945169
262810221322,518,12,receive,262809288121,933201
262810225261,530,9,receive,262809320649,904612
262810225934,304,14,receive,262809315346,910588
262810237648,410,15,receive,262809319228,918420
262810238338,516,8,receive,262809295010,943328
262810239022,566,9,receive,262809329415,909607
262810239701,770,7,receive,262809337283,902418
262810240383,498,11,receive,262809359481,880902
262810240979,692,9,receive,262809357135,883844
262810270484,240,8,receive,262809362972,907512
262810271164,286,9,receive,262809382007,889157
262810271832,334,11,receive,262809358498,913334
262810279311,266,13,receive,262809360007,919304
262810290308,506,8,receive,262809392006,898302
262810291039,676,11,receive,262809393469,897570
262810295448,644,8,receive,262809378735,916713
262810299421,642,10,receive,262809407855,891566
262810304230,648,7,receive,262809385689,918541
262810321241,800,8,receive,262809390754,930487
262810321928,130,9,receive,262809411563,910365
262810322580,462,8,receive,262809410205,912375
262810323169,474,8,receive,262809426820,896349
262810323741,696,15,receive,262809442061,881680
262810324311,310,12,receive,262809426708,897603
262810324891,516,9,receive,262809443004,881887
262810355392,368,11,receive,262809438117,917275
262810355836,602,9,receive,262809453706,902130
262810356278,254,9,receive,262809459062,897216
262810356712,710,9,receive,262809437420,919292
262810357156,572,9,receive,262809463115,894041
262810357590,776,6,receive,262809462593,894997
262810358029,796,7,receive,262809448887,909142
262810358465,484,9,receive,262809444148,914317
262810358902,250,8,receive,262809475640,883262
262810393831,440,7,receive,262809450834,942997
262810394502,616,10,receive,262809488450,906052
262810395173,750,9,receive,262809500723,894450
262810395833,240,9,receive,262809478182,917651
262810423027,340,10,receive,262809516819,906208
262810423698,510,11,receive,262809525541,898157
262810424364,416,9,receive,262809508872,915492
262810425029,808,8,receive,262809532009,893020
262810425697,770,8,receive,262809549299,876398
262810449902,598,8,receive,262809526942,922960
262810450346,302,16,receive,262809554098,896248
262810450786,282,8,receive,262809533797,916989
262810451227,644,9,receive,262809543404,907823
262810451661,410,16,receive,262809545115,906546
262810452128,260,7,receive,262809548200,903928
262810452788,426,11,receive,262809547440,905348
262810479883,396,9,receive,262809513226,966657
262810480326,570,8,receive,262809572704,907622
262810480761,342,16,receive,262809576292,904469
262810481204,446,9,receive,262809581007,900197
262810481645,264,10,receive,262809575575,906070
262810482097,522,10,receive,262809589637,892460
262810482531,408,11,receive,262809596285,886246
262810482960,796,8,receive,262809605420,877540
262810515720,326,9,receive,262809610976,904744
262810516220,412,12,receive,262809617369,898851
262810516881,546,9,receive,262809626182,890699
262810517549,492,11,receive,262809624253,893296
262810518215,254,10,receive,262809619807,898408
262810518879,550,9,receive,262809633914,884965
262810556014,478,12,receive,262809603814,952200
262810556513,566,10,receive,262809638006,918507
262810557021,350,10,receive,262809636010,921011
262810557679,330,12,receive,262809653377,904302
262810558346,650,9,receive,262809658139,900207
262810580362,298,12,receive,262809668316,912046
262810580819,462,9,receive,262809648292,932527
262810581305,410,17,receive,262809663673,917632
262810581806,304,15,receive,262809678005,903801
262810582329,468,12,receive,262809664290,918039
262810582830,576,6,receive,262809673219,909611
262810583337,338,13,receive,262809690183,893154
262810583841,798,7,receive,262809697021,886820
262810615580,346,8,receive,262809709865,905715
262810616018,746,7,receive,262809707569,908449
262810616563,270,16,receive,262809708372,908191
262810617081,284,15,receive,262809722132,894949
262810617519,294,11,receive,262809714007,903512
262810617953,728,9,receive,262809726369,891584
262810618396,524,9,receive,262809717422,900974
262810618836,456,7,receive,262809737595,881241
262810657131,368,12,receive,262809703005,954126
262810657788,282,9,receive,262809746960,910828
262810658458,310,13,receive,262809752596,905862
262810668745,626,6,receive,262809733702,935043
262810681130,572,10,receive,262809762116,919014
262810681577,624,7,receive,262809750012,931565
262810682013,200,11,receive,262809746635,935378
262810682452,474,9,receive,262809768771,913681
262810682888,564,6,receive,262809777006,905882
262810683329,314,10,receive,262809759793,923536
262810683766,528,9,receive,262809793957,889809
262810684214,318,10,receive,262809781840,902374
262810684657,770,9,receive,262809792229,892428
262810719590,584,7,receive,262809804752,914838
262810720249,546,10,receive,262809805709,914540
262810725652,250,9,receive,262809796411,929241
262810729533,292,9,receive,262809784708,944825
262810734369,748,6,receive,262809790777,943592
262810749657,672,11,receive,262809818068,931589
262810750333,690,9,receive,262809815071,935262
262810752437,196,10,receive,262809823743,928694
262810761041,256,13,receive,262809832581,928460
262810765482,460,11,receive,262809822006,943476
262810782515,204,9,receive,262809810367,972148
262810783070,240,10,receive,262809806293,976777
262810784596,776,7,receive,262809839071,945525
262810785285,458,11,receive,262809852756,932529
262810785948,498,12,receive,262809830686,955262
262810786612,800,9,receive,262809854362,932250
262810819479,566,11,receive,262809838954,980525
262810819917,576,7,receive,262809858125,961792
262810820363,4,11,receive,262809852005,968358
262810820800,728,10,receive,262809843351,977449
262810825146,270,17,receive,262809867177,957969
262810831831,710,10,receive,262809886987,944844
262810846318,514,10,receive,262809860336,985982
262810846760,548,8,receive,262809904477,942283
262810847203,254,11,receive,262809914495,932708
262810847640,584,8,receive,262809931834,915806
262810848117,650,10,receive,262809925765,922352
262810848562,570,9,receive,262809936012,912550
262810849005,400,11,receive,262809952007,896998
262810867406,808,9,receive,262809953390,914016
262810868135,478,13,receive,262809952204,915931
262810872400,784,8,receive,262809942792,929608
262810879024,572,11,receive,262809961443,917581
262810879764,644,10,receive,262809996101,883663
262810880431,574,10,receive,262810001616,878815
262810894919,346,9,receive,262810007902,887017
262810895582,462,10,receive,262810007006,888576
262810896239,504,15,receive,262810038007,858232
262810896896,284,16,receive,262810053309,843587
262810897552,216,8,receive,262810035181,862371
262810920024,524,10,receive,262810053308,866716
262810920684,510,12,receive,262810059298,861386
262810921348,664,10,receive,262810060613,860735
262810922015,408,12,receive,262810061293,860722
262810929577,598,9,receive,262810064007,865570
262810937507,692,10,receive,262810071758,865749
262810938168,544,10,receive,262810077705,860463
262810938829,690,10,receive,262810070897,867932
262810939503,566,12,receive,262810076473,863030
262810952521,254,12,receive,262810084859,867662
262810963539,584,9,receive,262810091626,871913
262810964204,396,10,receive,262810058432,905772
262810964869,784,9,receive,262810078049,886820
262810965528,302,17,receive,262810092967,872561
262810966197,516,10,receive,262810100640,865557
262810966854,204,10,receive,262810117824,849030
262810986774,770,10,receive,262810124943,861831
262810987436,440,8,receive,262810131888,855548
262810988101,564,7,receive,262810142071,846030
262810994030,800,10,receive,262810116450,877580
262811003324,260,8,receive,262810144136,859188
262811004050,292,10,receive,262810147012,857038
262811009141,412,13,receive,262810154953,854188
262811016285,458,12,receive,262810106541,909744
262811019742,294,12,receive,262810149908,869834
262811027107,426,12,receive,262810179468,847639
262811029274,196,11,receive,262810171953,857321
262811030714,504,16,receive,262810183848,846866
262811039021,550,10,receive,262810166836,872185
262811039895,342,17,receive,262810196131,843764
262811045814,282,10,receive,262810191515,854299
262811047988,286,10,receive,262810214559,833429
