receive_timestamp,source_vehicle,message_id,event_type,send_timestamp,latency_us
262803625548,278,1,receive,262794645016,8980532
262803626076,132,1,receive,262794645162,8980914
262803626537,96,1,receive,262794645700,8980837
262803626981,262,1,receive,262794646137,8980844
262803629791,82,1,receive,262794647666,8982125
262803630247,110,1,receive,262794648198,8982049
262803630696,12,1,receive,262794651507,8979189
262803682220,372,1,receive,262794651592,9030628
262803682692,156,1,receive,262794652107,9030585
262803683159,198,1,receive,262794652771,9030388
262803683618,186,1,receive,262794653417,9030201
262803684085,16,1,receive,262794654371,9029714
262803684545,376,1,receive,262794656043,9028502
262803684997,582,1,receive,262794656105,9028892
262803685457,380,1,receive,262794656620,9028837
262803685904,210,1,receive,262794657065,9028839
262803758902,580,1,receive,262794657773,9101129
262803759406,218,1,receive,262794659052,9100354
262803759897,596,1,receive,262794659861,9100036
262803760384,50,1,receive,262794660037,9100347
262803768941,76,1,receive,262794660045,9108896
262803769393,44,1,receive,262794661029,9108364
262803769832,592,1,receive,262794664405,9105427
262803822890,420,1,receive,262794665047,9157843
262803823323,588,1,receive,262794665889,9157434
262803823737,150,1,receive,262794668319,9155418
262803824161,632,1,receive,262794668908,9155253
262803824576,164,1,receive,262794669151,9155425
262803825014,384,1,receive,262794669749,9155265
262803825458,14,1,receive,262794650105,9175353
262803825900,542,1,receive,262794672968,9152932
262803889364,628,1,receive,262794676074,9213290
262803889803,52,1,receive,262794677035,9212768
262803890238,590,1,receive,262794679633,9210605
262803890666,170,1,receive,262794680405,9210261
262803891110,226,1,receive,262794680969,9210141
262803891553,364,1,receive,262794682340,9209213
262803891998,10,1,receive,262794651651,9240347
262803892450,88,1,receive,262794684352,9208098
262803892893,134,1,receive,262794684917,9207976
262803948358,358,1,receive,262794685038,9263320
262803948786,120,1,receive,262794685420,9263366
262803949219,758,1,receive,262794685979,9263240
262803949645,166,1,receive,262794688499,9261146
262803950079,208,1,receive,262794691855,9258224
262803950526,344,1,receive,262794693037,9257489
262803950970,832,1,receive,262794694048,9256922
262803951431,794,1,receive,262794695138,9256293
262803951872,442,1,receive,262794697452,9254420
262804014355,450,1,receive,262794698023,9316332
262804014799,162,1,receive,262794700773,9314026
262804015261,802,1,receive,262794702973,9312288
262804015708,812,1,receive,262794703956,9311752
262804016162,834,1,receive,262794704045,9312117
262804016608,126,1,receive,262794705053,9311555
262804017060,824,1,receive,262794709244,9307816
262804017505,818,1,receive,262794710825,9306680
262804017946,552,1,receive,262794712774,9305172
262804064774,752,1,receive,262794715035,9349739
262804065243,274,1,receive,262794718059,9347184
262804065692,830,1,receive,262794719284,9346408
262804066155,480,1,receive,262794719296,9346859
262804066605,822,1,receive,262794719860,9346745
262804067060,618,1,receive,262794721795,9345265
262804067512,520,1,receive,262794730338,9337174
262804067962,630,1,receive,262794730659,9337303
262804116940,500,1,receive,262794731099,9385841
262804117409,526,1,receive,262794732762,9384647
262804117866,348,1,receive,262794733707,9384159
262804118330,508,1,receive,262794734772,9383558
262804118782,836,1,receive,262794737218,9381564
262804119243,792,1,receive,262794738039,9381204
262804119698,762,1,receive,262794738054,9381644
262804167219,820,1,receive,262794738579,9428640
262804167670,168,1,receive,262794739068,9428602
262804168130,454,1,receive,262794739055,9429075
262804168575,354,1,receive,262794739204,9429371
262804169034,840,1,receive,262794739718,9429316
262804169485,388,1,receive,262794699467,9470018
262804169929,488,1,receive,262794741721,9428208
262804212177,92,1,receive,262794651844,9560333
262804212629,816,1,receive,262794745511,9467118
262804213095,202,1,receive,262794745539,9467556
262804213546,244,1,receive,262794745732,9467814
262804213997,212,1,receive,262794749217,9464780
262804214450,432,1,receive,262794657302,9557148
262804214933,178,1,receive,262794679202,9535731
262804264475,352,1,receive,262794747193,9517282
262804264934,610,1,receive,262794753207,9511727
262804265414,634,1,receive,262794756062,9509352
262804265869,540,1,receive,262794759061,9506808
262804266347,786,1,receive,262794759277,9507070
262804266803,494,1,receive,262794759442,9507361
262804267262,482,1,receive,262794759783,9507479
262804267709,838,1,receive,262794760973,9506736
262804320734,736,1,receive,262794761059,9559675
262804321193,712,1,receive,262794765916,9555277
262804321637,606,1,receive,262794767049,9554588
262804322114,594,1,receive,262794771037,9551077
262804322542,62,1,receive,262794771460,9551082
262804334460,236,1,receive,262794669024,9665436
262804334913,356,1,receive,262794775038,9559875
262804335364,724,1,receive,262794775084,9560280
262804335801,722,1,receive,262794775712,9560089
262804378282,788,1,receive,262794776734,9601548
262804378749,638,1,receive,262794777049,9601700
262804379230,466,1,receive,262794779063,9600167
262804379687,754,1,receive,262794779855,9599832
262804380156,744,1,receive,262794782098,9598058
262804380613,718,1,receive,262794784101,9596512
262804381076,58,1,receive,262794634580,9746496
262804381537,852,1,receive,262794785938,9595599
262804438569,842,1,receive,262794787098,9651471
262804439023,140,1,receive,262794705034,9733989
262804439473,874,1,receive,262794790712,9648761
262804439924,608,1,receive,262794791047,9648877
262804440379,740,1,receive,262794791185,9649194
262804440823,862,1,receive,262794791404,9649419
262804441305,586,1,receive,262794773034,9668271
262804441773,680,1,receive,262794800964,9640809
262804494287,556,1,receive,262794801210,9693077
262804494758,80,1,receive,262794753077,9741681
262804495252,810,1,receive,262794800687,9694565
262804495688,682,1,receive,262794803273,9692415
262804496148,848,1,receive,262794804357,9691791
262804496616,688,1,receive,262794805146,9691470
262804497080,670,1,receive,262794805425,9691655
262804497548,706,1,receive,262794805754,9691794
262804540440,532,1,receive,262794804039,9736401
262804550258,866,1,receive,262794807290,9742968
262804550733,846,1,receive,262794808433,9742300
262804551213,700,1,receive,262794808661,9742552
262804551673,666,1,receive,262794808832,9742841
262804552150,726,1,receive,262794809152,9742998
262804552622,886,1,receive,262794809654,9742968
262804553105,280,1,receive,262794804038,9749067
262804553568,534,1,receive,262794810019,9743549
262804650205,742,1,receive,262794810046,9840159
262804650664,734,1,receive,262794805975,9844689
262804651124,738,1,receive,262794804564,9846560
262804651569,578,1,receive,262794813571,9837998
262804652023,614,1,receive,262794818064,9833959
262804658069,766,1,receive,262794818592,9839477
262804658496,814,1,receive,262794819547,9838949
262804658935,760,1,receive,262794820818,9838117
262804692039,620,1,receive,262794817830,9874209
262804692494,864,1,receive,262794816273,9876221
262804692950,612,1,receive,262794824582,9868368
262804693418,768,1,receive,262794826059,9867359
262804693864,472,1,receive,262794824203,9869661
262804694327,890,1,receive,262794828041,9866286
262804694778,902,1,receive,262794828444,9866334
262804737532,878,1,receive,262794829373,9908159
262804737958,558,1,receive,262794826751,9911207
262804738396,882,1,receive,262794827769,9910627
262804738832,730,1,receive,262794831114,9907718
262804739285,780,1,receive,262794831798,9907487
262804739738,32,1,receive,262794664030,10075708
262804740199,174,1,receive,262794707028,10033171
262804781815,538,1,receive,262794831395,9950420
262804782293,774,1,receive,262794834551,9947742
262804782744,782,1,receive,262794831156,9951588
262804783210,636,1,receive,262794835757,9947453
262804783658,230,1,receive,262794836017,9947641
262804784112,568,1,receive,262794828903,9955209
262804784568,276,1,receive,262794718788,10065780
262804816044,184,1,receive,262794837518,9978526
262804816498,888,1,receive,262794838015,9978483
262804816944,708,1,receive,262794823509,9993435
262804817403,704,1,receive,262794836511,9980892
262804817852,536,1,receive,262794827439,9990413
262804818315,884,1,receive,262794818675,9999640
262804818760,880,1,receive,262794828803,9989957
262804850070,856,1,receive,262794841630,10008440
262804850535,674,1,receive,262794842731,10007804
262804850992,678,1,receive,262794849031,10001961
262804852465,868,1,receive,262794833809,10018656
262804852906,698,1,receive,262794848604,10004302
262804853360,806,1,receive,262794853081,10000279
262804853806,778,1,receive,262794855512,9998294
262804888278,720,1,receive,262794843242,10045036
262804888735,844,1,receive,262794842017,10046718
262804889199,900,1,receive,262794839300,10049899
262804889658,464,1,receive,262794827781,10061877
262804890121,804,1,receive,262794860983,10029138
262804890576,444,1,receive,262794861645,10028931
262804919031,790,1,receive,262794850137,10068894
262804919494,896,1,receive,262794858653,10060841
262804919951,870,1,receive,262794831029,10088922
262804920410,912,1,receive,262794858038,10062372
262804920860,116,1,receive,262794852130,10068730
262804934276,716,1,receive,262794853883,10080393
262804941910,876,1,receive,262794852260,10089650
262804958382,732,1,receive,262794852037,10106345
262804958809,854,1,receive,262794864460,10094349
262804959241,914,1,receive,262794874858,10084383
262804959669,828,1,receive,262794871988,10087681
262804960137,910,1,receive,262794873486,10086651
262804960573,892,1,receive,262794863422,10097151
262804961012,600,1,receive,262794874615,10086397
262804992586,924,1,receive,262794879157,10113429
262804993044,124,2,receive,262794780600,10212444
262804993493,918,1,receive,262794884191,10109302
262804993938,858,1,receive,262794875062,10118876
262804994390,628,2,receive,262794887482,10106908
262804994836,222,1,receive,262794858074,10136762
262805012231,826,1,receive,262794888886,10123345
262805031037,908,1,receive,262794887953,10143084
262805031499,916,1,receive,262794895909,10135590
262805031951,898,1,receive,262794897612,10134339
262805032416,206,1,receive,262794894084,10138332
262805032868,906,1,receive,262794896323,10136545
262805033356,176,1,receive,262794885163,10148193
262805033808,850,1,receive,262794880639,10153169
262805034271,702,1,receive,262794859037,10175234
262805034724,920,1,receive,262794906037,10128687
262805076955,904,1,receive,262794898967,10177988
262805077421,104,1,receive,262794693040,10384381
262805077867,894,1,receive,262794910035,10167832
262805078327,714,1,receive,262794869932,10208395
262805090434,432,2,receive,262794897567,10192867
262805090888,362,1,receive,262794890412,10200476
262805091369,74,2,receive,262794891949,10199420
262805091820,138,1,receive,262794906230,10185590
262805119681,872,1,receive,262794868647,10251034
262805120145,926,1,receive,262794922243,10197902
262805120584,860,1,receive,262794864783,10255801
262805121030,928,1,receive,262794926348,10194682
262805121480,922,1,receive,262794927383,10194097
262805121918,442,2,receive,262794921009,10200909
262805122369,172,1,receive,262794871811,10250558
262805122820,152,1,receive,262794921274,10201546
262805156304,820,2,receive,262794926445,10229859
262805156753,562,1,receive,262794948009,10208744
262805157214,378,1,receive,262794945663,10211551
262805157656,114,1,receive,262794899455,10258201
262805158107,758,2,receive,262794953280,10204827
262805173222,110,2,receive,262794921860,10251362
262805173639,148,1,receive,262794843310,10330329
262805201108,772,1,receive,262794960625,10240483
262805201559,212,2,receive,262794923249,10278310
262805202026,354,2,receive,262794884812,10317214
262805202470,938,1,receive,262794965518,10236952
262805202924,736,2,receive,262794901012,10301912
262805203391,934,1,receive,262794966837,10236554
262805203846,580,2,receive,262794955918,10247928
262805204325,888,2,receive,262794981489,10222836
262805204790,956,1,receive,262794984049,10220741
262805254528,508,2,receive,262794961472,10293056
262805254959,262,2,receive,262794986507,10268452
262805255399,962,1,receive,262794987230,10268169
262805255821,220,1,receive,262794979264,10276557
262805256269,838,2,receive,262794990251,10266018
262805256720,930,1,receive,262794990426,10266294
262805257192,700,2,receive,262794990760,10266432
262805257642,418,1,receive,262794895366,10362276
262805294811,12,2,receive,262794920545,10374266
262805295270,958,1,receive,262794999239,10296031
262805295715,964,1,receive,262795001085,10294630
262805296195,954,1,receive,262795002131,10294064
262805296658,948,1,receive,262795005276,10291382
262805297147,950,1,receive,262795006730,10290417
262805297608,944,1,receive,262795008940,10288668
262805338470,952,1,receive,262795010977,10327493
262805338942,358,2,receive,262795011078,10327864
262805339411,942,1,receive,262795012579,10326832
262805339871,20,2,receive,262794917166,10422705
262805340349,946,1,receive,262795013041,10327308
262805340802,404,1,receive,262795004819,10335983
262805341255,960,1,receive,262795017037,10324218
262805341695,162,2,receive,262795004120,10337575
262805390154,944,13,receive,262803591308,1798846
262805390603,614,15,receive,262803611718,1778885
262805391063,30,15,receive,262803633384,1757679
262805391512,534,12,receive,262803618198,1773314
262805391954,438,13,receive,262803586373,1805581
262805392405,422,15,receive,262803637803,1754602
262805392851,242,5,receive,262803617595,1775256
262805417827,244,17,receive,262803661877,1755950
262805418261,238,5,receive,262803643353,1774908
262805418703,10,15,receive,262803697600,1721103
262805426906,268,6,receive,262803672942,1753964
262805427371,484,1,receive,262803694122,1733249
262805427817,458,2,receive,262803679858,1747959
262805428293,580,14,receive,262803709799,1718494
262805428742,84,16,receive,262803694007,1734735
262805467123,8,16,receive,262803680809,1786314
262805467541,656,9,receive,262803716309,1751232
262805467964,100,15,receive,262803737010,1730954
262805468388,686,8,receive,262803769489,1698899
262805468812,306,2,receive,262803756289,1712523
262805469265,514,1,receive,262803781293,1687972
262805469715,252,10,receive,262803747709,1722006
262805514696,374,2,receive,262803798743,1715953
262805515126,58,17,receive,262803809957,1705169
262805515541,980,18,receive,262803834131,1681410
262805515958,468,3,receive,262803790809,1725149
262805516418,398,15,receive,262803812010,1704408
262805516855,910,14,receive,262803807880,1708975
262805530319,298,3,receive,262803803186,1727133
262805530755,956,16,receive,262803807375,1723380
262805555547,662,9,receive,262803801014,1754533
262805555970,344,17,receive,262803900634,1655336
262805556404,320,10,receive,262803894820,1661584
262805560570,350,1,receive,262803906909,1653661
262805560984,942,13,receive,262803868487,1692497
262805561429,52,14,receive,262803874816,1686613
262805561863,826,16,receive,262803853471,1708392
262805562311,406,12,receive,262803858465,1703846
262805562750,8,17,receive,262803897142,1665608
262805601997,772,19,receive,262803904714,1697283
262805602468,244,18,receive,262803906077,1696391
262805602919,28,15,receive,262803952004,1650915
262805603366,580,15,receive,262803904422,1698944
262805603810,578,16,receive,262803952593,1651217
262805604269,968,15,receive,262803959485,1644784
262805604710,210,15,receive,262803972211,1632499
262805646184,524,1,receive,262803972335,1673849
262805646625,554,7,receive,262803974402,1672223
262805647083,708,18,receive,262803897311,1749772
262805647527,664,1,receive,262804026262,1621265
262805647964,476,14,receive,262804026849,1621115
262805648416,310,3,receive,262804021289,1627127
262805648857,58,18,receive,262804007030,1641827
262805649305,836,14,receive,262804038744,1610561
262805649759,4,2,receive,262804008077,1641682
262805692594,294,3,receive,262804015092,1677502
262805694027,998,14,receive,262804050423,1643604
262805700598,270,4,receive,262804058860,1641738
262805701045,600,15,receive,262804065784,1635261
262805701476,318,2,receive,262804024295,1677181
262805701899,374,3,receive,262804054220,1647679
262805702329,940,16,receive,262804073842,1628487
262805702758,504,2,receive,262804072123,1630635
262805743842,182,8,receive,262804062765,1681077
262805744281,18,14,receive,262804071204,1673077
262805744701,646,13,receive,262804093509,1651192
262805745135,710,1,receive,262804121788,1623347
262805745564,336,5,receive,262804117194,1628370
262805745991,342,6,receive,262804130886,1615105
262805757810,74,16,receive,262804101009,1656801
262805780521,442,16,receive,262804139597,1640924
262805780966,470,12,receive,262804139178,1641788
262805781422,410,5,receive,262804128006,1653416
262805785461,604,13,receive,262804161069,1624392
262805785901,306,3,receive,262804168501,1617400
262805786347,612,15,receive,262804153128,1633219
262805786784,952,18,receive,262804187200,1599584
262805824352,978,16,receive,262804164457,1659895
262805824863,614,16,receive,262804167881,1656982
262805825320,538,17,receive,262804165566,1659754
262805825751,806,14,receive,262804216802,1608949
262805826196,690,1,receive,262804217203,1608993
262805826634,478,4,receive,262804161933,1664701
262805827080,258,11,receive,262804187689,1639391
262805827519,728,1,receive,262804234856,1592663
262805827962,302,5,receive,262804216129,1611833
262805876525,324,8,receive,262804212400,1664125
262805876946,58,19,receive,262804268078,1608868
262805877376,358,18,receive,262804242253,1635123
262805877813,526,15,receive,262804254388,1623425
262805895019,902,17,receive,262804240764,1654255
262805895449,298,4,receive,262804268673,1626776
262805895889,344,18,receive,262804265361,1630528
262805922474,686,9,receive,262804273007,1649467
262805922890,330,2,receive,262804202195,1720695
262805923324,2,16,receive,262804282480,1640844
262805923747,178,13,receive,262804331792,1591955
262805924175,338,5,receive,262804338863,1585312
262805924592,304,5,receive,262804322890,1601702
262805925034,492,2,receive,262804349416,1575618
262805925474,692,1,receive,262804357057,1568417
262805925911,448,8,receive,262804324888,1601023
262805976954,952,19,receive,262804350810,1626144
262805977404,812,16,receive,262804371747,1605657
262805977849,672,1,receive,262804446661,1531188
262805978316,608,15,receive,262804452583,1525733
262805989972,460,1,receive,262804461312,1528660
262805998923,320,11,receive,262804428137,1570786
262806027527,238,6,receive,262804441931,1585596
262806027967,304,6,receive,262804470971,1556996
262806028407,332,7,receive,262804414555,1613852
262806028838,18,15,receive,262804427011,1601827
262806029603,520,17,receive,262804439525,1590078
262806030051,458,3,receive,262804479960,1550091
262806030489,412,2,receive,262804449456,1581033
262806030924,728,2,receive,262804503275,1527649
262806066045,916,16,receive,262804440404,1625641
262806066457,594,18,receive,262804512456,1554001
262806066874,462,1,receive,262804496860,1570014
262806067315,444,17,receive,262804512010,1555305
262806067751,826,17,receive,262804506957,1560794
262806068196,100,17,receive,262804432716,1635480
262806068635,772,20,receive,262804545280,1523355
262806110544,8,18,receive,262804542079,1568465
262806111004,28,16,receive,262804522740,1588264
262806111458,74,17,receive,262804514932,1596526
262806111903,656,10,receive,262804559008,1552895
262806112360,360,4,receive,262804553008,1559352
262806112808,374,4,receive,262804503084,1609724
262806113270,578,17,receive,262804629316,1483954
262806113719,510,2,receive,262804654389,1459330
262806164610,242,8,receive,262804653823,1510787
262806165062,272,9,receive,262804612135,1552927
262806165518,340,2,receive,262804659400,1506118
262806165965,246,5,receive,262804669063,1496902
262806166416,544,1,receive,262804646346,1520070
262806166862,512,1,receive,262804674051,1492811
262806167321,546,1,receive,262804683864,1483457
262806167764,66,15,receive,262804663184,1504580
262806240127,460,2,receive,262804677249,1562878
262806240553,442,17,receive,262804663201,1577352
262806240973,654,15,receive,262804683736,1557237
262806241431,196,1,receive,262804708328,1533103
262806241869,548,1,receive,262804715067,1526802
262806242318,190,8,receive,262804684513,1557805
262806242754,550,1,receive,262804710554,1532200
262806243199,414,11,receive,262804714015,1529184
262806243632,518,1,receive,262804689158,1554474
262806276506,200,1,receive,262804706202,1570304
262806276976,268,7,receive,262804709399,1567577
262806277455,296,8,receive,262804697756,1579699
262806295587,538,19,receive,262804700498,1595089
262806296042,514,2,receive,262804709550,1586492
262806296497,436,10,receive,262804742282,1554215
262806296948,484,2,receive,262804739880,1557068
262806297412,662,11,receive,262804746982,1550430
262806297875,862,17,receive,262804732727,1565148
262806298334,498,3,receive,262804737782,1560552
262806298786,416,2,receive,262804740016,1558770
262806338923,408,2,receive,262804802126,1536797
262806339388,446,1,receive,262804814426,1524962
262806339842,412,3,receive,262804796874,1542968
262806340317,458,4,receive,262804802773,1537544
262806340768,370,4,receive,262804804015,1536753
262806341228,502,15,receive,262804792791,1548437
262806341690,308,8,receive,262804839012,1502678
262806380232,970,13,receive,262804815658,1564574
262806380692,338,6,receive,262804840550,1540142
262806381146,460,3,receive,262804839433,1541713
262806381594,546,2,receive,262804823127,1558467
262806386171,692,2,receive,262804847010,1539161
262806386612,216,1,receive,262804830298,1556314
262806387066,390,17,receive,262804859537,1527529
262806387536,980,20,receive,262804866319,1521217
262806387987,652,11,receive,262804839070,1548917
262806423135,214,8,receive,262804861005,1562130
262806423556,642,1,receive,262804880378,1543178
262806423977,514,3,receive,262804873175,1550802
262806424411,284,5,receive,262804879504,1544907
262806424855,544,2,receive,262804885682,1539173
262806425313,492,4,receive,262804901549,1523764
262806425774,192,6,receive,262804898386,1527388
262806465259,314,3,receive,262804905006,1560253
262806465738,180,9,receive,262804884631,1581107
262806466248,414,12,receive,262804909944,1556304
262806470353,696,6,receive,262804891467,1578886
262806470799,342,8,receive,262804931525,1539274
262806471262,686,10,receive,262804917440,1553822
262806471714,524,2,receive,262804908009,1563705
262806508221,648,1,receive,262804941804,1566417
262806508656,246,6,receive,262804950347,1558309
262806509119,302,7,receive,262804937007,1572112
262806509571,940,17,receive,262804929515,1580056
262806510027,404,16,receive,262804955802,1554225
262806510481,318,3,receive,262804956147,1554334
262806510930,474,1,receive,262804965055,1545875
262806511431,200,2,receive,262804933237,1578194
262806511928,306,5,receive,262804970207,1541721
262806556527,470,13,receive,262804973755,1582772
262806556969,336,7,receive,262804971009,1585960
262806557655,238,7,receive,262804968728,1588927
262806562582,258,13,receive,262804986006,1576576
262806567539,692,3,receive,262804967657,1599882
262806574595,272,10,receive,262805002062,1572533
262806586650,554,8,receive,262804968367,1618283
262806587090,350,3,receive,262804986662,1600428
262806587774,312,7,receive,262804931064,1656710
262806594214,328,9,receive,262805004006,1590208
262806601035,414,13,receive,262805040696,1560339
262806604040,424,5,receive,262805024207,1579833
262806611032,710,3,receive,262805040121,1570911
262806629188,980,21,receive,262805030772,1598416
262806629629,616,2,receive,262805040162,1589467
262806630059,250,1,receive,262805034868,1595191
262806630484,504,3,receive,262805044692,1585792
262806630916,452,5,receive,262805013115,1617801
262806648031,330,3,receive,262805069606,1578425
262806648468,260,1,receive,262805099706,1548762
262806669269,518,2,receive,262805092006,1577263
262806669697,604,14,receive,262805107182,1562515
262806670139,188,9,receive,262805087004,1583135
262806670578,598,1,receive,262805113564,1557014
262806671026,320,12,receive,262805109011,1562015
262806689043,486,1,receive,262805114959,1574084
262806690046,374,5,receive,262805100917,1589129
262806690513,764,1,receive,262805141798,1548715
262806720435,326,3,receive,262805135697,1584738
262806720906,196,2,receive,262805124693,1596213
262806721394,690,2,receive,262805081914,1639480
262806721853,316,9,receive,262805145489,1576364
262806722327,662,12,receive,262805130006,1592321
262806722782,264,1,receive,262805143277,1579505
262806744311,360,6,receive,262805130688,1613623
262806768680,394,13,receive,262805138304,1630376
262806769137,256,6,receive,262805147116,1622021
262806769568,602,1,receive,262805158467,1611101
262806770007,510,4,receive,262805180850,1589157
262806770445,546,3,receive,262805158253,1612192
262806770883,252,12,receive,262805181884,1588999
262806771343,448,9,receive,262805180360,1590983
262806771791,548,2,receive,262805204629,1567162
262806817828,574,1,receive,262805221469,1596359
262806818298,272,11,receive,262805214361,1603937
262806818736,400,3,receive,262805233010,1585726
262806819185,282,1,receive,262805234803,1584382
262806819618,340,3,receive,262805237930,1581688
262806820059,426,3,receive,262805211743,1608316
262806820515,572,1,receive,262805248804,1571711
262806820971,314,4,receive,262805280222,1540749
262806865388,498,4,receive,262805295946,1569442
262806865856,194,12,receive,262805294005,1571851
262806866318,512,2,receive,262805291636,1574682
262806866787,504,4,receive,262805300296,1566491
262806867254,332,10,receive,262805282670,1584584
262806867702,550,2,receive,262805315453,1552249
262806910348,292,1,receive,262805307930,1602418
262806910787,304,7,receive,262805307394,1603393
262806911234,642,2,receive,262805301806,1609428
262806911695,518,3,receive,262805294036,1617659
262806912158,330,4,receive,262805322685,1589473
262806912608,728,3,receive,262805319061,1593547
262806921988,506,1,receive,262805328039,1593949
262806922434,696,7,receive,262805310905,1611529
262806922875,522,2,receive,262805310866,1612009
262806957238,424,6,receive,262805311310,1645928
262806957680,360,7,receive,262805355011,1602669
262806958134,322,4,receive,262805344801,1613333
262806958572,416,3,receive,262805350613,1607959
262806967139,644,1,receive,262805371488,1595651
262806967572,270,7,receive,262805384819,1582753
262807003591,346,1,receive,262805416711,1586880
262807004058,386,9,receive,262805398863,1605195
262807004504,518,4,receive,262805438335,1566169
262807004940,516,1,receive,262805438809,1566131
262807006286,250,2,receive,262805450472,1555814
262807006738,374,6,receive,262805446133,1560605
262807007194,238,8,receive,262805456699,1550495
262807007633,396,1,receive,262805450533,1557100
262807050361,664,3,receive,262805459394,1590967
262807050828,298,6,receive,262805458122,1592706
262807051320,514,4,receive,262805442693,1608627
262807051768,544,3,receive,262805458288,1593480
262807052220,410,7,receive,262805487390,1564830
262807065803,266,6,receive,262805488127,1577676
262807069741,370,5,receive,262805466631,1603110
262807161064,486,2,receive,262805510844,1650220
262807161727,390,18,receive,262805497928,1663799
262807162390,306,6,receive,262805502007,1660383
262807163047,130,3,receive,262805520501,1642546
262807163701,460,4,receive,262805458140,1705561
262807188386,498,5,receive,262805493182,1695204
262807189067,462,2,receive,262805487011,1702056
262807189680,510,5,receive,262805512126,1677554
262807200226,756,1,receive,262805530587,1669639
262807220348,284,6,receive,262805520061,1700287
262807221012,214,9,receive,262805441671,1779341
262807221666,550,3,receive,262805548354,1673312
262807222323,656,11,receive,262805552326,1669997
262807222940,240,1,receive,262805562225,1660715
262807223607,676,4,receive,262805536281,1687326
262807270058,312,8,receive,262805571334,1698724
262807270791,406,14,receive,262805556218,1714573
262807271457,296,10,receive,262805553935,1717522
262807272097,368,4,receive,262805552363,1719734
262807272735,528,1,receive,262805579475,1693260
262807310585,490,15,receive,262805554147,1756438
262807311320,192,7,receive,262805559144,1752176
262807311976,318,4,receive,262805547320,1764656
262807312635,524,3,receive,262805580014,1732621
262807313294,308,9,receive,262805581347,1731947
262807313956,180,10,receive,262805599423,1714533
262807350794,452,6,receive,262805592279,1758515
262807358022,522,3,receive,262805602304,1755718
262807366050,746,1,receive,262805617836,1748214
262807371536,370,6,receive,262805627983,1743553
262807390320,506,2,receive,262805592712,1797608
262807390782,504,5,receive,262805589006,1801776
262807391321,254,3,receive,262805640096,1751225
262807398437,456,2,receive,262805618226,1780211
262807405572,412,5,receive,262805654532,1751040
262807428549,484,3,receive,262805610010,1818539
262807428997,692,4,receive,262805654779,1774218
262807429445,478,6,receive,262805653538,1775907
262807429883,784,1,receive,262805674500,1755383
262807430323,292,2,receive,262805652444,1777879
262807430759,430,5,receive,262805662875,1767884
262807431279,492,5,receive,262805668411,1762868
262807466539,770,1,receive,262805703343,1763196
262807467195,440,2,receive,262805677319,1789876
262807467841,672,4,receive,262805692152,1775689
262807468507,190,9,receive,262805669727,1798780
262807486022,796,1,receive,262805713042,1772980
262807506927,408,3,receive,262805669221,1837706
262807507580,294,5,receive,262805710714,1796866
262807508213,308,10,receive,262805735272,1772941
262807508793,284,7,receive,262805746366,1762427
262807526023,302,8,receive,262805739859,1786164
262807550146,686,11,receive,262805730390,1819756
262807550587,798,1,receive,262805764047,1786540
262807551029,554,10,receive,262805725008,1826021
262807551461,514,5,receive,262805769787,1781674
262807551894,4,4,receive,262805783907,1767987
262807562571,584,1,receive,262805774020,1788551
262807563238,300,8,receive,262805751078,1812160
262807563896,338,7,receive,262805771590,1792306
262807592797,446,3,receive,262805780509,1812288
262807593467,296,11,receive,262805782010,1811457
262807594130,498,6,receive,262805813633,1780497
262807594790,272,12,receive,262805826186,1768604
262807595451,286,2,receive,262805801329,1794122
262807637328,270,8,receive,262805819842,1817486
262807637989,572,2,receive,262805850008,1787981
262807638651,200,4,receive,262805850047,1788604
262807639285,530,2,receive,262805749324,1889961
262807639938,400,4,receive,262805848138,1791800
262807676059,748,1,receive,262805863930,1812129
262807676705,342,9,receive,262805854484,1822221
262807677372,470,15,receive,262805861007,1816365
262807689018,460,5,receive,262805805381,1883637
262807694277,516,2,receive,262805863008,1831269
262807711096,616,4,receive,262805870455,1840641
262807711756,672,5,receive,262805877126,1834630
262807712414,374,7,receive,262805823070,1889344
262807713075,566,1,receive,262805908526,1804549
262807713738,576,1,receive,262805908848,1804890
262807748437,196,3,receive,262805883302,1865135
262807749125,350,4,receive,262805844856,1904269
262807749790,662,13,receive,262805922416,1827374
262807750465,336,8,receive,262805929478,1820987
262807788245,490,16,receive,262805935506,1852739
262807788909,750,1,receive,262805955878,1833031
262807789836,326,4,receive,262805960006,1829830
262807798139,130,4,receive,262805956306,1841833
262807798579,624,1,receive,262805991483,1807096
262807799014,528,2,receive,262805988246,1810768
262807799671,696,9,receive,262805976688,1822983
262807831887,268,9,receive,262805984007,1847880
262807832549,504,6,receive,262805997618,1834931
262807833197,332,11,receive,262805991648,1841549
262807833828,242,11,receive,262805977068,1856760
262807834487,546,4,receive,262806025903,1808584
262807888394,598,2,receive,262806014012,1874382
262807889058,264,3,receive,262806000906,1888152
262807889705,192,8,receive,262805996500,1893205
262807890205,564,2,receive,262806051516,1838689
262807890643,190,10,receive,262806041627,1849016
262807891099,426,4,receive,262806043068,1848031
262807891769,416,4,receive,262806110628,1781141
262807933575,522,4,receive,262806106497,1827078
262807934238,554,11,receive,262806108921,1825317
262807934894,690,3,receive,262806107006,1827888
262807935527,764,2,receive,262806118459,1817068
262807936164,710,4,receive,262806041356,1894808
262807936807,216,3,receive,262806137007,1799800
262807983173,282,2,receive,262806127188,1855985
262807983749,242,12,receive,262806140075,1843674
262807984344,524,4,receive,262806163855,1820489
262807984959,642,3,receive,262806168315,1816644
262807985622,238,9,receive,262806175653,1809969
262808027603,298,7,receive,262806114009,1913594
262808028271,756,2,receive,262806149855,1878416
262808028933,656,12,receive,262806183727,1845206
262808029533,270,10,receive,262806141557,1887976
262808030195,4,5,receive,262806188767,1841428
262808030843,662,14,receive,262806187545,1843298
262808072010,468,6,receive,262806164982,1907028
262808072645,214,10,receive,262806191725,1880920
262808078285,286,3,receive,262806203873,1874412
262808078931,808,2,receive,262806204882,1874049
262808079597,192,9,receive,262806203872,1875725
262808113566,584,2,receive,262806233634,1879932
262808114249,430,6,receive,262806222326,1891923
262808114928,548,3,receive,262806249996,1864932
262808115562,304,8,receive,262806269280,1846282
262808116218,322,5,receive,262806241006,1875212
262808116875,314,5,receive,262806264066,1852809
262808155975,570,2,receive,262806254616,1901359
262808156914,368,5,receive,262806257544,1899370
262808157574,478,7,receive,262806291691,1865883
262808168409,396,3,receive,262806290678,1877731
262808191508,180,11,receive,262806289205,1902303
262808192162,426,5,receive,262806235070,1957092
262808192763,242,13,receive,262806285009,1907754
262808193376,576,2,receive,262806281934,1911442
262808194070,408,5,receive,262806317766,1876304
262808194749,728,4,receive,262806246449,1948300
262808225704,326,5,receive,262806177124,2048580
262808226367,342,10,receive,262806291005,1935362
262808226995,470,16,receive,262806319571,1907424
262808227656,194,13,receive,262806308174,1919482
262808228342,662,15,receive,262806328382,1899960
262808257092,518,7,receive,262806340789,1916303
262808257749,764,3,receive,262806353193,1904556
262808258418,292,3,receive,262806325009,1933409
262808276106,452,7,receive,262806309225,1966881
262808292626,484,4,receive,262806341958,1950668
262808293295,692,5,receive,262806370087,1923208
262808293953,574,3,receive,262806193605,2100348
262808294614,664,5,receive,262806299315,1995299
262808311604,510,6,receive,262806335416,1976188
262808332037,330,7,receive,262806310016,2022021
262808332767,204,3,receive,262806383946,1948821
262808333458,200,5,receive,262806385702,1947756
262808334140,512,4,receive,262806399933,1934207
262808334819,448,11,receive,262806396118,1938701
262808363261,266,8,receive,262806404374,1958887
262808363896,310,7,receive,262806393148,1970748
262808364575,456,3,receive,262806338248,2026327
262808382024,410,8,receive,262806429014,1953010
262808408220,566,3,receive,262806421121,1987099
262808408844,784,2,receive,262806388012,2020832
262808409440,770,2,receive,262806424316,1985124
262808410019,284,8,receive,262806396841,2013178
262808410706,530,3,receive,262806469609,1941097
262808411412,368,6,receive,262806476306,1935106
262808450455,272,14,receive,262806478468,1971987
262808451199,338,8,receive,262806463014,1988185
262808451866,412,6,receive,262806486135,1965731
262808472326,676,6,receive,262806461010,2011316
262808502494,340,5,receive,262806471991,2030503
262808503201,252,14,receive,262806505034,1998167
262808510869,258,16,receive,262806502075,2008794
262808516268,302,10,receive,262806492015,2024253
262808516953,458,6,receive,262806492011,2024942
262808555611,318,5,receive,262806522382,2033229
262808557252,498,7,receive,262806495247,2062005
262808557916,268,10,receive,262806510301,2047615
262808567695,478,8,receive,262806488960,2078735
262808609847,312,9,receive,262806511956,2097891
262808610565,200,6,receive,262806552153,2058412
262808611251,264,4,receive,262806567438,2043813
262808611934,294,6,receive,262806541668,2070266
262808612626,598,3,receive,262806557209,2055417
262808647191,300,9,receive,262806581089,2066102
262808647850,430,7,receive,262806556010,2091840
262808648533,710,5,receive,262806562680,2085853
262808649221,342,11,receive,262806542561,2106660
262808649911,602,3,receive,262806607366,2042545
262808679236,746,2,receive,262806603755,2075481
262808679911,330,8,receive,262806590146,2089765
262808680609,130,5,receive,262806610280,2070329
262808681305,626,2,receive,262806575592,2105713
262808719460,796,3,receive,262806530435,2189025
262808720158,284,9,receive,262806611324,2108834
262808720848,386,11,receive,262806618012,2102836
262808749932,194,14,receive,262806634311,2115621
262808750649,530,4,receive,262806648892,2101757
262808751360,750,2,receive,262806638196,2113164
262808752058,336,9,receive,262806658311,2093747
262808752918,414,15,receive,262806642946,2109972
262808816103,748,2,receive,262806645588,2170515
262808816786,574,4,receive,262806625708,2191078
262808817466,412,7,receive,262806686750,2130716
262808818141,662,16,receive,262806695382,2122759
262808818821,474,3,receive,262806646886,2171935
262808819505,694,10,receive,262806723927,2095578
262808854154,300,10,receive,262806692986,2161168
262808854727,360,9,receive,262806737009,2117718
262808855310,190,11,receive,262806733591,2121719
262808855869,598,4,receive,262806747311,2108558
262808856452,522,5,receive,262806756567,2099885
262808898073,514,6,receive,262806729422,2168651
262808898703,616,5,receive,262806750067,2148636
262808908052,462,4,receive,262806708648,2199404
262808916021,440,3,receive,262806721004,2195017
262808927025,302,11,receive,262806744552,2182473
262808940136,304,9,receive,262806781619,2158517
262808940802,256,8,receive,262806763293,2177509
262808941435,776,2,receive,262806769116,2172319
262808956328,584,3,receive,262806779318,2177010
262808956951,642,4,receive,262806786006,2170945
262808957611,282,3,receive,262806779006,2178605
262808994300,676,7,receive,262806817719,2176581
262808994961,750,3,receive,262806770006,2224955
262808995631,492,7,receive,262806832084,2163547
262808996304,484,6,receive,262806838204,2158100
262808996960,690,4,receive,262806814849,2182111
262808997625,460,6,receive,262806850720,2146905
262809040549,190,12,receive,262806855004,2185545
262809041214,648,3,receive,262806849069,2192145
262809041871,360,10,receive,262806864716,2177155
262809050027,644,3,receive,262806840850,2209177
262809050719,296,15,receive,262806870022,2180697
262809076423,694,11,receive,262806868060,2208363
262809077108,770,3,receive,262806874964,2202144
262809077759,260,3,receive,262806885059,2192700
262809078427,544,5,receive,262806905485,2172942
262809079100,350,5,receive,262806881393,2197707
262809079770,374,8,receive,262806912692,2167078
262809127042,340,6,receive,262806917007,2210035
262809127724,776,3,receive,262806933864,2193860
262809128412,400,7,receive,262806908346,2220066
262809129099,574,5,receive,262806935009,2194090
262809129772,554,12,receive,262806893982,2235790
262809167042,424,8,receive,262806910009,2257033
262809167701,346,4,receive,262807003444,2164257
262809168354,338,9,receive,262807005131,2163223
262809169014,616,6,receive,262807003352,2165662
262809169676,254,5,receive,262807003808,2165868
262809203544,410,9,receive,262806979608,2223936
262809204293,602,4,receive,262807041076,2163217
262809204954,656,13,receive,262807050842,2154112
262809205602,300,12,receive,262807087482,2118120
262809206269,530,5,receive,262807082921,2123348
262809247179,266,9,receive,262807101238,2145941
262809247828,672,7,receive,262807066689,2181139
262809248505,548,4,receive,262807101070,2147435
262809249194,214,11,receive,262807092627,2156567
262809249876,328,12,receive,262807077914,2171962
262809280743,270,11,receive,262807078563,2202180
262809281437,808,3,receive,262807104021,2177416
262809282126,242,14,receive,262807085544,2196582
262809282801,498,8,receive,262807107277,2175524
262809283500,312,11,receive,262807097962,2185538
262809321932,456,4,receive,262807044538,2277394
262809322600,322,6,receive,262807124006,2198594
262809323304,204,4,receive,262807163006,2160298
262809331296,492,8,receive,262807137835,2193461
262809331983,416,5,receive,262807105010,2226973
262809332650,798,3,receive,262807165843,2166807
262809383530,458,7,receive,262807184976,2198554
262809384231,406,16,receive,262807159033,2225198
262809384915,750,5,receive,262807164716,2220199
262809386656,284,10,receive,262807200071,2186585
262809387346,304,10,receive,262807194247,2193099
262809425594,524,6,receive,262807192883,2232711
262809426287,192,10,receive,262807225011,2201276
262809426958,292,4,receive,262807185326,2241632
262809427628,566,5,receive,262807196078,2231550
262809428302,514,7,receive,262807191614,2236688
262809428968,576,3,receive,262807212076,2216892
262809470656,696,11,receive,262807283413,2187243
262809471345,486,5,receive,262807281919,2189426
262809472033,250,5,receive,262807265265,2206768
262809472912,294,7,receive,262807269680,2203232
262809473602,322,7,receive,262807271670,2201932
262809506357,518,9,receive,262807269588,2236769
262809507055,386,13,receive,262807310956,2196099
262809507739,396,4,receive,262807310945,2196794
262809508430,572,4,receive,262807295006,2213424
262809509118,264,6,receive,262807285776,2223342
262809509781,512,5,receive,262807324262,2185519
262809556008,204,5,receive,262807365240,2190768
262809556766,328,13,receive,262807357399,2199367
262809557433,190,13,receive,262807364503,2192930
262809558095,180,12,receive,262807346547,2211548
262809558762,626,3,receive,262807375126,2183636
262809597205,504,9,receive,262807374090,2223115
262809597864,350,6,receive,262807398253,2199611
262809598523,598,5,receive,262807371964,2226559
262809599181,650,4,receive,262807406115,2193066
262809599844,616,7,receive,262807394006,2205838
262809634828,242,15,receive,262807414006,2220822
262809635495,254,6,receive,262807438130,2197365
262809644021,510,8,receive,262807452186,2191835
262809650271,424,9,receive,262807428417,2221854
262809671031,446,5,receive,262807455318,2215713
262809671727,306,8,receive,262807435846,2235881
262809676898,478,9,receive,262807440329,2236569
262809681271,528,4,receive,262807475118,2206153
262809691025,266,10,receive,262807470364,2220661
262809712703,530,6,receive,262807472317,2240386
262809713374,696,12,receive,262807505059,2208315
262809714040,748,3,receive,262807491741,2222299
262809714701,240,4,receive,262807500410,2214291
262809715366,784,4,receive,262807490269,2225097
262809750219,272,17,receive,262807524472,2225747
262809750888,770,4,receive,262807532370,2218518
262809755024,440,4,receive,262807526734,2228290
262809765022,414,16,receive,262807526023,2238999
262809765685,410,10,receive,262807557020,2208665
262809788289,310,9,receive,262807561084,2227205
262809788949,506,4,receive,262807557406,2231543
262809789615,798,4,receive,262807562309,2227306
262809790273,546,6,receive,262807536298,2253975
262809823971,648,4,receive,262807538850,2285121
262809824658,4,8,receive,262807593576,2231082
262809825326,800,4,receive,262807576254,2249072
262809825992,330,9,receive,262807616599,2209393
262809826655,462,6,receive,262807596507,2230148
262809866393,412,9,receive,262807621886,2244507
262809867071,570,4,receive,262807634853,2232218
262809867719,426,7,receive,262807630655,2237064
262809874684,468,8,receive,262807634513,2240171
262809899103,342,13,receive,262807633179,2265924
262809899797,624,3,receive,262807626074,2273723
262809900478,298,9,receive,262807654631,2245847
262809901150,368,8,receive,262807680974,2220176
262809901812,350,7,receive,262807640575,2261237
262809902472,374,9,receive,262807674117,2228355
262809918368,268,12,receive,262807669911,2248457
262809924305,196,6,receive,262807709590,2214715
262809929932,302,12,receive,262807693525,2236407
262809934211,292,5,receive,262807730139,2204072
262809944134,644,4,receive,262807746400,2197734
262809947779,522,6,receive,262807721128,2226651
262809952365,412,10,receive,262807760515,2191850
262809955327,694,12,receive,262807755006,2200321
262809966457,416,6,receive,262807751478,2214979
262809967131,584,4,receive,262807764004,2203127
262809969902,430,9,receive,262807742578,2227324
262809976976,340,7,receive,262807779996,2196980
262809982023,256,9,receive,262807793118,2188905
262809991564,286,6,receive,262807792643,2198921
262809992220,190,14,receive,262807798679,2193541
262809992879,282,4,receive,262807802421,2190458
262809993545,298,10,receive,262807807621,2185924
262810005164,478,10,receive,262807830966,2174198
262810014436,642,6,receive,262807833868,2180568
262810015988,294,8,receive,262807844239,2171749
262810019752,326,7,receive,262807829873,2189879
262810025557,448,13,receive,262807856061,2169496
262810030479,130,7,receive,262807882129,2148350
262810038917,400,8,receive,262807902385,2136532
262810039675,396,6,receive,262807909269,2130406
262810040357,756,4,receive,262807897144,2143213
262810041020,216,5,receive,262807887365,2153655
262810041679,676,9,receive,262807914305,2127374
262810059921,650,5,receive,262807935264,2124657
262810060587,458,8,receive,262807938325,2122262
262810061255,338,10,receive,262807931713,2129542
262810061936,528,6,receive,262807936492,2125444
262810086485,808,5,receive,262807948540,2137945
262810087213,776,4,receive,262807939620,2147593
262810092218,664,7,receive,262807935266,2156952
262810097134,524,7,receive,262807959761,2137373
262810102403,474,5,receive,262807978563,2123840
262810114679,750,6,receive,262807966818,2147861
262810115369,240,5,receive,262807990693,2124676
262810116056,516,6,receive,262807977125,2138931
262810116742,272,18,receive,262808030679,2086063
262810117416,672,9,receive,262808040943,2076473
262810137749,370,10,receive,262808039788,2097961
262810138570,518,10,receive,262808030126,2108444
262810144731,306,9,receive,262808054387,2090344
262810149766,644,5,receive,262808044070,2105696
262810152165,784,5,receive,262808061004,2091161
262810162703,624,4,receive,262808050519,2112184
262810163368,522,7,receive,262808083005,2080363
262810164031,492,9,receive,262808055166,2108865
262810174095,414,17,receive,262808106759,2067336
262810178021,692,7,receive,262808120440,2057581
262810187163,800,5,receive,262808127759,2059404
262810187850,664,8,receive,262808124746,2063104
262810188540,796,5,receive,262808121454,2067086
262810197526,260,5,receive,262808111328,2086198
262810198203,506,6,receive,262808103006,2095197
262810213820,550,7,receive,262808122514,2091306
262810214505,386,15,receive,262808165010,2049495
262810219592,272,19,receive,262808153398,2066194
262810225837,504,12,receive,262808185820,2040017
262810226500,446,6,receive,262808180128,2046372
262810245935,302,14,receive,262808205916,2040019
262810246632,250,6,receive,262808211008,2035624
262810247315,770,5,receive,262808218004,2029311
262810247971,294,9,receive,262808202847,2045124
262810248635,336,11,receive,262808223132,2025503
262810268233,400,9,receive,262808231306,2036927
262810268895,530,7,receive,262808236252,2032643
262810270848,798,5,receive,262808197082,2073766
262810278896,292,6,receive,262808198012,2080884
262810290510,512,8,receive,262808240710,2049800
262810291188,764,5,receive,262808251554,2039634
262810293032,256,10,receive,262808259358,2033674
262810297320,240,6,receive,262808258685,2038635
262810301851,370,11,receive,262808274010,2027841
262810311657,694,13,receive,262808288009,2023648
262810312420,196,8,receive,262808296614,2015806
262810316070,626,4,receive,262808273417,2042653
262810320545,728,7,receive,262808276185,2044360
262810325453,304,12,receive,262808316139,2009314
262810333964,266,11,receive,262808326193,2007771
262810334649,458,9,receive,262808318642,2016007
262810335307,528,7,receive,262808311602,2023705
262810344031,350,8,receive,262808214011,2130020
262810344700,254,7,receive,262808354334,1990366
262810363884,644,6,receive,262808360135,2003749
262810364662,784,6,receive,262808353913,2010749
262810370077,426,9,receive,262808340009,2030068
262810377091,242,16,receive,262808357398,2019693
262810394461,690,7,receive,262808376138,2018323
262810395140,446,7,receive,262808398373,1996767
262810396044,570,6,receive,262808378757,2017287
262810400596,286,8,receive,262808426549,1974047
262810407180,190,15,receive,262808426476,1980704
262810428596,4,9,receive,262808394510,2034086
262810429268,616,8,receive,262808454190,1975078
262810429928,518,11,receive,262808457148,1972780
262810430588,710,7,receive,262808421008,2009580
262810431252,408,9,receive,262808472405,1958847
262810431915,544,7,receive,262808489885,1942030
262810454366,696,13,receive,262808499006,1955360
262810456502,498,10,receive,262808502607,1953895
262810463022,566,7,receive,262808515010,1948012
262810467046,504,13,receive,262808503010,1964036
262810482441,200,9,receive,262808565005,1917436
262810483111,338,11,receive,262808554009,1929102
262810483901,260,6,receive,262808573010,1910891
262810484569,330,10,receive,262808588353,1896216
262810492446,440,6,receive,262808575158,1917288
262810510372,756,5,receive,262808551881,1958491
262810511042,572,6,receive,262808604348,1906694
262810511703,396,7,receive,262808611640,1900063
262810512368,130,8,receive,262808604943,1907425
262810513041,368,10,receive,262808644617,1868424
262810513690,478,11,receive,262808655430,1858260
262810545679,460,9,receive,262808652946,1892733
262810546346,336,12,receive,262808665497,1880849
262810547006,544,8,receive,262808682123,1864883
262810555020,342,14,receive,262808680698,1874322
262810555462,214,14,receive,262808685814,1869648
262810555898,416,8,receive,262808697626,1858272
262810569479,522,9,receive,262808679420,1890059
262810570147,642,7,receive,262808683118,1887029
262810570792,298,11,receive,262808724009,1846783
262810571452,796,6,receive,262808712252,1859200
262810597756,410,13,receive,262808730118,1867638
262810598425,728,8,receive,262808741722,1856703
262810599090,296,18,receive,262808697195,1901895
262810599753,326,8,receive,262808738847,1860906
262810600418,484,8,receive,262808742080,1858338
262810626100,546,8,receive,262808825416,1800684
262810626761,550,8,receive,262808799361,1827400
262810627430,576,5,receive,262808803858,1823572
262810632273,446,8,receive,262808795384,1836889
262810637857,240,7,receive,262808826005,1811852
262810654273,644,7,receive,262808827419,1826854
262810654941,574,8,receive,262808859010,1795931
262810655596,650,7,receive,262808824619,1830977
262810656257,474,7,receive,262808789355,1866902
262810656916,642,8,receive,262808867535,1789381
262810657581,748,5,receive,262808881008,1776573
262810679236,310,11,receive,262808879583,1799653
262810679901,598,7,receive,262808908076,1771825
262810680561,770,6,receive,262808887904,1792657
262810681232,270,14,receive,262808902481,1778751
262810681891,692,8,receive,262808891012,1790879
262810709320,524,8,receive,262808936742,1772578
262810709980,776,5,receive,262808952209,1757771
262810710621,584,6,receive,262808926924,1783697
262810711293,342,15,receive,262808956477,1754816
262810711953,396,8,receive,262808957874,1754079
262810733797,282,6,receive,262808945070,1788727
262810734464,798,6,receive,262808998087,1736377
262810735134,650,8,receive,262808993104,1742030
262810735793,400,10,receive,262808993095,1742698
262810736462,764,6,receive,262808979956,1756506
262810761882,570,7,receive,262809006007,1755875
262810762547,690,8,receive,262809000247,1762300
262810763201,624,6,receive,262809034237,1728964
262810763854,808,7,receive,262809046006,1717848
262810764517,340,9,receive,262809070078,1694439
262810790977,492,10,receive,262809055006,1735971
262810791694,216,7,receive,262809079516,1712178
262810792359,270,15,receive,262809051423,1740936
262810793029,572,7,receive,262809049013,1744016
262810793692,664,9,receive,262809087062,1706630
262810816655,370,13,receive,262809109952,1706703
262810817321,616,9,receive,262809113144,1704177
262810817981,544,9,receive,262809133547,1684434
262810818647,268,16,receive,262809130240,1688407
262810828024,458,10,receive,262809130011,1698013
262810843227,528,8,receive,262809146348,1696879
262810843890,746,6,receive,262809148010,1695880
262810844556,626,5,receive,262809134929,1709627
262810845221,504,14,receive,262809126339,1718882
262810845874,282,7,receive,262809166202,1679672
262810846536,250,7,receive,262809179269,1667267
262810867434,566,8,receive,262809185230,1682204
262810868104,512,9,receive,262809166451,1701653
262810869682,800,7,receive,262809210689,1658993
262810872743,292,8,receive,262809206875,1665868
262810877022,346,7,receive,262809175191,1701831
262810883585,756,6,receive,262809223532,1660053
262810886715,572,8,receive,262809244203,1642512
262810887485,350,9,receive,262809237599,1649886
262810892024,256,12,receive,262809238027,1653997
262810894378,750,8,receive,262809263119,1631259
262810903048,784,7,receive,262809258230,1644818
262810903709,408,10,receive,262809275530,1628179
262810904371,486,8,receive,262809275326,1629045
262810905036,284,14,receive,262809247484,1657552
262810905699,196,9,receive,262809243190,1662509
262810921742,764,7,receive,262809271528,1650214
262810922480,518,12,receive,262809288121,1634359
262810923200,516,8,receive,262809295010,1628190
262810928025,566,9,receive,262809329415,1598610
262810938031,770,7,receive,262809337283,1600748
262810938693,498,11,receive,262809359481,1579212
262810939353,692,9,receive,262809357135,1582218
262810940807,240,8,receive,262809362972,1577835
262810942652,474,8,receive,262809426820,1515832
262810946174,696,15,receive,262809442061,1504113
262810949754,310,12,receive,262809426708,1523046
262810953426,516,9,receive,262809443004,1510422
262810956961,368,11,receive,262809438117,1518844
262810960690,602,9,receive,262809453706,1506984
262810968329,254,9,receive,262809459062,1509267
262810969864,710,9,receive,262809437420,1532444
262810972565,572,9,receive,262809463115,1509450
262810977323,776,6,receive,262809462593,1514730
262810982663,796,7,receive,262809448887,1533776
262810983391,484,9,receive,262809444148,1539243
262810989418,250,8,receive,262809475640,1513778
262810990151,440,7,receive,262809450834,1539317
262810996281,616,10,receive,262809488450,1507831
262811001023,750,9,receive,262809500723,1500300
262811002477,340,10,receive,262809516819,1485658
262811004126,510,11,receive,262809525541,1478585
262811007403,416,9,receive,262809508872,1498531
262811010952,808,8,receive,262809532009,1478943
262811018501,770,8,receive,262809549299,1469202
262811021387,598,8,receive,262809526942,1494445
262811025022,302,16,receive,262809554098,1470924
262811026241,644,9,receive,262809543404,1482837
262811028522,410,16,receive,262809545115,1483407
262811039618,260,7,receive,262809548200,1491418
262811040299,426,11,receive,262809547440,1492859
262811040965,522,10,receive,262809589637,1451328
262811041635,408,11,receive,262809596285,1445350
262811042307,796,8,receive,262809605420,1436887
262811042972,326,9,receive,262809610976,1431996
262811059417,412,12,receive,262809617369,1442048
262811060088,478,12,receive,262809603814,1456274
262811067029,566,10,receive,262809638006,1429023
262811070515,350,10,receive,262809636010,1434505
262811078009,330,12,receive,262809653377,1424632
262811078667,650,9,receive,262809658139,1420528
262811079341,462,9,receive,262809648292,1431049
262811080018,410,17,receive,262809663673,1416345
262811091340,304,15,receive,262809678005,1413335
262811100856,468,12,receive,262809664290,1436566
262811102311,798,7,receive,262809697021,1405290
262811106487,270,16,receive,262809708372,1398115
262811108652,284,15,receive,262809722132,1386520
262811114269,294,11,receive,262809714007,1400262
262811122170,728,9,receive,262809726369,1395801
262811123612,310,13,receive,262809752596,1371016
262811126489,626,6,receive,262809733702,1392787
262811130789,572,10,receive,262809762116,1368673
262811134601,624,7,receive,262809750012,1384589
262811142249,200,11,receive,262809746635,1395614
262811143944,314,10,receive,262809759793,1384151
262811148354,528,9,receive,262809793957,1354397
262811155270,318,10,receive,262809781840,1373430
262811155933,770,9,receive,262809792229,1363704
262811166701,250,9,receive,262809796411,1370290
262811167384,196,10,receive,262809823743,1343641
262811168047,256,13,receive,262809832581,1335466
262811176229,460,11,receive,262809822006,1354223
262811185221,204,9,receive,262809810367,1374854
262811185890,4,11,receive,262809852005,1333885
262811186580,728,10,receive,262809843351,1343229
262811187257,270,17,receive,262809867177,1320080
262811187913,710,10,receive,262809886987,1300926
262811208818,514,10,receive,262809860336,1348482
262811209483,548,8,receive,262809904477,1305006
262811210159,254,11,receive,262809914495,1295664
262811210841,584,8,receive,262809931834,1279007
262811218231,650,10,receive,262809925765,1292466
262811229920,570,9,receive,262809936012,1293908
262811230610,400,11,receive,262809952007,1278603
262811231509,808,9,receive,262809953390,1278119
262811239744,478,13,receive,262809952204,1287540
262811246720,784,8,receive,262809942792,1303928
262811247392,572,11,receive,262809961443,1285949
262811248056,644,10,receive,262809996101,1251955
262811248713,574,10,receive,262810001616,1247097
262811259018,346,9,receive,262810007902,1251116
262811269572,462,10,receive,262810007006,1262566
262811270249,504,15,receive,262810038007,1232242
262811270935,284,16,receive,262810053309,1217626
262811271630,216,8,receive,262810035181,1236449
262811272311,524,10,receive,262810053308,1219003
262811272993,510,12,receive,262810059298,1213695
262811291088,664,10,receive,262810060613,1230475
262811293436,408,12,receive,262810061293,1232143
262811301764,598,9,receive,262810064007,1237757
262811302499,692,10,receive,262810071758,1230741
262811311373,544,10,receive,262810077705,1233668
262811312064,690,10,receive,262810070897,1241167
262811312725,566,12,receive,262810076473,1236252
262811319244,254,12,receive,262810084859,1234385
262811322921,584,9,receive,262810091626,1231295
262811330752,396,10,receive,262810058432,1272320
262811332296,784,9,receive,262810078049,1254247
262811333964,302,17,receive,262810092967,1240997
262811337548,516,10,receive,262810100640,1236908
262811340812,204,10,receive,262810117824,1222988
262811345286,770,10,receive,262810124943,1220343
262811348929,440,8,receive,262810131888,1217041
262811352019,564,7,receive,262810142071,1209948
262811355707,800,10,receive,262810116450,1239257
262811362209,260,8,receive,262810144136,1218073
262811362926,292,10,receive,262810147012,1215914
262811367130,412,13,receive,262810154953,1212177
262811370665,458,12,receive,262810106541,1264124
262811377272,294,12,receive,262810149908,1227364
262811381585,426,12,receive,262810179468,1202117
262811382336,196,11,receive,262810171953,1210383
262811387277,504,16,receive,262810183848,1203429
262811388702,550,10,receive,262810166836,1221866
262811393841,342,17,receive,262810196131,1197710
262811398974,282,10,receive,262810191515,1207459
262811399664,286,10,receive,262810214559,1185105
262811400327,748,7,receive,262810210190,1190137
262811400988,676,12,receive,262810222431,1178557
262811401650,756,7,receive,262810224759,1176891
262811416072,784,10,receive,262810219007,1197065
262811420021,410,18,receive,262810221006,1199015
262811422751,548,9,receive,262810212231,1210520
262811426575,506,9,receive,262810233670,1192905
262811434177,130,10,receive,262810227955,1206222
262811434866,304,16,receive,262810238304,1196562
262811435595,408,13,receive,262810224426,1211169
262811436267,460,12,receive,262810241260,1195007
262811436951,216,9,receive,262810247128,1189823
262811453922,764,8,receive,262810232988,1220934
262811454746,516,11,receive,262810251827,1202919
262811456853,650,11,receive,262810250648,1206205
262811460623,330,13,receive,262810243872,1216751
262811467986,484,10,receive,262810244455,1223531
262811470411,310,14,receive,262810269011,1201400
262811472080,486,9,receive,262810251332,1220748
262811475490,492,12,receive,262810279063,1196427
262811486331,514,11,receive,262810278538,1207793
262811487022,416,10,receive,262810306006,1181016
262811487688,292,11,receive,262810321647,1166041
262811488353,254,13,receive,262810347007,1141346
262811489023,314,11,receive,262810352201,1136822
262811499750,410,19,receive,262810350769,1148981
262811500436,458,13,receive,262810352329,1148107
262811501132,624,8,receive,262810352241,1148891
262811501810,648,8,receive,262810366131,1135679
262811502500,310,15,receive,262810381010,1121490
262811516185,750,10,receive,262810397006,1119179
262811516833,318,11,receive,262810407119,1109714
262811517498,800,11,receive,262810412005,1105493
262811518162,574,11,receive,262810415014,1103148
262811518732,396,11,receive,262810422723,1096009
262811530103,342,18,receive,262810421537,1108566
262811530777,544,11,receive,262810414397,1116380
262811531474,570,10,receive,262810435555,1095919
262811532100,200,12,receive,262810445578,1086522
262811532778,474,10,receive,262810428839,1103939
262811543568,650,12,receive,262810452957,1090611
262811544999,784,11,receive,262810458682,1086317
262811547780,426,13,receive,262810475475,1072305
262811550752,264,11,receive,262810482516,1068236
262811555087,286,11,receive,262810484338,1070749
262811557770,510,13,receive,262810483138,1074632
262811559264,676,13,receive,262810485643,1073621
262811564728,626,7,receive,262810461793,1102935
262811565680,522,11,receive,262810465128,1100552
262811571519,4,12,receive,262810489537,1081982
262811572183,672,12,receive,262810480210,1091973
262811572844,130,11,receive,262810488618,1084226
262811577068,796,9,receive,262810484302,1092766
262811581860,624,9,receive,262810495260,1086600
262811584763,644,11,receive,262810506420,1078343
262811586747,498,13,receive,262810501064,1085683
262811588962,284,17,receive,262810519943,1069019
262811591902,440,9,receive,262810524275,1067627
262811596457,690,11,receive,262810545785,1050672
262811599403,798,8,receive,262810527658,1071745
262811601580,350,11,receive,262810557964,1043616
262811603831,412,14,receive,262810571558,1032273
262811606711,292,12,receive,262810574717,1031994
262811612415,304,17,receive,262810584632,1027783
262811615294,200,13,receive,262810591696,1023598
262811617516,468,13,receive,262810607005,1010511
262811619748,400,12,receive,262810604840,1014908
262811622699,764,9,receive,262810582432,1040267
262811626943,492,13,receive,262810615306,1011637
262811627601,564,8,receive,262810647189,980412
262811628264,572,12,receive,262810633005,995259
262811628928,808,10,receive,262810663006,965922
262811629612,710,11,receive,262810663981,965631
262811648547,800,12,receive,262810682004,966543
262811649211,746,8,receive,262810667513,981698
262811649893,648,9,receive,262810698567,951326
262811650786,250,10,receive,262810693926,956860
262811657779,544,12,receive,262810715011,942768
262811658432,576,8,receive,262810722556,935876
262811659091,750,11,receive,262810728476,930615
262811659746,522,12,receive,262810692906,966840
262811660204,342,19,receive,262810737005,923199
262811668849,546,11,receive,262810751723,917126
262811670276,286,12,receive,262810752768,917508
262811673388,462,11,receive,262810744666,928722
262811676436,644,12,receive,262810754588,921848
262811679357,412,15,receive,262810772905,906452
262811683345,510,14,receive,262810736601,946744
262811684814,240,11,receive,262810746952,937862
262811686850,776,8,receive,262810794896,891954
262811689723,770,11,receive,262810810469,879254
262811693020,550,11,receive,262810847762,845258
262811696738,492,14,receive,262810857127,839611
262811698824,314,12,receive,262810864606,834218
262811701224,204,11,receive,262810873283,827941
262811704760,548,10,receive,262810865978,838782
262811708018,728,11,receive,262810875010,833008
262811710374,644,13,receive,262810875700,834674
262811713831,764,10,receive,262810873454,840377
262811721297,498,14,receive,262810884938,836359
262811722872,346,10,receive,262810902810,820062
262811724498,572,13,receive,262810914648,809850
262811727950,748,8,receive,262810935330,792620
262811730459,664,11,receive,262810922337,808122
262811732615,746,9,receive,262810944965,787650
262811735813,756,8,receive,262810941017,794796
262811740020,514,12,receive,262810948729,791291
262811744499,650,13,receive,262810973758,770741
262811744996,784,12,receive,262810971176,773820
262811746935,410,20,receive,262810988530,758405
262811754814,294,13,receive,262810991186,763628
262811755471,282,11,receive,262810999826,755645
262811756130,546,12,receive,262811005686,750444
262811761006,260,9,receive,262810993079,767927
262811761570,416,11,receive,262811012385,749185
262811767074,486,10,receive,262811005065,762009
262811767735,644,14,receive,262811005169,762566
262811768394,342,20,receive,262811017729,750665
262811770153,566,13,receive,262811020905,749248
262811773445,440,10,receive,262811042006,731439
262811773972,302,18,receive,262811052010,721962
262811778022,570,11,receive,262811060195,717827
262811778683,692,11,receive,262811046061,732622
262811780947,776,9,receive,262811073571,707376
262811785043,492,15,receive,262811056803,728240
262811786415,484,11,receive,262811079005,707410
262811791021,264,12,receive,262811034567,756454
262811791679,240,12,receive,262811110172,681507
262811792339,318,12,receive,262811119009,673330
262811792996,196,12,receive,262811120779,672217
262811795863,710,12,receive,262811087067,708796
262811800021,304,18,receive,262811147241,652780
262811800733,626,8,receive,262811151339,649394
262811805021,310,16,receive,262811150748,654273
262811805730,408,14,receive,262811157611,648119
262811806440,576,9,receive,262811152308,654132
262811811020,4,13,receive,262811170469,640551
262811811683,396,12,receive,262811170040,641643
262811812340,650,14,receive,262811183685,628655
262811822524,570,12,receive,262811190919,631605
262811823176,796,10,receive,262811189348,633828
262811823832,292,13,receive,262811194548,629284
262811824496,572,14,receive,262811185170,639326
262811825154,462,12,receive,262811209988,615166
262811825813,440,11,receive,262811214694,611119
262811833586,516,12,receive,262811207124,626462
262811834299,746,10,receive,262811223727,610572
262811838021,216,10,receive,262811233646,604375
262811838689,546,13,receive,262811254401,584288
262811839353,474,11,receive,262811246354,592999
262811840165,648,10,receive,262811259551,580614
262811842320,544,13,receive,262811272841,569479
262811843036,458,14,receive,262811271633,571403
262811843745,330,14,receive,262811280075,563670
262811844457,342,21,receive,262811283062,561395
262811845173,798,9,receive,262811292742,552431
262811845882,284,18,receive,262811299776,546106
262811846606,574,12,receive,262811301459,545147
262811847311,510,15,receive,262811297622,549689
262811848020,676,14,receive,262811341045,506975
262811848739,492,16,receive,262811334612,514127
262811849450,416,12,receive,262811337525,511925
262811850160,240,13,receive,262811336539,513621
262811850876,292,14,receive,262811355887,494989
262811851588,204,12,receive,262811359556,492032
262811852305,462,13,receive,262811366987,485318
262811853022,576,10,receive,262811397475,455547
262811860033,624,10,receive,262811407964,452069
262811862246,396,13,receive,262811396294,465952
262811863630,400,13,receive,262811412861,450769
262811864347,672,13,receive,262811420026,444321
262811865004,318,13,receive,262811437125,427879
262811865662,808,11,receive,262811448343,417319
262811866324,644,15,receive,262811455418,410906
262811866983,440,12,receive,262811455394,411589
262811867644,294,14,receive,262811466791,400853
262811871429,314,13,receive,262811472502,398927
262811872112,626,9,receive,262811479539,392573
262811872834,302,19,receive,262811489886,382948
262811873569,544,14,receive,262811504010,369559
262811874292,130,12,receive,262811506482,367810
262811874988,800,13,receive,262811514582,360406
262811875717,548,11,receive,262811522006,353711
262811876425,486,11,receive,262811526388,350037
262811877097,468,14,receive,262811527672,349425
262811877763,746,11,receive,262811541882,335881
262811878439,510,16,receive,262811527010,351429
262811879114,484,12,receive,262811577696,301418
262811879815,748,9,receive,262811591564,288251
262811880455,676,15,receive,262811592004,288451
262811881111,260,10,receive,262811599320,281791
262811881759,574,13,receive,262811601133,280626
262811882410,570,13,receive,262811602730,279680
262811883067,784,13,receive,262811599006,284061
262811883729,286,13,receive,262811622719,261010
262811884390,294,15,receive,262811625895,258495
262811885046,240,14,receive,262811633316,251730
262811885694,798,10,receive,262811663503,222191
262811886351,204,13,receive,262811669179,217172
262811887005,522,13,receive,262811702918,184087
262811887661,710,13,receive,262811703008,184653
262811894599,514,13,receive,262811698773,195826
262811895262,410,21,receive,262811710627,184635
262811895915,302,20,receive,262811714067,181848
262811896580,400,14,receive,262811735266,161314
262811897241,216,11,receive,262811754492,142749
262811897888,468,15,receive,262811774684,123204
262811898549,550,12,receive,262811772117,126432
262811899204,748,10,receive,262811812577,86627
262811899856,570,14,receive,262811814308,85548
262811900495,458,15,receive,262811812120,88375
262811901154,294,16,receive,262811817038,84116
262811901822,474,12,receive,262811852981,48841
262811902482,486,12,receive,262811850005,52477
262811903140,784,14,receive,262811854334,48806
262811903794,522,14,receive,262811864495,39299
262811904450,550,13,receive,262811887950,16500
262811922159,240,15,receive,262811918005,4154
262811948549,264,13,receive,262811947011,1538
262811951422,292,15,receive,262811950592,830
262811966227,626,10,receive,262811963897,2330
262811968319,284,19,receive,262811966386,1933
262811981440,516,13,receive,262811980133,1307
262811985873,400,15,receive,262811982844,3029
262811988219,796,11,receive,262811987268,951
262812013350,566,14,receive,262812012652,698
262812018933,492,17,receive,262812017079,1854
262812020602,216,12,receive,262812019999,603
262812035914,576,11,receive,262812033427,2487
262812039027,458,16,receive,262812038454,573
262812043100,748,11,receive,262812042518,582
262812056856,624,11,receive,262812054749,2107
262812064425,462,14,receive,262812062510,1915
262812072696,486,13,receive,262812071461,1235
262812093457,776,10,receive,262812091475,1982
262812096452,546,14,receive,262812093640,2812
262812101055,676,16,receive,262812098924,2131
262812103689,572,15,receive,262812102022,1667
262812123111,260,11,receive,262812120005,3106
262812123506,4,14,receive,262812122348,1158
262812150780,648,11,receive,262812149018,1762
262812175502,484,13,receive,262812173059,2443
262812181051,784,15,receive,262812179889,1162
262812182594,240,16,receive,262812182148,446
262812184750,548,12,receive,262812184204,546
262812189186,574,14,receive,262812188608,578
262812194641,550,14,receive,262812194094,547
262812209503,672,14,receive,262812208822,681
262812231899,216,13,receive,262812231277,622
262812235528,400,16,receive,262812234251,1277
262812251241,462,15,receive,262812250692,549
262812251900,4,15,receive,262812250985,915
262812270243,572,16,receive,262812267888,2355
262812280244,796,12,receive,262812278511,1733
262812283926,798,11,receive,262812283474,452
262812300166,784,16,receive,262812299616,550
262812310234,776,11,receive,262812309262,972
262812312892,318,14,receive,262812310266,2626
262812315268,314,14,receive,262812314848,420
262812320561,644,16,receive,262812320086,475
262812326698,458,17,receive,262812325288,1410
262812334353,748,12,receive,262812333445,908
262812377217,294,17,receive,262812376380,837
262812380325,474,13,receive,262812379468,857
262812398889,486,14,receive,262812397660,1229
262812405061,130,13,receive,262812400698,4363
262812414473,808,12,receive,262812413957,516
262812418118,400,17,receive,262812417620,498
262812432274,574,15,receive,262812431307,967
262812437545,260,12,receive,262812435642,1903
262812455119,626,11,receive,262812452982,2137
262812491108,544,15,receive,262812489885,1223
262812496845,572,17,receive,262812494417,2428
262812499985,648,12,receive,262812497883,2102
262812526431,204,14,receive,262812525887,544
262812535660,570,15,receive,262812534172,1488
262812538025,294,18,receive,262812537580,445
262812548760,746,12,receive,262812546502,2258
262812567771,302,21,receive,262812567190,581
262812579180,4,16,receive,262812578248,932
262812581489,458,18,receive,262812580099,1390
262812640060,576,12,receive,262812636289,3771
262812642414,672,15,receive,262812639193,3221
262812665931,550,15,receive,262812665323,608
262812666426,710,14,receive,262812665309,1117
262812669785,216,14,receive,262812669391,394
262812671976,784,17,receive,262812671625,351
262812680100,548,13,receive,262812678797,1303
262812715205,522,15,receive,262812714631,574
262812716914,468,16,receive,262812716437,477
262812736826,462,16,receive,262812736275,551
262812760261,648,13,receive,262812759721,540
262812798827,576,13,receive,262812796712,2115
262812810022,626,12,receive,262812808477,1545
262812905914,676,17,receive,262812903446,2468
262812917296,468,17,receive,262812916498,798
262812925947,776,12,receive,262812924603,1344
262812938982,400,18,receive,262812938438,544
262812943831,566,15,receive,262812941280,2551
262813020096,624,12,receive,262813018637,1459
262813077382,796,13,receive,262813076011,1371
262813101101,710,15,receive,262813099578,1523
262813150244,748,13,receive,262813148313,1931
262813172051,474,14,receive,262813170961,1090
262813182961,648,14,receive,262813181590,1371
262813214168,784,18,receive,262813213068,1100
262813217832,624,13,receive,262813216290,1542
262813220915,314,15,receive,262813220067,848
262813223375,570,16,receive,262813221789,1586
262813254199,672,16,receive,262813253196,1003
262813256162,318,15,receive,262813254311,1851
262813274638,462,17,receive,262813274073,565
262813380578,808,13,receive,262813378675,1903
262813391291,550,16,receive,262813390739,552
262813424850,130,14,receive,262813423383,1467
262813452115,548,14,receive,262813450790,1325
262813529779,648,15,receive,262813528896,883
262813542893,216,15,receive,262813541973,920
262813568918,400,19,receive,262813568009,909
