receive_timestamp,source_vehicle,message_id,event_type,send_timestamp,latency_us
373370474,4,3,receive,373221525,148949
373370964,48,4,receive,373222099,148865
373371401,8,2,receive,373222592,148809
373371820,34,3,receive,373223268,148552
373372235,182,1,receive,373224671,147564
373372658,72,2,receive,373225030,147628
373373074,42,2,receive,373226069,147005
373373487,52,2,receive,373226807,146680
373373913,186,1,receive,373227735,146178
373374340,32,1,receive,373229238,145102
373374769,130,1,receive,373230125,144644
373375174,108,1,receive,373231840,143334
373375587,34,4,receive,373232773,142814
373376001,12,1,receive,373233415,142586
373376428,146,1,receive,373235434,140994
373376844,170,1,receive,373236911,139933
373377274,88,1,receive,373237445,139829
373377665,12,2,receive,373237933,139732
373378075,208,1,receive,373238414,139661
373378501,64,2,receive,373238524,139977
373378909,156,1,receive,373240057,138852
373379321,26,2,receive,373233161,146160
373379749,78,3,receive,373240961,138788
373903852,20,3,receive,373241051,662801
373904309,114,1,receive,373243393,660916
373904777,26,3,receive,373242977,661800
373905236,184,1,receive,373244281,660955
373905697,44,4,receive,373244365,661332
373906145,152,1,receive,373244303,661842
373906608,70,4,receive,373234554,672054
373907056,196,1,receive,373244839,662217
373907514,202,1,receive,373245191,662323
373907985,110,1,receive,373246363,661622
374154473,130,2,receive,373247303,907170
374154927,16,2,receive,373248215,906712
374155373,106,1,receive,373248258,907115
374155831,182,2,receive,373248814,907017
374156276,128,1,receive,373248918,907358
374156722,58,3,receive,373249671,907051
374157165,10,1,receive,373250106,907059
374157623,90,1,receive,373250077,907546
374158072,74,3,receive,373250725,907347
374158525,38,3,receive,373241428,917097
374374637,184,2,receive,373252728,1121909
374375117,82,1,receive,373253177,1121940
374375628,72,3,receive,373236969,1138659
374376092,156,2,receive,373254574,1121518
374376569,8,3,receive,373254823,1121746
374377119,126,1,receive,373255577,1121542
374377592,40,3,receive,373255919,1121673
374378047,6,3,receive,373245051,1132996
374378505,74,4,receive,373256025,1122480
374378953,168,1,receive,373256251,1122702
374607304,128,2,receive,373258107,1349197
374607771,186,2,receive,373259077,1348694
374608232,4,4,receive,373258886,1349346
374608702,12,3,receive,373259914,1348788
374609195,32,2,receive,373250011,1359184
374609662,104,1,receive,373260181,1349481
374610137,92,1,receive,373260118,1350019
374610597,114,2,receive,373260429,1350168
374611078,172,1,receive,373260499,1350579
374611572,66,6,receive,373256207,1355365
374842721,144,1,receive,373260632,1582089
374843210,8,4,receive,373257755,1585455
374843669,112,1,receive,373262148,1581521
374844129,40,4,receive,373262494,1581635
374844602,206,1,receive,373262711,1581891
374845075,96,1,receive,373262913,1582162
374845533,150,1,receive,373264523,1581010
374845991,208,2,receive,373264969,1581022
374846442,14,6,receive,373264854,1581588
374846909,590,1,receive,373266097,1580812
375080151,14,7,receive,373267806,1812345
375080627,140,1,receive,373270021,1810606
375081095,22,1,receive,373270029,1811066
375081563,18,1,receive,373270036,1811527
375082045,202,2,receive,373270712,1811333
375083281,60,1,receive,373270683,1812598
375083727,160,1,receive,373270910,1812817
375084197,20,4,receive,373261219,1822978
375313369,590,2,receive,373272425,2040944
375313861,172,2,receive,373273789,2040072
375314322,128,3,receive,373275202,2039120
375314785,456,1,receive,373276083,2038702
375315254,196,2,receive,373276902,2038352
375315735,188,1,receive,373276852,2038883
375316210,110,2,receive,373277086,2039124
375316677,184,3,receive,373277380,2039297
375317148,162,1,receive,373277349,2039799
375317660,20,5,receive,373276963,2040697
375548914,12,4,receive,373278229,2270685
375549398,164,1,receive,373272121,2277277
375549865,394,1,receive,373278752,2271113
375550355,82,2,receive,373266117,2284238
375550827,34,5,receive,373244407,2306420
375551295,40,5,receive,373278855,2272440
375551760,230,1,receive,373279031,2272729
375552231,492,1,receive,373279049,2273182
375552702,570,1,receive,373279141,2273561
375553164,36,1,receive,373280391,2272773
375786248,152,2,receive,373281154,2505094
375786684,88,2,receive,373263989,2522695
375787087,52,3,receive,373248117,2538970
375787533,154,1,receive,373286200,2501333
375787951,186,3,receive,373272645,2515306
375788431,196,3,receive,373287096,2501335
375788889,114,3,receive,373287285,2501604
375789300,96,2,receive,373287418,2501882
375789687,76,3,receive,373251724,2537963
375790140,590,3,receive,373289408,2500732
375790601,636,1,receive,373289341,2501260
376036023,778,1,receive,373289648,2746375
376036426,86,1,receive,373290793,2745633
376036868,98,1,receive,373291041,2745827
376037246,868,1,receive,373291114,2746132
376037710,590,4,receive,373292667,2745043
376038197,104,2,receive,373292892,2745305
376038611,90,2,receive,373293038,2745573
376039077,778,2,receive,373293094,2745983
376039516,432,1,receive,373294811,2744705
376039934,68,1,receive,373294917,2745017
376040362,346,1,receive,373295462,2744900
376280660,320,1,receive,373296620,2984040
376281129,108,2,receive,373288603,2992526
376281596,84,1,receive,373282609,2998987
376282088,84,2,receive,373297268,2984820
376282566,302,1,receive,373297189,2985377
376283042,612,1,receive,373297315,2985727
376283506,150,2,receive,373297382,2986124
376284004,974,1,receive,373292613,2991391
376284492,674,1,receive,373297959,2986533
376285012,106,2,receive,373298141,2986871
376520430,778,3,receive,373298369,3222061
376520922,104,3,receive,373300144,3220778
376521396,98,2,receive,373301015,3220381
376521938,152,3,receive,373301213,3220725
376522423,384,1,receive,373301901,3220522
376522897,86,2,receive,373303095,3219802
376523351,448,1,receive,373303372,3219979
376523809,486,1,receive,373304542,3219267
376524283,42,3,receive,373242320,3281963
376524749,426,1,receive,373306585,3218164
376758708,160,2,receive,373306687,3452021
376759180,634,1,receive,373308105,3451075
376759666,408,1,receive,373308867,3450799
376760144,870,1,receive,373309486,3450658
376760611,210,1,receive,373310039,3450572
376761121,26,4,receive,373245006,3516115
376761592,114,4,receive,373311673,3449919
376762057,64,3,receive,373282318,3479739
376762523,30,1,receive,373312619,3449904
376762998,196,4,receive,373313394,3449604
376987452,408,2,receive,373314436,3673016
376987919,974,2,receive,373314787,3673132
376988374,140,2,receive,373316070,3672304
376988835,104,4,receive,373316474,3672361
376989271,184,4,receive,373316662,3672609
376989739,166,1,receive,373316885,3672854
376990201,128,4,receive,373317077,3673124
376990673,790,1,receive,373318464,3672209
376991126,50,1,receive,373318434,3672692
377195360,798,1,receive,373318566,3876794
377195859,196,5,receive,373318774,3877085
377196415,54,1,receive,373318997,3877418
377196909,202,3,receive,373294291,3902618
377197434,18,2,receive,373320016,3877418
377197981,80,1,receive,373322157,3875824
377198447,86,3,receive,373322441,3876006
377198939,400,1,receive,373323456,3875483
377199441,122,1,receive,373296841,3902600
377199911,158,1,receive,373304081,3895830
377424651,230,2,receive,373326675,4097976
377425105,320,2,receive,373327062,4098043
377425565,98,3,receive,373323391,4102174
377426017,384,2,receive,373330017,4096000
377426477,252,1,receive,373331018,4095459
377426926,634,2,receive,373331441,4095485
377427396,632,1,receive,373332263,4095133
377427841,118,1,receive,373332253,4095588
377428288,6,4,receive,373278304,4149984
377428744,90,3,receive,373332855,4095889
377647014,818,1,receive,373332891,4314123
377647487,90,4,receive,373333221,4314266
377647930,400,2,receive,373333307,4314623
377648413,150,3,receive,373334297,4314116
377648871,154,2,receive,373334689,4314182
377649340,44,5,receive,373273715,4375625
377649786,758,1,receive,373334743,4315043
377650276,486,2,receive,373334774,4315502
377650723,182,3,receive,373296292,4354431
377651172,206,2,receive,373335639,4315533
377873823,972,1,receive,373336349,4537474
377874285,798,2,receive,373336605,4537680
377874723,728,1,receive,373337175,4537548
377875156,152,4,receive,373321810,4553346
377875605,58,4,receive,373280331,4595274
377876037,670,1,receive,373337448,4538589
377876475,132,1,receive,373337427,4539048
377876943,766,1,receive,373337608,4539335
377877393,84,3,receive,373324172,4553221
377878041,312,1,receive,373339142,4538899
378108599,312,2,receive,373339616,4768983
378109896,100,1,receive,373257727,4852169
378110311,96,3,receive,373340772,4769539
378110730,274,1,receive,373342284,4768446
378111159,204,1,receive,373342449,4768710
378111685,188,2,receive,373340656,4771029
378112084,426,2,receive,373343822,4768262
378112544,408,3,receive,373344177,4768367
378112939,338,1,receive,373344313,4768626
378344149,18,3,receive,373343300,5000849
378344616,12,5,receive,373315677,5028939
378345058,138,1,receive,373345262,4999796
378345504,626,1,receive,373345494,5000010
378345938,110,3,receive,373345744,5000194
378346388,590,5,receive,373345797,5000591
378346828,782,1,receive,373346124,5000704
378347269,160,3,receive,373346421,5000848
378347711,290,1,receive,373311159,5036552
378348155,964,1,receive,373346825,5001330
378551646,96,4,receive,373346856,5204790
378552160,432,2,receive,373347684,5204476
378552618,670,2,receive,373349026,5203592
378553284,632,2,receive,373350024,5203260
378553761,106,3,receive,373351343,5202418
378554256,708,1,receive,373351772,5202484
378554723,158,2,receive,373351916,5202807
378555183,150,4,receive,373352784,5202399
378555686,284,1,receive,373353815,5201871
378755910,70,5,receive,373288342,5467568
378756368,426,3,receive,373354781,5401587
378756805,868,2,receive,373354805,5402000
378757236,730,1,receive,373355393,5401843
378757702,206,3,receive,373355353,5402349
378758159,1000,1,receive,373355649,5402510
378758610,382,1,receive,373356097,5402513
378759062,320,3,receive,373357048,5402014
378759553,80,2,receive,373357455,5402098
378760018,36,2,receive,373357977,5402041
378962488,56,3,receive,373241375,5721113
378962968,490,1,receive,373358269,5604699
378963411,400,3,receive,373358854,5604557
378963850,554,1,receive,373359320,5604530
378964308,598,1,receive,373359649,5604659
378964770,104,5,receive,373360476,5604294
378965241,212,1,receive,373360429,5604812
378965688,818,2,receive,373360893,5604795
378966129,128,5,receive,373361359,5604770
378966587,190,1,receive,373362713,5603874
379162949,764,1,receive,373362713,5800236
379163455,210,2,receive,373363083,5800372
379163919,230,3,receive,373364522,5799397
379164378,778,4,receive,373364429,5799949
379164832,592,1,receive,373364608,5800224
379165304,488,1,receive,373367149,5798155
379165814,426,4,receive,373367583,5798231
379166277,332,1,receive,373367726,5798551
379166742,354,1,receive,373368455,5798287
379167224,114,5,receive,373368894,5798330
379349759,582,1,receive,373368957,5980802
379350239,86,4,receive,373369044,5981195
379350704,640,1,receive,373369448,5981256
379351177,166,2,receive,373358761,5992416
379351649,300,1,receive,373370044,5981605
379352107,192,1,receive,373370182,5981925
379352564,712,1,receive,373370313,5982251
379353034,486,3,receive,373371338,5981696
379353507,130,3,receive,373309045,6044462
379353981,524,1,receive,373374149,5979832
379498999,130,4,receive,373373933,6125066
379499513,530,1,receive,373374600,6124913
379500094,436,1,receive,373374829,6125265
379500557,130,5,receive,373375029,6125528
379501011,636,2,receive,373376013,6124998
379501526,90,5,receive,373376866,6124660
379502068,508,1,receive,373376887,6125181
379502551,130,6,receive,373376476,6126075
379503006,972,2,receive,373377276,6125730
379645541,426,5,receive,373377644,6267897
379646299,634,3,receive,373378345,6267954
379646746,918,1,receive,373378463,6268283
379647205,618,1,receive,373379066,6268139
379647662,166,3,receive,373380013,6267649
379648106,112,2,receive,373285041,6363065
379648561,196,6,receive,373381922,6266639
379649004,868,3,receive,373382063,6266941
379649464,8,5,receive,373278178,6371286
379822638,90,6,receive,373382316,6440322
379823092,400,4,receive,373382781,6440311
379823554,340,1,receive,373296934,6526620
379824008,486,4,receive,373383975,6440033
379824470,432,3,receive,373383008,6441462
379824914,126,2,receive,373305048,6519866
379825380,222,1,receive,373375932,6449448
379825839,316,1,receive,373386209,6439630
379826288,486,5,receive,373386787,6439501
379826734,730,2,receive,373387278,6439456
379952903,2,5,receive,373273391,6679512
379953372,154,3,receive,373388709,6564663
379953829,734,1,receive,373389539,6564290
379954282,444,1,receive,373334200,6620082
379954751,436,2,receive,373390018,6564733
379955215,492,2,receive,373390020,6565195
379955658,638,1,receive,373371725,6583933
379956132,366,1,receive,373390145,6565987
379956606,618,2,receive,373390437,6566169
380087974,62,4,receive,373250337,6837637
380088457,756,1,receive,373390885,6697572
380088912,774,1,receive,373390624,6698288
380089370,554,2,receive,373391272,6698098
380089829,196,7,receive,373391318,6698511
380090312,678,1,receive,373391717,6698595
380090795,964,2,receive,373391772,6699023
380091286,724,1,receive,373392160,6699126
380091740,64,4,receive,373354344,6737396
380225419,488,2,receive,373393759,6831660
380225887,798,3,receive,373393968,6831919
380226340,320,4,receive,373394395,6831945
380226811,222,2,receive,373395466,6831345
380227266,778,5,receive,373395541,6831725
380227743,778,6,receive,373395881,6831862
380228217,32,3,receive,373285087,6943130
380228687,206,4,receive,373396720,6831967
380229146,336,1,receive,373396941,6832205
380353125,2,6,receive,373393761,6959364
380353591,766,2,receive,373397603,6955988
380354071,352,1,receive,373355333,6998738
380354528,164,2,receive,373287511,7067017
380355040,434,1,receive,373398867,6956173
380355509,804,1,receive,373398932,6956577
380356005,456,2,receive,373399942,6956063
380356497,858,1,receive,373343766,7012731
380356951,612,2,receive,373391742,6965209
380472809,760,2,receive,373785373,6687436
380473297,450,5,receive,373762824,6710473
380473738,266,11,receive,373815105,6658633
380474233,132,3,receive,373774999,6699234
380474697,748,3,receive,373747821,6726876
380475185,568,1,receive,373575024,6900161
380475789,172,3,receive,373334251,7141538
380476704,978,1,receive,373658662,6818042
380591772,732,6,receive,373810985,6780787
380592266,160,5,receive,373703481,6888785
380592779,334,3,receive,373679227,6913552
380593233,998,1,receive,373735850,6857383
380593683,102,4,receive,373955055,6638628
380594145,702,11,receive,373948500,6645645
380594638,860,4,receive,373938620,6656018
380595285,952,3,receive,373939403,6655882
380595952,856,2,receive,373943620,6652332
380596401,442,6,receive,373958663,6637738
380715157,856,3,receive,374159895,6555262
380715620,766,8,receive,373950618,6765002
380716154,294,3,receive,373980856,6735298
380716638,74,8,receive,374175316,6541322
380717306,748,5,receive,374163172,6554134
380717863,722,3,receive,374183017,6534846
380718326,324,3,receive,374165946,6552380
380718910,74,9,receive,374377812,6341098
380828504,838,5,receive,374189151,6639353
380828940,212,5,receive,374164534,6664406
380829662,334,5,receive,374172911,6656751
380830159,570,5,receive,374156690,6673469
380831293,820,3,receive,374164219,6667074
380831762,196,13,receive,374402555,6429207
380832223,964,12,receive,374432133,6400090
380832682,912,7,receive,374415798,6416884
380956112,158,6,receive,374402954,6553158
380956545,748,6,receive,374401975,6554570
380956905,736,5,receive,374353172,6603733
380957290,706,4,receive,374389558,6567732
380958113,296,12,receive,374420599,6537514
380958731,118,5,receive,374396341,6562390
380959559,396,5,receive,374398977,6560582
380960052,272,10,receive,374593186,6366866
380960461,912,8,receive,374623322,6337139
381081713,104,10,receive,374630341,6451372
381082212,816,11,receive,374635475,6446737
381082716,140,9,receive,374626076,6456640
381083153,748,7,receive,374657076,6426077
381083585,396,6,receive,374637228,6446357
381084017,322,6,receive,374642183,6441834
381084488,598,9,receive,374625769,6458719
381084932,414,5,receive,374627765,6457167
381085365,704,7,receive,374848079,6237286
381085795,26,11,receive,375057677,6028118
381086222,140,10,receive,374859173,6227049
381209262,172,8,receive,374885295,6323967
381209805,218,9,receive,374852065,6357740
381210378,288,9,receive,374857297,6353081
381211013,902,5,receive,374774974,6436039
381211632,704,8,receive,375083948,6127684
381212134,902,6,receive,375098240,6113894
381212629,800,9,receive,375129046,6083583
381213125,618,19,receive,375002494,6210631
381311289,500,8,receive,375117957,6193332
381311837,152,13,receive,375159881,6151956
