receive_timestamp,source_vehicle,message_id,event_type,send_timestamp,latency_us
373380147,170,1,receive,373236911,143236
373380665,88,1,receive,373237445,143220
373381118,12,2,receive,373237933,143185
373381566,208,1,receive,373238414,143152
373382015,64,2,receive,373238524,143491
373382485,156,1,receive,373240057,142428
373382926,26,2,receive,373233161,149765
373383350,78,3,receive,373240961,142389
373383824,20,3,receive,373241051,142773
373384282,114,1,receive,373243393,140889
373789081,26,3,receive,373242977,546104
373789549,184,1,receive,373244281,545268
373790006,44,4,receive,373244365,545641
373790458,152,1,receive,373244303,546155
373790898,70,4,receive,373234554,556344
373791361,196,1,receive,373244839,546522
373791808,202,1,receive,373245191,546617
373792252,110,1,receive,373246363,545889
373792695,130,2,receive,373247303,545392
373793152,16,2,receive,373248215,544937
373880066,106,1,receive,373248258,631808
373880519,182,2,receive,373248814,631705
373880947,128,1,receive,373248918,632029
373881422,58,3,receive,373249671,631751
373881898,90,1,receive,373250077,631821
373882356,10,1,receive,373250106,632250
373882796,74,3,receive,373250725,632071
373883234,38,3,receive,373241428,641806
373883686,184,2,receive,373252728,630958
373884125,82,1,receive,373253177,630948
374116440,72,3,receive,373236969,879471
374116895,156,2,receive,373254574,862321
374117351,8,3,receive,373254823,862528
374117790,126,1,receive,373255577,862213
374118271,40,3,receive,373255919,862352
374118739,6,3,receive,373245051,873688
374119187,74,4,receive,373256025,863162
374119633,168,1,receive,373256251,863382
374120088,128,2,receive,373258107,861981
374120547,186,2,receive,373259077,861470
374323624,4,4,receive,373258886,1064738
374324084,12,3,receive,373259914,1064170
374324512,32,2,receive,373250011,1074501
374324947,92,1,receive,373260118,1064829
374325438,104,1,receive,373260181,1065257
374325868,114,2,receive,373260429,1065439
374326338,172,1,receive,373260499,1065839
374326789,66,6,receive,373256207,1070582
374327302,144,1,receive,373260632,1066670
374327732,8,4,receive,373257755,1069977
374547180,112,1,receive,373262148,1285032
374547614,40,4,receive,373262494,1285120
374548030,206,1,receive,373262711,1285319
374548506,96,1,receive,373262913,1285593
374548928,150,1,receive,373264523,1284405
374549340,208,2,receive,373264969,1284371
374549754,14,6,receive,373264854,1284900
374550189,590,1,receive,373266097,1284092
374550728,14,7,receive,373267806,1282922
374551186,140,1,receive,373270021,1281165
374551622,22,1,receive,373270029,1281593
374810336,18,1,receive,373270036,1540300
374810799,202,2,receive,373270712,1540087
374811206,60,1,receive,373270683,1540523
374811638,160,1,receive,373270910,1540728
374812209,20,4,receive,373261219,1550990
374812636,590,2,receive,373272425,1540211
374813044,172,2,receive,373273789,1539255
374813490,128,3,receive,373275202,1538288
374813990,456,1,receive,373276083,1537907
374814422,196,2,receive,373276902,1537520
374814890,188,1,receive,373276852,1538038
375047400,110,2,receive,373277086,1770314
375047870,184,3,receive,373277380,1770490
375048362,162,1,receive,373277349,1771013
375049830,20,5,receive,373276963,1772867
375050326,12,4,receive,373278229,1772097
375050781,164,1,receive,373272121,1778660
375051250,394,1,receive,373278752,1772498
375272856,82,2,receive,373266117,2006739
375273326,34,5,receive,373244407,2028919
375273818,40,5,receive,373278855,1994963
375274274,230,1,receive,373279031,1995243
375274730,492,1,receive,373279049,1995681
375275202,570,1,receive,373279141,1996061
375275652,36,1,receive,373280391,1995261
375276099,152,2,receive,373281154,1994945
375276557,88,2,receive,373263989,2012568
375277033,52,3,receive,373248117,2028916
375536124,154,1,receive,373286200,2249924
375536609,186,3,receive,373272645,2263964
375537089,196,3,receive,373287096,2249993
375537546,114,3,receive,373287285,2250261
375538002,96,2,receive,373287418,2250584
375538460,76,3,receive,373251724,2286736
375538946,590,3,receive,373289408,2249538
375539406,636,1,receive,373289341,2250065
375539864,778,1,receive,373289648,2250216
375540359,86,1,receive,373290793,2249566
375797761,98,1,receive,373291041,2506720
375798244,868,1,receive,373291114,2507130
375798760,590,4,receive,373292667,2506093
375799227,104,2,receive,373292892,2506335
375799718,90,2,receive,373293038,2506680
375800195,778,2,receive,373293094,2507101
375800762,432,1,receive,373294811,2505951
375801228,68,1,receive,373294917,2506311
375801701,346,1,receive,373295462,2506239
376017040,320,1,receive,373296620,2720420
376017508,108,2,receive,373288603,2728905
376017967,84,1,receive,373282609,2735358
376018438,84,2,receive,373297268,2721170
376018895,302,1,receive,373297189,2721706
376019352,612,1,receive,373297315,2722037
376019810,150,2,receive,373297382,2722428
376020288,974,1,receive,373292613,2727675
376020742,674,1,receive,373297959,2722783
376021235,106,2,receive,373298141,2723094
376288145,778,3,receive,373298369,2989776
376288607,104,3,receive,373300144,2988463
376289060,98,2,receive,373301015,2988045
376289548,152,3,receive,373301213,2988335
376290029,384,1,receive,373301901,2988128
376290511,86,2,receive,373303095,2987416
376290973,448,1,receive,373303372,2987601
376291436,486,1,receive,373304542,2986894
376291921,42,3,receive,373242320,3049601
376292386,426,1,receive,373306585,2985801
376542847,160,2,receive,373306687,3236160
376543325,634,1,receive,373308105,3235220
376543792,408,1,receive,373308867,3234925
376544284,870,1,receive,373309486,3234798
376544767,210,1,receive,373310039,3234728
376545271,26,4,receive,373245006,3300265
376545744,114,4,receive,373311673,3234071
376546265,64,3,receive,373282318,3263947
376546740,30,1,receive,373312619,3234121
376547205,196,4,receive,373313394,3233811
376801693,408,2,receive,373314436,3487257
376802179,974,2,receive,373314787,3487392
376802652,140,2,receive,373316070,3486582
376803145,104,4,receive,373316474,3486671
376803612,184,4,receive,373316662,3486950
376804079,166,1,receive,373316885,3487194
376804562,128,4,receive,373317077,3487485
376805050,790,1,receive,373318464,3486586
376805514,50,1,receive,373318434,3487080
376805985,798,1,receive,373318566,3487419
377046012,196,5,receive,373318774,3727238
377046459,54,1,receive,373318997,3727462
377046912,18,2,receive,373320016,3726896
377047387,202,3,receive,373294291,3753096
377047852,80,1,receive,373322157,3725695
377048293,86,3,receive,373322441,3725852
377048749,400,1,receive,373323456,3725293
377049200,122,1,receive,373296841,3752359
377049657,158,1,receive,373304081,3745576
377050146,230,2,receive,373326675,3723471
377285307,320,2,receive,373327062,3958245
377285780,98,3,receive,373323391,3962389
377286228,384,2,receive,373330017,3956211
377286692,252,1,receive,373331018,3955674
377287145,634,2,receive,373331441,3955704
377287605,632,1,receive,373332263,3955342
377288051,118,1,receive,373332253,3955798
377288495,6,4,receive,373278304,4010191
377288970,90,3,receive,373332855,3956115
377289439,818,1,receive,373332891,3956548
377534155,90,4,receive,373333221,4200934
377534605,400,2,receive,373333307,4201298
377535062,150,3,receive,373334297,4200765
377535512,44,5,receive,373273715,4261797
377535962,154,2,receive,373334689,4201273
377536394,486,2,receive,373334774,4201620
377536842,758,1,receive,373334743,4202099
377537287,182,3,receive,373296292,4240995
377537752,206,2,receive,373335639,4202113
377760684,972,1,receive,373336349,4424335
377761147,798,2,receive,373336605,4424542
377761593,728,1,receive,373337175,4424418
377762106,152,4,receive,373321810,4440296
377762554,58,4,receive,373280331,4482223
377763002,670,1,receive,373337448,4425554
377763447,132,1,receive,373337427,4426020
377763910,766,1,receive,373337608,4426302
377764358,84,3,receive,373324172,4440186
377764806,312,1,receive,373339142,4425664
378000746,312,2,receive,373339616,4661130
378001224,100,1,receive,373257727,4743497
378001690,96,3,receive,373340772,4660918
378002148,274,1,receive,373342284,4659864
378002605,204,1,receive,373342449,4660156
378003077,188,2,receive,373340656,4662421
378003539,426,2,receive,373343822,4659717
378003998,408,3,receive,373344177,4659821
378004443,338,1,receive,373344313,4660130
378241512,18,3,receive,373343300,4898212
378241973,12,5,receive,373315677,4926296
