receive_timestamp,source_vehicle,message_id,event_type,send_timestamp,latency_us
249889153014,72,1,receive,249889148287,4727
249889153504,68,1,receive,249889149974,3530
249889153957,46,1,receive,249889150349,3608
249889154424,86,1,receive,249889152340,2084
249889154893,44,1,receive,249889152335,2558
249889155381,92,1,receive,249889152776,2605
249889163312,90,1,receive,249889155402,7910
249889163801,98,1,receive,249889155773,8028
249889171265,60,1,receive,249889159023,12242
249889171688,20,1,receive,249889158256,13432
249889248490,38,2,receive,249889248251,239
249889257633,2,2,receive,249889255678,1955
249889267992,96,2,receive,249889267777,215
249889271917,98,2,receive,249889270013,1904
249889279012,10,2,receive,249889276875,2137
249889307704,4,2,receive,249889307526,178
249889312175,60,2,receive,249889308961,3214
249889312547,50,2,receive,249889312149,398
249889328951,16,2,receive,249889328769,182
249889342326,26,2,receive,249889342164,162
249889349836,12,2,receive,249889349638,198
249889358385,74,2,receive,249889358202,183
249889380871,38,3,receive,249889380685,186
249889402615,88,2,receive,249889402406,209
249889406110,28,2,receive,249889403855,2255
249889406654,42,2,receive,249889405377,1277
249889441545,60,3,receive,249889441335,210
249889448797,26,3,receive,249889448607,190
249889453311,16,3,receive,249889453199,112
249889480375,50,3,receive,249889480190,185
249889490930,24,2,receive,249889490744,186
249889534570,68,2,receive,249889533231,1339
249889535966,96,3,receive,249889535876,90
249889540660,62,2,receive,249889537801,2859
249889550278,76,2,receive,249889550122,156
249889565947,2,3,receive,249889565781,166
249889616942,90,2,receive,249889616717,225
249889626228,98,3,receive,249889626086,142
249889666191,44,2,receive,249889665448,743
249889667861,2,4,receive,249889667742,119
249889674921,34,2,receive,249889674233,688
249889687536,84,2,receive,249889686752,784
249889693805,92,2,receive,249889693029,776
249889726161,100,2,receive,249889724809,1352
249889732099,24,3,receive,249889731929,170
249889758547,20,2,receive,249889758424,123
249889786721,88,3,receive,249889786541,180
249889790298,80,2,receive,249889788239,2059
249889810883,18,2,receive,249889810746,137
249889814902,52,2,receive,249889812251,2651
249889821145,70,2,receive,249889819919,1226
249889864980,66,2,receive,249889863705,1275
249889867813,86,2,receive,249889864591,3222
249889871278,34,3,receive,249889871138,140
249889884690,46,2,receive,249889884575,115
249889888318,72,2,receive,249889885974,2344
249889900831,48,2,receive,249889899611,1220
249889908064,36,2,receive,249889907895,169
249889924136,14,2,receive,249889923883,253
249889927477,82,2,receive,249889925616,1861
249889927995,54,2,receive,249889927353,642
249889937012,32,2,receive,249889934998,2014
249889941518,4,3,receive,249889941392,126
249889953126,78,2,receive,249889950968,2158
249889953733,12,3,receive,249889953601,132
249889968680,6,2,receive,249889968528,152
249889979022,58,2,receive,249889978300,722
249889981887,66,3,receive,249889981007,880
249889998538,46,3,receive,249889998389,149
249890004843,34,4,receive,249890004719,124
249890026704,56,2,receive,249890026541,163
249890045198,50,4,receive,249890045028,170
249890050244,64,2,receive,249890049265,979
249890051693,44,3,receive,249890051547,146
249890057805,8,2,receive,249890057644,161
249890066240,60,4,receive,249890066075,165
249890066663,22,2,receive,249890066329,334
249890071951,92,3,receive,249890069948,2003
249890080247,62,3,receive,249890080023,224
249890104997,30,2,receive,249890103023,1974
249890108858,40,2,receive,249890107019,1839
249890131367,42,3,receive,249890127751,3616
249890131875,56,3,receive,249890129493,2382
249890132943,84,3,receive,249890131859,1084
249890147133,10,3,receive,249890146966,167
249890167037,68,3,receive,249890166846,191
249890184248,74,3,receive,249890184094,154
249890200274,24,4,receive,249890200107,167
249890207788,98,4,receive,249890207436,352
249890211693,80,3,receive,249890209321,2372
249890214899,54,3,receive,249890214783,116
249890220203,26,4,receive,249890218900,1303
249890272783,38,4,receive,249890269383,3400
249890273164,14,3,receive,249890270750,2414
249890273494,36,3,receive,249890273108,386
249890279597,12,4,receive,249890279416,181
249890285204,16,4,receive,249890284091,1113
249890327096,42,4,receive,249890324691,2405
249890337292,46,4,receive,249890336644,648
249890352260,52,3,receive,249890350771,1489
249890359335,74,4,receive,249890359166,169
249890375226,14,4,receive,249890374661,565
249890382845,76,3,receive,249890382260,585
249890393625,40,3,receive,249890393014,611
249890401053,28,3,receive,249890400899,154
249890422545,32,3,receive,249890422355,190
249890425723,62,4,receive,249890424730,993
249890428928,96,4,receive,249890426923,2005
249890443090,86,3,receive,249890442892,198
249890445887,2,5,receive,249890444819,1068
249890455112,54,4,receive,249890454985,127
249890462457,78,3,receive,249890462307,150
249890472614,88,4,receive,249890470786,1828
249890474213,84,4,receive,249890474069,144
249890476426,58,3,receive,249890476337,89
249890479683,14,5,receive,249890479038,645
249890482462,8,3,receive,249890481332,1130
249890492564,18,3,receive,249890492418,146
249890503044,48,3,receive,249890502863,181
249890508721,50,5,receive,249890506769,1952
249890509128,68,4,receive,249890506871,2257
249890527332,10,4,receive,249890527122,210
249890550633,92,4,receive,249890550437,196
249890571600,42,5,receive,249890569973,1627
249890580192,36,4,receive,249890579987,205
249890591171,90,3,receive,249890590962,209
249890596212,96,5,receive,249890595546,666
249890605112,62,5,receive,249890604934,178
249890635409,28,4,receive,249890634331,1078
249890637146,40,4,receive,249890636104,1042
249890649863,98,5,receive,249890649692,171
249890651640,20,3,receive,249890650958,682
249890663746,100,3,receive,249890663149,597
249890710009,66,4,receive,249890707879,2130
249890716582,8,4,receive,249890716469,113
249890737963,22,3,receive,249890737822,141
249890740679,4,4,receive,249890740605,74
249890744813,80,4,receive,249890744697,116
249890753326,18,4,receive,249890753193,133
249890756252,54,5,receive,249890756132,120
249890786545,46,5,receive,249890786342,203
249890811183,6,3,receive,249890808849,2334
249890814731,70,3,receive,249890814117,614
249890821981,72,3,receive,249890820897,1084
249890832553,20,4,receive,249890832417,136
249890836141,66,5,receive,249890833915,2226
249890837181,86,4,receive,249890837093,88
249890840535,38,5,receive,249890840458,77
249890854824,34,5,receive,249890853370,1454
249890857677,14,6,receive,249890854649,3028
249890860621,62,6,receive,249890860015,606
249890862233,82,3,receive,249890861463,770
249890864183,64,3,receive,249890864087,96
249890912303,8,5,receive,249890910389,1914
249890970889,96,6,receive,249890970752,137
249890974626,44,4,receive,249890971921,2705
249890986462,68,5,receive,249890986279,183
249890990296,36,5,receive,249890989286,1010
249891001379,84,5,receive,249890998966,2413
249891013756,70,4,receive,249891013536,220
249891026972,56,4,receive,249891023302,3670
249891027345,30,3,receive,249891024506,2839
249891031297,34,6,receive,249891030650,647
249891044958,60,5,receive,249891043934,1024
249891046309,98,6,receive,249891045303,1006
249891074066,26,5,receive,249891072899,1167
249891080774,6,4,receive,249891078959,1815
249891085449,54,6,receive,249891084824,625
249891094367,2,6,receive,249891092956,1411
249891102156,38,6,receive,249891100348,1808
249891108650,80,5,receive,249891107545,1105
249891109044,52,4,receive,249891108525,519
249891129493,12,5,receive,249891129378,115
249891146988,50,6,receive,249891146259,729
249891151045,76,4,receive,249891149737,1308
249891157382,24,5,receive,249891155511,1871
249891165393,88,5,receive,249891163591,1802
249891184414,14,7,receive,249891182185,2229
249891210029,16,5,receive,249891209656,373
249891229119,92,5,receive,249891227133,1986
249891239124,10,5,receive,249891237034,2090
249891239589,82,4,receive,249891239122,467
249891250989,84,6,receive,249891250798,191
249891273305,48,4,receive,249891272580,725
249891292500,90,4,receive,249891291665,835
249891295500,58,4,receive,249891293513,1987
249891307575,86,5,receive,249891306784,791
249891348591,2,7,receive,249891346688,1903
249891359628,70,5,receive,249891359459,169
249891363198,74,5,receive,249891359623,3575
249891369060,20,5,receive,249891368940,120
249891371661,78,4,receive,249891371585,76
249891381451,66,6,receive,249891381314,137
249891390851,100,4,receive,249891390736,115
249891398742,32,4,receive,249891398289,453
249891413887,68,6,receive,249891412590,1297
249891432138,52,5,receive,249891431949,189
249891435662,4,5,receive,249891435509,153
249891438718,22,4,receive,249891438604,114
249891447459,18,5,receive,249891447198,261
249891449474,26,6,receive,249891449318,156
249891451534,8,6,receive,249891451452,82
249891458979,42,6,receive,249891458284,695
249891467778,40,5,receive,249891467655,123
249891478923,72,4,receive,249891477844,1079
249891494219,64,4,receive,249891492119,2100
249891505484,6,5,receive,249891505281,203
249891513856,56,5,receive,249891513230,626
249891516334,28,5,receive,249891516181,153
249891523865,12,6,receive,249891523729,136
249891539174,52,6,receive,249891537891,1283
249891554766,58,5,receive,249891554592,174
249891564430,24,6,receive,249891562917,1513
249891572979,16,6,receive,249891571090,1889
249891586483,22,5,receive,249891586369,114
249891602314,44,5,receive,249891602153,161
249891653677,46,6,receive,249891653505,172
249891671267,14,8,receive,249891670246,1021
249891685766,100,5,receive,249891685551,215
249891726764,54,7,receive,249891726631,133
249891754643,62,7,receive,249891754462,181
249891784042,88,6,receive,249891783896,146
249891787350,56,6,receive,249891787187,163
249891793903,4,6,receive,249891793803,100
249891800552,70,6,receive,249891800385,167
249891802574,78,5,receive,249891802435,139
249891804363,40,6,receive,249891803532,831
249891806683,64,5,receive,249891806584,99
249891807136,50,7,receive,249891806796,340
249891825448,38,7,receive,249891823166,2282
249891831879,96,7,receive,249891829868,2011
249891833049,34,7,receive,249891831930,1119
249891845066,8,7,receive,249891844920,146
249891847114,84,7,receive,249891847018,96
249891850545,28,6,receive,249891847058,3487
249891885331,36,6,receive,249891885182,149
249891894864,26,7,receive,249891893113,1751
249891934570,60,6,receive,249891934362,208
249891947139,98,7,receive,249891946951,188
249891948788,54,8,receive,249891948695,93
249891957820,74,6,receive,249891957688,132
249891963390,30,4,receive,249891961959,1431
249891997799,10,6,receive,249891997524,275
249892001257,48,5,receive,249892000491,766
249892014232,20,6,receive,249892013006,1226
249892043400,6,6,receive,249892043157,243
249892045594,18,6,receive,249892045506,88
249892060036,82,5,receive,249892058761,1275
249892063097,70,7,receive,249892062932,165
249892067968,12,7,receive,249892063728,4240
249892068438,80,6,receive,249892066235,2203
249892078991,92,6,receive,249892078750,241
249892093627,14,9,receive,249892091917,1710
249892105819,58,6,receive,249892105671,148
249892107804,76,5,receive,249892106846,958
249892109305,56,7,receive,249892108459,846
249892130244,46,7,receive,249892130103,141
249892157389,32,5,receive,249892153709,3680
249892157704,86,6,receive,249892153733,3971
249892159216,60,7,receive,249892159110,106
249892161100,66,7,receive,249892161009,91
249892181187,2,8,receive,249892181064,123
249892185503,4,7,receive,249892184364,1139
249892187987,30,5,receive,249892187885,102
249892207457,42,7,receive,249892207329,128
249892212731,52,7,receive,249892212631,100
249892222340,88,7,receive,249892222214,126
249892229749,12,8,receive,249892229102,647
249892243137,90,5,receive,249892241473,1664
249892256178,44,6,receive,249892255978,200
249892285140,68,7,receive,249892283354,1786
249892286780,38,8,receive,249892286609,171
249892304935,8,8,receive,249892304763,172
249892332563,78,6,receive,249892332388,175
249892352467,86,7,receive,249892351273,1194
249892357894,76,6,receive,249892356276,1618
249892373089,24,7,receive,249892371164,1925
249892377026,50,8,receive,249892375093,1933
249892380740,44,7,receive,249892379565,1175
249892388194,34,8,receive,249892384962,3232
249892388690,28,7,receive,249892386177,2513
249892413229,100,6,receive,249892412483,746
249892430663,6,7,receive,249892430463,200
249892434657,72,5,receive,249892434485,172
249892453306,70,8,receive,249892453176,130
249892455452,66,8,receive,249892454196,1256
249892458795,74,7,receive,249892457038,1757
249892460682,16,7,receive,249892460009,673
249892506623,42,8,receive,249892506467,156
249892524749,32,6,receive,249892522758,1991
249892536734,96,8,receive,249892535653,1081
249892560617,46,8,receive,249892559982,635
249892568048,22,6,receive,249892565613,2435
249892568396,88,8,receive,249892566729,1667
249892570549,4,8,receive,249892569199,1350
249892587325,74,8,receive,249892586688,637
249892598934,54,9,receive,249892597881,1053
249892601265,30,6,receive,249892599914,1351
249892613931,48,6,receive,249892612918,1013
249892627364,62,8,receive,249892627249,115
249892631300,14,10,receive,249892630127,1173
249892637140,40,7,receive,249892636085,1055
249892639340,98,8,receive,249892638316,1024
249892652123,84,8,receive,249892651502,621
249892653955,60,8,receive,249892653144,811
249892667295,34,9,receive,249892667185,110
249892677124,36,7,receive,249892677027,97
249892702045,38,9,receive,249892699828,2217
249892704088,6,8,receive,249892703939,149
249892719833,64,6,receive,249892719748,85
249892747321,80,7,receive,249892745719,1602
249892759378,58,7,receive,249892759293,85
249892768551,86,8,receive,249892766945,1606
249892772969,42,9,receive,249892771372,1597
249892803825,82,6,receive,249892803102,723
249892806658,44,8,receive,249892803821,2837
249892807247,52,8,receive,249892807135,112
249892818668,18,7,receive,249892817972,696
249892827949,62,9,receive,249892826195,1754
249892868610,16,8,receive,249892866882,1728
249892873281,86,9,receive,249892871664,1617
249892887742,26,8,receive,249892886660,1082
249892888705,24,8,receive,249892888598,107
249892893820,20,7,receive,249892892370,1450
249892901396,74,9,receive,249892901329,67
249892907176,4,9,receive,249892905074,2102
249892919129,10,7,receive,249892918962,167
249892928553,90,6,receive,249892928456,97
249892934509,98,9,receive,249892934430,79
249892952137,92,7,receive,249892951968,169
249892960695,100,7,receive,249892960628,67
249892969993,56,8,receive,249892968799,1194
249892982439,58,8,receive,249892981190,1249
249892991790,66,9,receive,249892990545,1245
249893000235,2,9,receive,249892998544,1691
249893003130,76,7,receive,249893002861,269
249893019113,46,9,receive,249893018853,260
249893020578,60,9,receive,249893019497,1081
249893027742,22,7,receive,249893027675,67
249893034901,12,9,receive,249893034771,130
249893044793,38,10,receive,249893044548,245
249893047922,36,8,receive,249893047859,63
249893062065,90,7,receive,249893059403,2662
249893069612,70,9,receive,249893069433,179
249893076054,18,8,receive,249893075033,1021
249893109282,8,9,receive,249893109023,259
249893148575,80,8,receive,249893145438,3137
249893150600,96,9,receive,249893150486,114
249893174522,78,7,receive,249893170018,4504
249893201926,34,10,receive,249893195889,6037
249893211686,14,11,receive,249893201873,9813
249893212253,50,9,receive,249893203840,8413
249893221306,92,8,receive,249893211012,10294
249893228358,68,8,receive,249893223306,5052
249893241591,28,8,receive,249893235025,6566
249893269467,4,10,receive,249893264575,4892
249893297825,40,8,receive,249893293016,4809
249893309397,42,10,receive,249893305096,4301
249893317902,64,7,receive,249893314019,3883
249893327165,82,7,receive,249893321225,5940
249893335220,76,8,receive,249893335030,190
249893349568,54,10,receive,249893343036,6532
249893364807,52,9,receive,249893360236,4571
249893366411,2,10,receive,249893366258,153
249893374257,22,8,receive,249893368465,5792
249893374896,88,9,receive,249893370363,4533
249893376900,36,9,receive,249893371707,5193
249893402086,48,7,receive,249893400737,1349
249893406999,30,7,receive,249893406773,226
249893411805,72,6,receive,249893410141,1664
249893428702,84,9,receive,249893428469,233
249893453027,92,9,receive,249893451576,1451
249893453636,28,9,receive,249893453141,495
249893459882,6,9,receive,249893459744,138
249893476814,98,10,receive,249893476645,169
249893484213,58,9,receive,249893484025,188
249893487998,60,10,receive,249893487841,157
249893508668,86,10,receive,249893507458,1210
249893510161,32,7,receive,249893509980,181
249893516923,26,9,receive,249893516695,228
249893543674,66,10,receive,249893543420,254
249893546449,40,9,receive,249893546294,155
249893556233,70,10,receive,249893554274,1959
249893559175,44,9,receive,249893557134,2041
249893560371,78,8,receive,249893560215,156
249893588804,58,10,receive,249893588507,297
249893605493,24,9,receive,249893604383,1110
249893640664,74,10,receive,249893640508,156
249893646760,12,10,receive,249893646680,80
249893653851,16,9,receive,249893650289,3562
249893686675,62,10,receive,249893686439,236
249893695220,40,10,receive,249893693585,1635
249893710726,38,11,receive,249893710591,135
249893712984,24,10,receive,249893712802,182
249893715790,56,9,receive,249893715688,102
249893722390,20,8,receive,249893722297,93
249893724577,34,11,receive,249893722994,1583
249893733249,46,10,receive,249893733186,63
249893735259,84,10,receive,249893735183,76
249893740174,4,11,receive,249893740097,77
249893757640,8,10,receive,249893757549,91
249893787162,76,9,receive,249893785951,1211
249893803214,42,11,receive,249893801782,1432
249893805060,50,10,receive,249893803628,1432
249893807931,58,11,receive,249893806653,1278
249893813160,100,8,receive,249893811388,1772
249893823340,92,10,receive,249893823007,333
249893834403,6,10,receive,249893832007,2396
249893847461,96,10,receive,249893845721,1740
249893859715,18,9,receive,249893859516,199
249893863807,46,11,receive,249893863664,143
249893870367,2,11,receive,249893870176,191
249893875153,12,11,receive,249893875016,137
249893879782,48,8,receive,249893878329,1453
249893882271,84,11,receive,249893880454,1817
249893882656,10,8,receive,249893882558,98
249893920374,62,11,receive,249893920096,278
249893924700,68,9,receive,249893924514,186
249893927229,76,10,receive,249893927113,116
249893977857,90,8,receive,249893977741,116
249893983621,82,8,receive,249893982079,1542
249894013362,60,11,receive,249894011445,1917
249894017115,6,11,receive,249894016408,707
249894041605,30,8,receive,249894037009,4596
249894044221,52,10,receive,249894041973,2248
249894049100,14,12,receive,249894048017,1083
249894053976,12,12,receive,249894053898,78
249894065133,46,12,receive,249894063827,1306
249894074450,64,8,receive,249894072640,1810
249894088951,76,11,receive,249894087598,1353
249894098674,26,10,receive,249894097838,836
249894115601,38,12,receive,249894115482,119
249894129616,80,9,receive,249894129352,264
249894131485,98,11,receive,249894131396,89
249894139178,34,12,receive,249894138400,778
249894161520,90,9,receive,249894161365,155
249894191733,50,11,receive,249894191566,167
249894219973,78,9,receive,249894219780,193
249894238346,68,10,receive,249894238203,143
249894245866,22,9,receive,249894238229,7637
249894252685,54,11,receive,249894252568,117
249894263382,52,11,receive,249894263292,90
249894276306,36,10,receive,249894276190,116
249894285626,56,10,receive,249894285520,106
249894317701,88,10,receive,249894317549,152
249894327189,86,11,receive,249894327089,100
249894349717,32,8,receive,249894349616,101
249894354335,58,12,receive,249894353566,769
249894378024,66,11,receive,249894377906,118
249894390194,72,7,receive,249894390091,103
249894401037,70,11,receive,249894400937,100
249894420232,44,10,receive,249894419984,248
249894421871,28,10,receive,249894421768,103
249894429345,60,12,receive,249894429113,232
249894445724,2,12,receive,249894444012,1712
249894467738,34,13,receive,249894467559,179
249894476105,12,13,receive,249894474523,1582
249894484826,18,10,receive,249894484115,711
249894485859,42,12,receive,249894484974,885
249894492104,80,10,receive,249894491863,241
249894500867,30,9,receive,249894499435,1432
249894520711,92,11,receive,249894520453,258
249894544118,74,11,receive,249894543845,273
249894561498,44,11,receive,249894560796,702
249894573887,64,9,receive,249894573624,263
249894587671,46,13,receive,249894587388,283
249894591084,42,13,receive,249894588745,2339
249894611070,24,11,receive,249894607652,3418
249894611431,2,13,receive,249894608465,2966
249894630973,16,10,receive,249894628031,2942
249894631484,50,12,receive,249894629006,2478
249894633346,28,11,receive,249894631090,2256
249894640190,66,12,receive,249894636879,3311
249894644503,98,12,receive,249894644450,53
249894650948,4,12,receive,249894650380,568
249894663215,100,9,receive,249894652485,10730
249894663704,96,11,receive,249894654636,9068
249894666648,80,11,receive,249894659175,7473
249894667129,76,12,receive,249894664015,3114
249894701334,22,10,receive,249894698108,3226
249894701818,48,9,receive,249894699414,2404
249894704601,20,9,receive,249894703366,1235
249894726189,86,12,receive,249894726061,128
249894728862,42,14,receive,249894727740,1122
249894734645,60,13,receive,249894734476,169
249894741642,8,11,receive,249894740370,1272
249894743509,16,11,receive,249894742915,594
249894784773,84,12,receive,249894783612,1161
249894785483,56,11,receive,249894785376,107
249894790143,52,12,receive,249894788852,1291
249894809952,26,11,receive,249894809079,873
249894824223,78,10,receive,249894823390,833
249894853051,62,12,receive,249894846008,7043
249894853406,32,9,receive,249894846250,7156
249894875279,96,12,receive,249894875102,177
249894891160,48,10,receive,249894890889,271
249894895690,58,13,receive,249894895095,595
249894936954,82,9,receive,249894936810,144
249894938134,2,14,receive,249894936801,1333
249894942223,46,14,receive,249894942127,96
249894945185,90,10,receive,249894945087,98
249894951390,6,12,receive,249894951284,106
249894953039,86,13,receive,249894952943,96
249894964073,22,11,receive,249894962832,1241
249894971291,36,11,receive,249894971161,130
249894980857,74,12,receive,249894980772,85
249894983239,72,8,receive,249894982541,698
249894994645,24,12,receive,249894993271,1374
249894996097,32,10,receive,249894995596,501
249895011128,96,13,receive,249895011009,119
249895023817,88,11,receive,249895023732,85
249895025494,56,12,receive,249895025362,132
249895030013,100,10,receive,249895023794,6219
249895039672,8,12,receive,249895039570,102
249895061471,30,10,receive,249895058816,2655
249895064714,18,11,receive,249895063435,1279
249895077286,44,12,receive,249895076721,565
249895096889,54,12,receive,249895095076,1813
249895100497,26,12,receive,249895099767,730
249895110274,32,11,receive,249895108459,1815
249895117307,38,13,receive,249895116528,779
249895127944,78,11,receive,249895127290,654
249895131149,6,13,receive,249895128321,2828
249895148175,68,11,receive,249895146187,1988
249895159048,80,12,receive,249895158039,1009
249895178364,12,14,receive,249895178148,216
249895198166,96,14,receive,249895196845,1321
249895216808,42,15,receive,249895216684,124
249895236700,70,12,receive,249895234009,2691
249895241044,34,14,receive,249895236726,4318
249895247133,46,15,receive,249895247011,122
249895251454,24,13,receive,249895248665,2789
249895337074,64,10,receive,249895334304,2770
249895337457,68,12,receive,249895335748,1709
249895364238,4,13,receive,249895362301,1937
249895371287,50,13,receive,249895369405,1882
249895381773,88,12,receive,249895381656,117
249895396253,60,14,receive,249895396095,158
249895420611,76,13,receive,249895418865,1746
249895438802,20,10,receive,249895438008,794
249895452742,66,13,receive,249895451567,1175
249895484650,54,13,receive,249895484393,257
249895486103,92,12,receive,249895484477,1626
249895506789,2,15,receive,249895505619,1170
249895524456,72,9,receive,249895524272,184
249895528053,52,13,receive,249895527917,136
249895530756,90,11,receive,249895529101,1655
249895542946,38,14,receive,249895541830,1116
249895554199,100,11,receive,249895552899,1300
249895560965,98,13,receive,249895560234,731
249895564654,62,13,receive,249895563443,1211
249895573174,58,14,receive,249895573060,114
249895589677,16,12,receive,249895588877,800
249895593277,30,11,receive,249895593169,108
249895625313,20,11,receive,249895623428,1885
249895632057,28,12,receive,249895630968,1089
249895670120,44,13,receive,249895668572,1548
249895673082,80,13,receive,249895673006,76
249895677140,22,12,receive,249895675845,1295
249895687345,58,15,receive,249895685990,1355
249895723871,96,15,receive,249895723633,238
249895726642,2,16,receive,249895726487,155
249895748305,74,13,receive,249895746453,1852
249895770266,36,12,receive,249895769035,1231
249895780973,26,13,receive,249895779188,1785
249895783083,84,13,receive,249895781310,1773
249895788766,56,13,receive,249895786743,2023
249895825049,82,10,receive,249895821011,4038
249895825778,76,14,receive,249895821171,4607
249895833131,4,14,receive,249895833008,123
249895857803,16,13,receive,249895855868,1935
249895870712,48,11,receive,249895868890,1822
249895873065,24,14,receive,249895870754,2311
249895874339,2,17,receive,249895873261,1078
249895877802,46,16,receive,249895877120,682
249895944370,86,14,receive,249895942887,1483
249895949463,22,13,receive,249895949165,298
249895964343,20,12,receive,249895962414,1929
249895964717,80,14,receive,249895962981,1736
249895967517,8,13,receive,249895967446,71
249895984487,4,15,receive,249895984387,100
249895996655,34,15,receive,249895995012,1643
249895999636,78,12,receive,249895998914,722
249896028544,18,12,receive,249896025013,3531
249896054520,6,14,receive,249896053893,627
249896056981,12,15,receive,249896055033,1948
249896064807,88,13,receive,249896061486,3321
249896065078,70,13,receive,249896062374,2704
249896086906,22,14,receive,249896086727,179
249896093499,84,14,receive,249896092988,511
249896093876,74,14,receive,249896093180,696
249896109393,64,11,receive,249896107584,1809
249896161876,38,15,receive,249896161689,187
249896164115,42,16,receive,249896163979,136
249896178871,56,14,receive,249896178577,294
249896184539,96,16,receive,249896184348,191
249896193756,54,14,receive,249896193131,625
249896197926,46,17,receive,249896197813,113
249896226038,74,15,receive,249896224157,1881
249896232051,62,14,receive,249896229008,3043
249896248425,68,13,receive,249896248213,212
249896276568,50,14,receive,249896276415,153
249896305725,60,15,receive,249896304456,1269
249896310663,100,12,receive,249896310582,81
249896323803,46,18,receive,249896323679,124
249896326094,98,14,receive,249896326005,89
249896336923,66,14,receive,249896336808,115
249896339456,76,15,receive,249896338489,967
249896359733,30,12,receive,249896359097,636
249896365889,58,16,receive,249896364115,1774
249896366284,52,14,receive,249896365346,938
249896409108,92,13,receive,249896406012,3096
249896412767,34,16,receive,249896411377,1390
249896416373,28,13,receive,249896413148,3225
249896424490,90,12,receive,249896424335,155
249896446685,64,12,receive,249896446477,208
249896454383,50,15,receive,249896453690,693
249896462449,80,15,receive,249896461757,692
249896478675,74,16,receive,249896477959,716
249896499714,86,15,receive,249896498246,1468
249896527969,26,14,receive,249896527682,287
249896543349,46,19,receive,249896542221,1128
249896560848,12,16,receive,249896560600,248
249896562436,78,13,receive,249896562330,106
249896622056,42,17,receive,249896621045,1011
249896623235,44,14,receive,249896623107,128
249896645277,20,13,receive,249896644347,930
249896649649,34,17,receive,249896648686,963
249896651695,22,15,receive,249896651600,95
249896671797,58,17,receive,249896671684,113
249896675569,92,14,receive,249896675477,92
249896712286,100,13,receive,249896711024,1262
249896720443,64,13,receive,249896718922,1521
249896733907,36,13,receive,249896731142,2765
249896734298,38,16,receive,249896732462,1836
249896746719,88,14,receive,249896745133,1586
249896768878,16,14,receive,249896767763,1115
249896790099,26,15,receive,249896788011,2088
249896790450,82,11,receive,249896789006,1444
249896795316,48,12,receive,249896794275,1041
249896799456,24,15,receive,249896796008,3448
249896799929,18,13,receive,249896798254,1675
249896816272,46,20,receive,249896814152,2120
249896878008,6,15,receive,249896876866,1142
249896885623,84,15,receive,249896884686,937
249896907174,20,14,receive,249896905940,1234
249896926802,78,14,receive,249896924086,2716
249896927167,80,16,receive,249896925140,2027
249896954971,8,14,receive,249896954711,260
249896980351,56,15,receive,249896980231,120
249897003808,62,15,receive,249897002723,1085
249897020204,54,15,receive,249897019610,594
249897024534,90,13,receive,249897023653,881
249897028518,98,15,receive,249897028282,236
249897040265,80,17,receive,249897040154,111
249897059327,68,14,receive,249897059174,153
249897078477,60,16,receive,249897077843,634
249897080302,50,16,receive,249897079708,594
249897083320,30,13,receive,249897080951,2369
249897101925,92,15,receive,249897100854,1071
249897122149,52,15,receive,249897120699,1450
249897137018,76,16,receive,249897136877,141
249897153051,96,17,receive,249897144009,9042
249897186630,58,18,receive,249897186463,167
249897189686,28,14,receive,249897189145,541
249897193250,18,14,receive,249897191114,2136
249897201848,78,15,receive,249897200384,1464
249897215931,66,15,receive,249897215705,226
249897217498,24,16,receive,249897216654,844
249897243020,84,16,receive,249897242841,179
249897262748,44,15,receive,249897261526,1222
249897265135,12,17,receive,249897263548,1587
249897269339,8,15,receive,249897269239,100
249897287906,88,15,receive,249897286922,984
249897303769,86,16,receive,249897303639,130
249897309394,34,18,receive,249897309295,99
249897358025,100,14,receive,249897354618,3407
249897398299,78,16,receive,249897397500,799
249897405716,18,15,receive,249897403449,2267
249897406121,38,17,receive,249897405113,1008
249897410401,74,17,receive,249897409394,1007
249897416051,58,19,receive,249897415860,191
249897421289,42,18,receive,249897421092,197
249897504482,84,17,receive,249897504264,218
249897507053,76,17,receive,249897506872,181
249897509082,62,16,receive,249897507561,1521
249897514954,46,21,receive,249897514266,688
249897525825,98,16,receive,249897525634,191
249897533758,92,16,receive,249897531880,1878
249897548136,64,14,receive,249897546622,1514
249897560567,20,15,receive,249897558760,1807
249897565615,8,16,receive,249897564865,750
249897588420,52,16,receive,249897587124,1296
249897607904,50,17,receive,249897607154,750
249897620259,22,16,receive,249897618948,1311
249897623108,30,14,receive,249897622890,218
249897670163,62,17,receive,249897668953,1210
249897677558,54,16,receive,249897676871,687
249897680146,36,14,receive,249897680018,128
249897715382,82,12,receive,249897715284,98
249897721530,16,15,receive,249897721465,65
249897736815,60,17,receive,249897735622,1193
249897748642,26,16,receive,249897748446,196
249897762588,74,18,receive,249897762420,168
249897777690,80,18,receive,249897777510,180
249897795908,34,19,receive,249897795713,195
249897822109,20,16,receive,249897805068,17041
249897822578,64,15,receive,249897806569,16009
249897822982,6,16,receive,249897811035,11947
249897839192,78,17,receive,249897839018,174
249897868831,12,18,receive,249897863991,4840
249897902835,86,17,receive,249897899703,3132
249897915629,88,16,receive,249897909393,6236
249897934747,24,17,receive,249897928183,6564
249897940600,60,18,receive,249897936523,4077
249897953230,26,17,receive,249897941163,12067
249897970128,62,18,receive,249897963363,6765
249897988054,56,16,receive,249897981772,6282
249897998936,28,15,receive,249897996345,2591
249898016686,54,17,receive,249898013170,3516
249898018061,18,16,receive,249898017478,583
249898026773,76,18,receive,249898025858,915
249898035599,34,20,receive,249898033963,1636
249898040325,66,16,receive,249898040117,208
249898052511,38,18,receive,249898050983,1528
249898053197,88,17,receive,249898053081,116
249898065706,58,20,receive,249898064032,1674
249898071380,96,18,receive,249898069349,2031
249898098389,20,17,receive,249898098159,230
249898100304,84,18,receive,249898100219,85
249898102702,22,17,receive,249898102626,76
249898118156,100,15,receive,249898118025,131
249898150558,60,19,receive,249898150443,115
249898243851,64,16,receive,249898241031,2820
249898250107,44,16,receive,249898247923,2184
249898251054,42,19,receive,249898250974,80
249898254761,86,18,receive,249898253838,923
249898273430,8,17,receive,249898273149,281
249898303087,26,18,receive,249898302933,154
249898307132,50,18,receive,249898307013,119
249898363505,92,17,receive,249898362782,723
249898373261,52,17,receive,249898372159,1102
249898378820,30,15,receive,249898378703,117
249898391812,38,19,receive,249898391715,97
249898411055,34,21,receive,249898409720,1335
249898430335,54,18,receive,249898430010,325
249898452819,62,19,receive,249898452170,649
249898493413,46,22,receive,249898493210,203
249898514189,98,17,receive,249898513200,989
249898517479,74,19,receive,249898517378,101
249898518677,58,21,receive,249898518197,480
249898527436,52,18,receive,249898527348,88
249898535208,54,19,receive,249898535136,72
249898543107,28,16,receive,249898542951,156
249898572365,16,16,receive,249898571135,1230
249898572848,76,19,receive,249898571210,1638
249898573776,56,17,receive,249898573172,604
249898589450,82,13,receive,249898588653,797
249898623661,20,18,receive,249898620010,3651
249898641938,58,22,receive,249898641729,209
249898643385,6,17,receive,249898642464,921
249898660955,30,16,receive,249898660240,715
249898669152,80,19,receive,249898668125,1027
249898670404,88,18,receive,249898669598,806
249898700129,62,20,receive,249898698510,1619
249898702560,44,17,receive,249898701847,713
249898742319,12,19,receive,249898742148,171
249898761861,22,18,receive,249898760659,1202
249898787996,92,18,receive,249898786509,1487
249898803059,56,18,receive,249898801496,1563
249898804451,78,18,receive,249898804368,83
249898807781,84,19,receive,249898805741,2040
249898811044,60,20,receive,249898808894,2150
249898857343,52,19,receive,249898857144,199
249898878381,24,18,receive,249898877172,1209
249898881215,38,20,receive,249898881127,88
249898883980,42,20,receive,249898882460,1520
249898931404,86,19,receive,249898931104,300
249898936734,66,17,receive,249898935391,1343
249898952530,22,19,receive,249898952267,263
249898956044,100,16,receive,249898954680,1364
249898962139,96,19,receive,249898961133,1006
249898968260,8,18,receive,249898968132,128
249898973332,28,17,receive,249898973236,96
249898979606,18,17,receive,249898978914,692
249898980324,24,19,receive,249898980267,57
249899004154,64,17,receive,249899001793,2361
249899006873,50,19,receive,249899005941,932
249899013183,26,19,receive,249899013104,79
249899015403,62,21,receive,249899014683,720
249899024036,52,20,receive,249899023010,1026
249899075763,60,21,receive,249899075161,602
249899082026,86,20,receive,249899081865,161
249899142535,8,19,receive,249899142425,110
249899154045,24,20,receive,249899153890,155
249899167054,92,19,receive,249899166892,162
249899207060,30,17,receive,249899204798,2262
249899236844,64,18,receive,249899236650,194
249899260421,96,20,receive,249899260247,174
249899261990,82,14,receive,249899261873,117
249899264047,56,19,receive,249899262545,1502
249899279568,80,20,receive,249899278796,772
249899318758,26,20,receive,249899318570,188
249899322687,76,20,receive,249899322510,177
249899327797,24,21,receive,249899327624,173
249899342371,58,23,receive,249899342120,251
249899370736,8,20,receive,249899368008,2728
249899371084,34,22,receive,249899368008,3076
249899397078,52,21,receive,249899396924,154
249899400258,60,22,receive,249899399397,861
249899420276,50,20,receive,249899419580,696
249899441742,98,18,receive,249899441579,163
249899464929,54,20,receive,249899464814,115
249899481221,74,20,receive,249899481117,104
249899505245,28,18,receive,249899504592,653
249899512861,66,18,receive,249899512788,73
249899522752,96,21,receive,249899522676,76
249899532887,44,18,receive,249899530407,2480
249899533142,6,18,receive,249899530756,2386
249899568028,30,18,receive,249899566008,2020
249899568318,86,21,receive,249899568006,312
249899571839,80,21,receive,249899570938,901
249899575304,100,17,receive,249899572299,3005
249899576221,88,19,receive,249899573148,3073
249899577468,38,21,receive,249899576107,1361
249899593754,92,20,receive,249899592897,857
249899594899,52,22,receive,249899594427,472
249899598807,22,20,receive,249899598090,717
249899608657,20,19,receive,249899607453,1204
249899628162,50,21,receive,249899627962,200
249899651735,42,21,receive,249899650782,953
249899682662,84,20,receive,249899682545,117
249899688469,64,19,receive,249899688379,90
249899737046,82,15,receive,249899734782,2264
249899737450,12,20,receive,249899735007,2443
249899766033,24,22,receive,249899763511,2522
249899787387,44,19,receive,249899786115,1272
249899822399,92,21,receive,249899822266,133
249899849513,80,22,receive,249899849364,149
249899872319,60,23,receive,249899871204,1115
249899899045,88,20,receive,249899898863,182
249899921250,44,20,receive,249899921011,239
249899923795,30,19,receive,249899921342,2453
249899975653,34,23,receive,249899975365,288
249899988256,62,22,receive,249899988070,186
249899991404,74,21,receive,249899990446,958
249900010632,88,21,receive,249900010036,596
249900034956,6,19,receive,249900034671,285
249900048193,44,21,receive,249900047543,650
249900052866,58,24,receive,249900052624,242
249900061951,8,21,receive,249900061366,585
249900073097,52,23,receive,249900072883,214
249900113414,56,20,receive,249900109008,4406
249900125497,28,19,receive,249900123896,1601
249900132932,74,22,receive,249900132807,125
249900177513,76,21,receive,249900177364,149
249900198823,34,24,receive,249900198695,128
249900268750,58,25,receive,249900267840,910
249900315108,100,18,receive,249900308551,6557
249900318916,26,21,receive,249900318834,82
249900353428,12,21,receive,249900352144,1284
249900377636,84,21,receive,249900376927,709
249900380714,54,21,receive,249900379603,1111
249900384087,50,22,receive,249900383415,672
249900397073,24,23,receive,249900396774,299
249900398848,98,19,receive,249900398756,92
249900400976,22,21,receive,249900400902,74
249900402812,96,22,receive,249900402741,71
249900406392,86,22,receive,249900406269,123
249900431436,56,21,receive,249900430341,1095
249900436521,34,25,receive,249900435826,695
249900437096,26,22,receive,249900436968,128
249900444529,82,16,receive,249900444340,189
249900472885,92,22,receive,249900471830,1055
249900487251,66,19,receive,249900487079,172
249900515397,80,23,receive,249900513804,1593
249900542875,64,20,receive,249900542594,281
249900566813,54,22,receive,249900566666,147
249900571259,38,22,receive,249900570531,728
249900578062,92,23,receive,249900577945,117
249900597083,44,22,receive,249900596910,173
249900602595,42,22,receive,249900602342,253
249900616568,60,24,receive,249900616322,246
249900647938,86,23,receive,249900647718,220
249900661533,12,22,receive,249900661332,201
249900677073,26,23,receive,249900675015,2058
249900719931,28,20,receive,249900719279,652
249900727104,42,23,receive,249900726881,223
249900738070,74,23,receive,249900737837,233
249900754251,96,23,receive,249900752986,1265
249900794743,62,23,receive,249900794542,201
249900829259,30,20,receive,249900828555,704
249900842311,60,25,receive,249900841609,702
249900848676,52,24,receive,249900847601,1075
249900875775,12,23,receive,249900873926,1849
249900877472,98,20,receive,249900876824,648
249900880325,22,22,receive,249900879302,1023
249900894626,56,22,receive,249900894490,136
249900914321,76,22,receive,249900914115,206
249900928765,82,17,receive,249900928624,141
249900969823,6,20,receive,249900969013,810
249900982963,54,23,receive,249900982791,172
249900987776,84,22,receive,249900987652,124
249901030120,74,24,receive,249901029080,1040
249901048634,42,24,receive,249901048010,624
249901087451,96,24,receive,249901087279,172
249901101151,34,26,receive,249901099972,1179
249901153344,66,20,receive,249901153187,157
249901160699,62,24,receive,249901160557,142
249901165729,12,24,receive,249901165615,114
249901181866,58,26,receive,249901181685,181
249901226925,54,24,receive,249901219789,7136
249901227727,30,21,receive,249901223012,4715
249901259509,52,25,receive,249901257774,1735
249901270527,26,24,receive,249901269392,1135
249901272974,100,19,receive,249901271868,1106
249901315933,24,24,receive,249901314994,939
249901379094,50,23,receive,249901377753,1341
249901404035,86,24,receive,249901398637,5398
249901415416,64,21,receive,249901414017,1399
249901417942,44,23,receive,249901415696,2246
249901431331,80,24,receive,249901431189,142
249901469929,38,23,receive,249901469782,147
249901482177,62,25,receive,249901482012,165
249901505282,92,24,receive,249901505114,168
249901534542,6,21,receive,249901534368,174
249901558351,86,25,receive,249901558163,188
249901564920,30,22,receive,249901564759,161
249901593365,66,21,receive,249901592014,1351
249901607107,98,21,receive,249901606924,183
249901649834,28,21,receive,249901649638,196
249901665079,56,23,receive,249901664854,225
249901674081,50,24,receive,249901673956,125
249901695534,42,25,receive,249901695375,159
249901701851,22,23,receive,249901701758,93
249901718198,92,25,receive,249901718012,186
249901724643,84,23,receive,249901723951,692
249901725472,100,20,receive,249901724660,812
249901746829,12,25,receive,249901746228,601
249901749854,26,25,receive,249901749763,91
249901756847,74,25,receive,249901756616,231
249901769150,86,26,receive,249901768996,154
249901820062,82,18,receive,249901817015,3047
249901821792,28,22,receive,249901821545,247
249901849729,62,26,receive,249901849493,236
249901864692,54,25,receive,249901863101,1591
249901876266,76,23,receive,249901876066,200
249901891532,50,25,receive,249901891388,144
249901938504,30,23,receive,249901937648,856
249901944862,80,25,receive,249901944340,522
249901965792,6,22,receive,249901965633,159
249902006111,44,24,receive,249902005862,249
249902041449,58,27,receive,249902041240,209
249902044269,22,24,receive,249902044156,113
249902053316,26,26,receive,249902052031,1285
249902056342,24,25,receive,249902056214,128
249902093013,34,27,receive,249902092833,180
249902098795,12,26,receive,249902098702,93
249902101252,80,26,receive,249902101170,82
249902149305,28,23,receive,249902149106,199
249902190667,92,26,receive,249902190454,213
249902194490,56,24,receive,249902194313,177
249902206591,82,19,receive,249902206412,179
249902229510,52,26,receive,249902229330,180
249902237065,6,23,receive,249902236936,129
249902253498,84,24,receive,249902252744,754
249902311670,30,24,receive,249902311512,158
249902322265,54,26,receive,249902321267,998
249902380172,24,26,receive,249902380010,162
249902401310,92,27,receive,249902401153,157
249902406670,64,22,receive,249902406383,287
249902410086,12,27,receive,249902409948,138
249902425488,86,27,receive,249902425301,187
249902432804,38,24,receive,249902432150,654
249902462508,6,24,receive,249902462313,195
249902473555,66,22,receive,249902473393,162
249902493259,30,25,receive,249902492268,991
249902521103,82,20,receive,249902520902,201
249902544907,52,27,receive,249902544689,218
249902589874,28,24,receive,249902589756,118
249902597837,58,28,receive,249902597673,164
249902611528,76,24,receive,249902611397,131
249902631046,74,26,receive,249902630864,182
249902650121,26,27,receive,249902649887,234
249902678702,84,25,receive,249902678541,161
249902699193,100,21,receive,249902698481,712
249902702307,80,27,receive,249902702250,57
249902754416,50,26,receive,249902754241,175
249902767314,44,25,receive,249902767159,155
249902774071,62,27,receive,249902773944,127
249902794117,84,26,receive,249902793957,160
249902861479,22,25,receive,249902861281,198
249902898635,44,26,receive,249902898009,626
249902900701,30,26,receive,249902900012,689
249902911051,58,29,receive,249902910868,183
249902934753,92,28,receive,249902934073,680
249902959083,24,27,receive,249902958886,197
249902967345,66,23,receive,249902966698,647
249902980782,50,27,receive,249902980625,157
249902984710,86,28,receive,249902984611,99
249903038277,6,25,receive,249903037656,621
249903125343,56,25,receive,249903125101,242
