receive_timestamp,source_vehicle,message_id,event_type,send_timestamp,latency_us
262803670397,278,1,receive,262794645016,9025381
262803671130,132,1,receive,262794645162,9025968
262803671816,96,1,receive,262794645700,9026116
262803672489,262,1,receive,262794646137,9026352
262803673160,82,1,receive,262794647666,9025494
262803673817,110,1,receive,262794648198,9025619
262803729829,12,1,receive,262794651507,9078322
262803730498,372,1,receive,262794651592,9078906
262803731184,156,1,receive,262794652107,9079077
262803740033,198,1,receive,262794652771,9087262
262803740674,186,1,receive,262794653417,9087257
262803798632,16,1,receive,262794654371,9144261
262803799311,376,1,receive,262794656043,9143268
262803799971,582,1,receive,262794656105,9143866
262803800653,380,1,receive,262794656620,9144033
262803801325,210,1,receive,262794657065,9144260
262803801999,580,1,receive,262794657773,9144226
262803861921,218,1,receive,262794659052,9202869
262803862581,596,1,receive,262794659861,9202720
262803863239,50,1,receive,262794660037,9203202
262803863902,76,1,receive,262794660045,9203857
262803864579,44,1,receive,262794661029,9203550
262803927017,592,1,receive,262794664405,9262612
262803927692,420,1,receive,262794665047,9262645
262803928411,588,1,receive,262794665889,9262522
262803929096,150,1,receive,262794668319,9260777
262803929781,632,1,receive,262794668908,9260873
262803977497,164,1,receive,262794669151,9308346
262803978170,384,1,receive,262794669749,9308421
262803978986,14,1,receive,262794650105,9328881
262803979665,542,1,receive,262794672968,9306697
262803980351,628,1,receive,262794676074,9304277
262804031187,52,1,receive,262794677035,9354152
262804031856,590,1,receive,262794679633,9352223
262804032502,170,1,receive,262794680405,9352097
262804033164,226,1,receive,262794680969,9352195
262804033844,364,1,receive,262794682340,9351504
262804034526,10,1,receive,262794651651,9382875
262804097470,88,1,receive,262794684352,9413118
262804098131,134,1,receive,262794684917,9413214
262804098786,358,1,receive,262794685038,9413748
262804115314,120,1,receive,262794685420,9429894
262804115993,758,1,receive,262794685979,9430014
262804147549,166,1,receive,262794688499,9459050
262804148216,208,1,receive,262794691855,9456361
262804148895,344,1,receive,262794693037,9455858
262804168261,832,1,receive,262794694048,9474213
262804172708,794,1,receive,262794695138,9477570
262804199954,442,1,receive,262794697452,9502502
262804200616,450,1,receive,262794698023,9502593
262804201285,162,1,receive,262794700773,9500512
262804201964,802,1,receive,262794702973,9498991
262804258094,812,1,receive,262794703956,9554138
262804258779,834,1,receive,262794704045,9554734
262804259455,126,1,receive,262794705053,9554402
262804260137,824,1,receive,262794709244,9550893
262804260816,818,1,receive,262794710825,9549991
262804319475,552,1,receive,262794712774,9606701
262804320184,752,1,receive,262794715035,9605149
262804320863,274,1,receive,262794718059,9602804
262804321529,830,1,receive,262794719284,9602245
262804322191,480,1,receive,262794719296,9602895
262804322842,822,1,receive,262794719860,9602982
262804382515,618,1,receive,262794721795,9660720
262804383228,520,1,receive,262794730338,9652890
262804383908,630,1,receive,262794730659,9653249
262804384595,500,1,receive,262794731099,9653496
262804385282,526,1,receive,262794732762,9652520
262804385966,348,1,receive,262794733707,9652259
262804448662,508,1,receive,262794734772,9713890
262804449337,836,1,receive,262794737218,9712119
262804449988,792,1,receive,262794738039,9711949
262804450646,762,1,receive,262794738054,9712592
262804505617,820,1,receive,262794738579,9767038
262804506285,168,1,receive,262794739068,9767217
262804506968,454,1,receive,262794739055,9767913
262804515191,354,1,receive,262794739204,9775987
262804515848,840,1,receive,262794739718,9776130
262804602251,388,1,receive,262794699467,9902784
262804602908,488,1,receive,262794741721,9861187
262804603578,92,1,receive,262794651844,9951734
262804604258,816,1,receive,262794745511,9858747
262804604938,202,1,receive,262794745539,9859399
262804642524,244,1,receive,262794745732,9896792
262804643213,212,1,receive,262794749217,9893996
262804643891,432,1,receive,262794657302,9986589
262804644566,178,1,receive,262794679202,9965364
262804645238,352,1,receive,262794747193,9898045
262804645915,610,1,receive,262794753207,9892708
262804698627,634,1,receive,262794756062,9942565
262804699284,540,1,receive,262794759061,9940223
262804699937,786,1,receive,262794759277,9940660
262804700610,494,1,receive,262794759442,9941168
262804732562,482,1,receive,262794759783,9972779
262804733220,838,1,receive,262794760973,9972247
262804733878,736,1,receive,262794761059,9972819
262804734544,712,1,receive,262794765916,9968628
262804735232,606,1,receive,262794767049,9968183
262804735915,594,1,receive,262794771037,9964878
262804783642,62,1,receive,262794771460,10012182
262804784328,236,1,receive,262794669024,10115304
262804784987,356,1,receive,262794775038,10009949
262804790290,724,1,receive,262794775084,10015206
262804790951,722,1,receive,262794775712,10015239
262804833650,788,1,receive,262794776734,10056916
262804834337,638,1,receive,262794777049,10057288
262804835028,466,1,receive,262794779063,10055965
262804839493,754,1,receive,262794779855,10059638
262804868441,744,1,receive,262794782098,10086343
262804869108,718,1,receive,262794784101,10085007
262804869793,58,1,receive,262794634580,10235213
262804870470,852,1,receive,262794785938,10084532
262804871156,842,1,receive,262794787098,10084058
262804871836,140,1,receive,262794705034,10166802
262804913521,874,1,receive,262794790712,10122809
262804914209,608,1,receive,262794791047,10123162
262804914895,740,1,receive,262794791185,10123710
262804915565,862,1,receive,262794791404,10124161
262804944819,586,1,receive,262794773034,10171785
262804945509,680,1,receive,262794800964,10144545
262804950022,556,1,receive,262794801210,10148812
262804961289,80,1,receive,262794753077,10208212
262804977419,810,1,receive,262794800687,10176732
262804978121,682,1,receive,262794803273,10174848
262804978801,848,1,receive,262794804357,10174444
262804979483,688,1,receive,262794805146,10174337
262804980165,670,1,receive,262794805425,10174740
262804980851,706,1,receive,262794805754,10175097
262805021850,532,1,receive,262794804039,10217811
262805022545,866,1,receive,262794807290,10215255
262805023223,846,1,receive,262794808433,10214790
262805023905,700,1,receive,262794808661,10215244
262805024575,666,1,receive,262794808832,10215743
262805075582,726,1,receive,262794809152,10266430
262805076248,886,1,receive,262794809654,10266594
262805076908,280,1,receive,262794804038,10272870
262805085104,534,1,receive,262794810019,10275085
262805094114,742,1,receive,262794810046,10284068
262805094774,734,1,receive,262794805975,10288799
262805123274,738,1,receive,262794804564,10318710
262805123929,578,1,receive,262794813571,10310358
262805124591,614,1,receive,262794818064,10306527
262805125248,766,1,receive,262794818592,10306656
262805125904,814,1,receive,262794819547,10306357
262805170712,760,1,receive,262794820818,10349894
262805171396,620,1,receive,262794817830,10353566
262805172054,864,1,receive,262794816273,10355781
262805176551,612,1,receive,262794824582,10351969
262805206494,768,1,receive,262794826059,10380435
262805207158,472,1,receive,262794824203,10382955
262805207845,890,1,receive,262794828041,10379804
262805208514,902,1,receive,262794828444,10380070
262805209182,878,1,receive,262794829373,10379809
262805209865,558,1,receive,262794826751,10383114
262805256783,882,1,receive,262794827769,10429014
262805257457,730,1,receive,262794831114,10426343
262805258147,780,1,receive,262794831798,10426349
262805258835,32,1,receive,262794664030,10594805
262805259529,174,1,receive,262794707028,10552501
262805303195,538,1,receive,262794831395,10471800
262805303844,774,1,receive,262794834551,10469293
262805304526,782,1,receive,262794831156,10473370
262805305196,636,1,receive,262794835757,10469439
262805305876,230,1,receive,262794836017,10469859
262805343715,568,1,receive,262794828903,10514812
262805344404,276,1,receive,262794718788,10625616
262805345134,184,1,receive,262794837518,10507616
262805345758,888,1,receive,262794838015,10507743
262805346432,708,1,receive,262794823509,10522923
262805390713,704,1,receive,262794836511,10554202
262805391405,536,1,receive,262794827439,10563966
262805392091,884,1,receive,262794818675,10573416
262805392766,880,1,receive,262794828803,10563963
262805393460,856,1,receive,262794841630,10551830
262805436668,674,1,receive,262794842731,10593937
262805437330,678,1,receive,262794849031,10588299
262805437993,868,1,receive,262794833809,10604184
262805438698,698,1,receive,262794848604,10590094
262805439389,806,1,receive,262794853081,10586308
262805481006,778,1,receive,262794855512,10625494
262805481698,720,1,receive,262794843242,10638456
262805482388,844,1,receive,262794842017,10640371
262805483079,900,1,receive,262794839300,10643779
262805483747,464,1,receive,262794827781,10655966
262805521907,804,1,receive,262794860983,10660924
262805522597,444,1,receive,262794861645,10660952
262805523277,790,1,receive,262794850137,10673140
262805523937,896,1,receive,262794858653,10665284
262805524590,870,1,receive,262794831029,10693561
262805568812,912,1,receive,262794858038,10710774
262805569467,116,1,receive,262794852130,10717337
262805570155,716,1,receive,262794853883,10716272
262805570839,876,1,receive,262794852260,10718579
262805585278,732,1,receive,262794852037,10733241
262805615824,854,1,receive,262794864460,10751364
262805616505,914,1,receive,262794874858,10741647
262805617168,828,1,receive,262794871988,10745180
262805617827,910,1,receive,262794873486,10744341
262805618461,892,1,receive,262794863422,10755039
262805656288,600,1,receive,262794874615,10781673
262805656980,924,1,receive,262794879157,10777823
262805657841,124,2,receive,262794780600,10877241
262805658529,918,1,receive,262794884191,10774338
262805659205,858,1,receive,262794875062,10784143
262805659861,628,2,receive,262794887482,10772379
262805703841,222,1,receive,262794858074,10845767
262805704510,826,1,receive,262794888886,10815624
262805705175,908,1,receive,262794887953,10817222
262805705834,916,1,receive,262794895909,10809925
262805706494,898,1,receive,262794897612,10808882
262805750278,206,1,receive,262794894084,10856194
262805750957,906,1,receive,262794896323,10854634
262805751649,176,1,receive,262794885163,10866486
262805752341,850,1,receive,262794880639,10871702
262805796747,702,1,receive,262794859037,10937710
262805797435,920,1,receive,262794906037,10891398
262805798108,904,1,receive,262794898967,10899141
262805798767,104,1,receive,262794693040,11105727
262805799432,894,1,receive,262794910035,10889397
262805844125,714,1,receive,262794869932,10974193
262805844787,432,2,receive,262794897567,10947220
262805845451,362,1,receive,262794890412,10955039
262805846120,74,2,receive,262794891949,10954171
262805846783,138,1,receive,262794906230,10940553
262805893456,872,1,receive,262794868647,11024809
262805894139,926,1,receive,262794922243,10971896
262805894828,860,1,receive,262794864783,11030045
262805895522,928,1,receive,262794926348,10969174
262805896201,922,1,receive,262794927383,10968818
262805896847,442,2,receive,262794921009,10975838
262805945045,172,1,receive,262794871811,11073234
262805945910,152,1,receive,262794921274,11024636
262805946591,820,2,receive,262794926445,11020146
262805947280,562,1,receive,262794948009,10999271
262805947961,378,1,receive,262794945663,11002298
262805991665,114,1,receive,262794899455,11092210
262805992354,758,2,receive,262794953280,11039074
262805993049,110,2,receive,262794921860,11071189
262805993715,148,1,receive,262794843310,11150405
262806035009,772,1,receive,262794960625,11074384
262806035703,212,2,receive,262794923249,11112454
262806036390,354,2,receive,262794884812,11151578
262806037078,938,1,receive,262794965518,11071560
262806037762,736,2,receive,262794901012,11136750
262806079248,934,1,receive,262794966837,11112411
262806079892,580,2,receive,262794955918,11123974
262806088181,888,2,receive,262794981489,11106692
262806098997,956,1,receive,262794984049,11114948
262806128622,508,2,receive,262794961472,11167150
262806129321,262,2,receive,262794986507,11142814
262806130005,962,1,receive,262794987230,11142775
262806130671,220,1,receive,262794979264,11151407
262806131333,838,2,receive,262794990251,11141082
262806131993,930,1,receive,262794990426,11141567
262806178670,700,2,receive,262794990760,11187910
262806179362,418,1,receive,262794895366,11283996
262806180014,12,2,receive,262794920545,11259469
262806180672,958,1,receive,262794999239,11181433
262806181337,964,1,receive,262795001085,11180252
262806216046,954,1,receive,262795002131,11213915
262806216704,948,1,receive,262795005276,11211428
262806217347,950,1,receive,262795006730,11210617
262806217984,944,1,receive,262795008940,11209044
262806218634,952,1,receive,262795010977,11207657
262806219230,358,2,receive,262795011078,11208152
262806219879,942,1,receive,262795012579,11207300
262806303105,20,2,receive,262794917166,11385939
262806303778,946,1,receive,262795013041,11290737
262806304475,404,1,receive,262795004819,11299656
262806305175,960,1,receive,262795017037,11288138
262806305838,162,2,receive,262795004120,11301718
262806361213,694,5,receive,262803647003,2714210
262806361873,244,17,receive,262803661877,2699996
262806362515,238,5,receive,262803643353,2719162
262806363180,10,15,receive,262803697600,2665580
262806363840,268,6,receive,262803672942,2690898
262806422725,484,1,receive,262803694122,2728603
262806423374,310,2,receive,262803694545,2728829
262806424027,338,3,receive,262803736658,2687369
262806432954,246,4,receive,262803728262,2704692
262806433608,444,16,receive,262803703010,2730598
262806468656,916,14,receive,262803735847,2732809
262806470205,192,4,receive,262803769735,2700470
262806483023,284,3,receive,262803766504,2716519
262806495282,332,5,receive,262803819643,2675639
262806495969,408,1,receive,262803825323,2670646
262806523091,58,17,receive,262803809957,2713134
262806523773,980,18,receive,262803834131,2689642
262806524457,308,7,receive,262803868473,2655984
262806525147,430,3,receive,262803821073,2704074
262806579282,20,17,receive,262803885063,2694219
262806579978,412,1,receive,262803872185,2707793
262806586693,312,6,receive,262803896007,2690686
262806598756,66,14,receive,262803881621,2717135
262806640032,360,3,receive,262803887666,2752366
262806640702,668,9,receive,262803904396,2736306
262806641402,314,2,receive,262803860264,2781138
262806642090,302,4,receive,262803903131,2738959
262806642769,210,15,receive,262803972211,2670558
262806643456,524,1,receive,262803972335,2671121
262806697088,554,7,receive,262803974402,2722686
262806697742,708,18,receive,262803897311,2800431
262806698405,652,10,receive,262803985346,2713059
262806708494,836,14,receive,262804038744,2669750
262806719405,4,2,receive,262804008077,2711328
262806754032,294,3,receive,262804015092,2738940
262806754695,998,14,receive,262804050423,2704272
262806755351,270,4,receive,262804058860,2696491
262806770123,920,14,receive,262804035782,2734341
262806780170,646,13,receive,262804093509,2686661
262806810465,180,8,receive,262804084007,2726458
262806811159,980,19,receive,262804091042,2720117
262806811838,86,16,receive,262804036620,2775218
262806812457,710,1,receive,262804121788,2690669
262806813056,336,5,receive,262804117194,2695862
262806813714,328,8,receive,262804139364,2674350
262806861124,510,1,receive,262804149614,2711510
262806861780,252,11,receive,262804163007,2698773
262806862431,306,3,receive,262804168501,2693930
262806863148,332,6,receive,262804172078,2691070
262806863735,214,7,receive,262804189911,2673824
262806889515,806,14,receive,262804216802,2672713
262806904623,690,1,receive,262804217203,2687420
262806905280,20,18,receive,262804228771,2676509
262806905917,520,16,receive,262804242208,2663709
262806906560,390,15,receive,262804238080,2668480
262806942315,10,16,receive,262804260765,2681550
262806943335,58,19,receive,262804268078,2675257
262806943993,658,14,receive,262804288498,2655495
262806944657,372,19,receive,262804297138,2647519
262806945324,2,16,receive,262804282480,2662844
262806999981,178,13,receive,262804331792,2668189
262807000663,338,5,receive,262804338863,2661800
262807001295,304,5,receive,262804322890,2678405
262807001950,934,19,receive,262804381960,2619990
262807002629,862,16,receive,262804387321,2615308
262807031539,244,19,receive,262804367538,2664001
262807032192,188,7,receive,262804399297,2632895
262807032880,864,16,receive,262804390014,2642866
262807033567,522,1,receive,262804405369,2628198
262807034238,608,15,receive,262804452583,2581655
262807034925,460,1,receive,262804461312,2573613
262807073382,320,11,receive,262804428137,2645245
262807074151,238,6,receive,262804441931,2632220
262807074814,916,16,receive,262804440404,2634410
262807120295,594,18,receive,262804512456,2607839
262807120978,462,1,receive,262804496860,2624118
262807121635,444,17,receive,262804512010,2609625
262807122284,130,1,receive,262804516651,2605633
262807122868,336,6,receive,262804595287,2527581
262807123521,256,5,receive,262804578062,2545459
262807156462,88,19,receive,262804539007,2617455
262807157129,490,14,receive,262804620636,2536493
262807157812,368,3,receive,262804608565,2549247
262807158503,578,17,receive,262804629316,2529187
262807159190,510,2,receive,262804654389,2504801
262807159830,242,8,receive,262804653823,2506007
262807195758,272,9,receive,262804612135,2583623
262807196415,340,2,receive,262804659400,2537015
262807201837,246,5,receive,262804669063,2532774
262807210025,654,15,receive,262804683736,2526289
262807237156,196,1,receive,262804708328,2528828
262807237825,548,1,receive,262804715067,2522758
262807238482,190,8,receive,262804684513,2553969
262807239143,550,1,receive,262804710554,2528589
262807239730,514,2,receive,262804709550,2530180
262807240393,436,10,receive,262804742282,2498111
262807274078,484,2,receive,262804739880,2534198
262807274739,662,11,receive,262804746982,2527757
262807275403,862,17,receive,262804732727,2542676
262807276063,426,2,receive,262804774323,2501740
262807276715,4,3,receive,262804784270,2492445
262807319283,182,9,receive,262804781009,2538274
262807319943,332,9,receive,262804787948,2531995
262807320587,410,6,receive,262804785006,2535581
262807329294,308,8,receive,262804839012,2490282
262807334371,970,13,receive,262804815658,2518713
262807361317,338,6,receive,262804840550,2520767
262807361981,546,2,receive,262804823127,2538854
262807362643,652,11,receive,262804839070,2523573
262807363292,214,8,receive,262804861005,2502287
262807363939,642,1,receive,262804880378,2483561
262807364598,514,3,receive,262804873175,2491423
262807406549,284,5,receive,262804879504,2527045
262807407211,544,2,receive,262804885682,2521529
262807407867,192,6,receive,262804898386,2509481
262807415583,314,3,receive,262804905006,2510577
262807422713,180,9,receive,262804884631,2538082
262807446644,414,12,receive,262804909944,2536700
262807447307,246,6,receive,262804950347,2496960
262807447943,302,7,receive,262804937007,2510936
262807448595,940,17,receive,262804929515,2519080
262807476031,404,16,receive,262804955802,2520229
262807476688,318,3,receive,262804956147,2520541
262807477352,336,7,receive,262804971009,2506343
262807477999,238,7,receive,262804968728,2509271
262807478642,258,13,receive,262804986006,2492636
262807518127,692,3,receive,262804967657,2550470
262807518788,272,10,receive,262805002062,2516726
262807519403,414,13,receive,262805040696,2478707
262807519847,424,5,receive,262805024207,2495640
262807520294,710,3,receive,262805040121,2480173
262807520728,980,21,receive,262805030772,2489956
262807521168,616,2,receive,262805040162,2481006
262807521602,254,1,receive,262805070223,2451379
262807559497,330,3,receive,262805069606,2489891
262807560165,260,1,receive,262805099706,2460459
262807560818,518,2,receive,262805092006,2468812
262807561469,604,14,receive,262805107182,2454287
262807562129,188,9,receive,262805087004,2475125
262807601137,764,1,receive,262805141798,2459339
262807601794,326,3,receive,262805135697,2466097
262807602453,196,2,receive,262805124693,2477760
262807609940,690,2,receive,262805081914,2528026
262807610599,316,9,receive,262805145489,2465110
262807640809,602,1,receive,262805158467,2482342
262807641474,510,4,receive,262805180850,2460624
262807642133,546,3,receive,262805158253,2483880
262807642791,252,12,receive,262805181884,2460907
262807660421,548,2,receive,262805204629,2455792
262807677685,574,1,receive,262805221469,2456216
262807678350,272,11,receive,262805214361,2463989
262807679011,400,3,receive,262805233010,2446001
262807679655,282,1,receive,262805234803,2444852
262807680292,340,3,receive,262805237930,2442362
262807718077,270,6,receive,262805239912,2478165
262807718737,286,1,receive,262805262144,2456593
262807719397,254,2,receive,262805260976,2458421
262807719860,672,3,receive,262805271582,2448278
262807720298,470,14,receive,262805249361,2470937
262807740883,504,4,receive,262805300296,2440587
262807756351,332,10,receive,262805282670,2473681
262807756966,550,2,receive,262805315453,2441513
262807757626,292,1,receive,262805307930,2449696
262807768997,304,7,receive,262805307394,2461603
262807795327,360,7,receive,262805355011,2440316
262807795774,322,4,receive,262805344801,2450973
262807796221,416,3,receive,262805350613,2445608
262807796655,644,1,receive,262805371488,2425167
262807797094,270,7,receive,262805384819,2412275
262807797528,346,1,receive,262805416711,2380817
262807797962,386,9,receive,262805398863,2399099
262807837021,518,4,receive,262805438335,2398686
262807837690,516,1,receive,262805438809,2398881
262807838416,250,2,receive,262805450472,2387944
262807839087,410,7,receive,262805487390,2351697
262807839689,266,6,receive,262805488127,2351562
262807876660,370,5,receive,262805466631,2410029
262807877318,486,2,receive,262805510844,2366474
262807878876,390,18,receive,262805497928,2380948
262807879541,306,6,receive,262805502007,2377534
262807880207,130,3,receive,262805520501,2359706
262807880880,460,4,receive,262805458140,2422740
262807922480,498,5,receive,262805493182,2429298
262807923075,462,2,receive,262805487011,2436064
262807923733,510,5,receive,262805512126,2411607
262807924367,756,1,receive,262805530587,2393780
262807924971,284,6,receive,262805520061,2404910
262807970008,214,9,receive,262805441671,2528337
262807970508,550,3,receive,262805548354,2422154
262807971167,312,8,receive,262805571334,2399833
262807971817,406,14,receive,262805556218,2415599
262807972464,296,10,receive,262805553935,2418529
262808004193,368,4,receive,262805552363,2451830
262808004767,490,15,receive,262805554147,2450620
262808005288,192,7,receive,262805559144,2446144
262808005789,370,6,receive,262805627983,2377806
262808006455,506,2,receive,262805592712,2413743
262808048558,504,5,receive,262805589006,2459552
262808049253,264,2,receive,262805617951,2431302
262808049939,456,2,receive,262805618226,2431713
262808060053,412,5,receive,262805654532,2405521
262808067024,484,3,receive,262805610010,2457014
262808093356,692,4,receive,262805654779,2438577
262808094026,478,6,receive,262805653538,2440488
262808094678,784,1,receive,262805674500,2420178
262808095331,672,4,receive,262805692152,2403179
262808095975,190,9,receive,262805669727,2426248
262808096538,796,1,receive,262805713042,2383496
262808135195,408,3,receive,262805669221,2465974
262808135855,294,5,receive,262805710714,2425141
262808136520,284,7,receive,262805746366,2390154
262808137236,302,8,receive,262805739859,2397377
262808151704,686,11,receive,262805730390,2421314
262808168035,798,1,receive,262805764047,2403988
262808168693,446,3,receive,262805780509,2388184
262808169366,296,11,receive,262805782010,2387356
262808170046,498,6,receive,262805813633,2356413
262808170726,272,12,receive,262805826186,2344540
262808203319,250,3,receive,262805827783,2375536
262808204007,572,2,receive,262805850008,2353999
262808204690,200,4,receive,262805850047,2354643
262808205380,530,2,receive,262805749324,2456056
262808236175,400,4,receive,262805848138,2388037
262808236943,748,1,receive,262805863930,2373013
262808237631,408,4,receive,262805863620,2374011
262808238322,800,1,receive,262805897540,2340782
262808251143,310,6,receive,262805829850,2421293
262808269463,672,5,receive,262805877126,2392337
262808270168,374,7,receive,262805823070,2447098
262808270867,566,1,receive,262805908526,2362341
262808278883,490,16,receive,262805935506,2343377
262808288869,750,1,receive,262805955878,2332991
262808301359,326,4,receive,262805960006,2341353
262808303246,130,4,receive,262805956306,2346940
262808303936,246,7,receive,262805928181,2375755
262808304607,268,9,receive,262805984007,2320600
262808346614,504,6,receive,262805997618,2348996
262808347301,332,11,receive,262805991648,2355653
262808347982,296,12,receive,262805964189,2383793
262808348665,598,2,receive,262806014012,2334653
262808378821,264,3,receive,262806000906,2377915
262808379599,192,8,receive,262805996500,2383099
262808380329,564,2,receive,262806051516,2328813
262808381011,190,10,receive,262806041627,2339384
262808381733,254,4,receive,262806063858,2317875
262808422959,672,6,receive,262806074591,2348368
262808423628,272,13,receive,262806074007,2349621
262808424367,796,2,receive,262806080606,2343761
262808425111,544,4,receive,262806089006,2336105
262808425861,216,3,receive,262806137007,2288854
262808469195,282,2,receive,262806127188,2342007
262808469905,242,12,receive,262806140075,2329830
262808470593,524,4,receive,262806163855,2306738
262808471198,642,3,receive,262806168315,2302883
262808471880,270,10,receive,262806141557,2330323
262808526587,4,5,receive,262806188767,2337820
262808527274,662,14,receive,262806187545,2339729
262808527916,468,6,receive,262806164982,2362934
262808528524,214,10,receive,262806191725,2336799
262808529139,676,5,receive,262806186009,2343130
262808529746,258,15,receive,262806225995,2303751
262808580795,518,6,receive,262806178314,2402481
262808581460,340,4,receive,262806208006,2373454
262808582054,644,2,receive,262806155285,2426769
262808582628,448,10,receive,262806214895,2367733
262808602850,370,7,receive,262806203680,2399170
262808630279,396,3,receive,262806290678,2339601
262808630961,180,11,receive,262806289205,2341756
262808631640,426,5,receive,262806235070,2396570
262808632319,242,13,receive,262806285009,2347310
262808679631,576,2,receive,262806281934,2397697
262808680323,292,3,receive,262806325009,2355314
262808681008,452,7,receive,262806309225,2371783
262808681690,484,4,receive,262806341958,2339732
262808682354,692,5,receive,262806370087,2312267
262808732193,424,7,receive,262806358671,2373522
262808732848,504,7,receive,262806340091,2392757
262808733534,310,7,receive,262806393148,2340386
262808734219,456,3,receive,262806338248,2395971
262808734905,696,10,receive,262806446326,2288579
262808735589,530,3,receive,262806469609,2265980
262808764515,368,6,receive,262806476306,2288209
262808764958,272,14,receive,262806478468,2286490
262808765412,338,8,receive,262806463014,2302398
262808765844,412,6,receive,262806486135,2279709
262808766295,240,3,receive,262806498374,2267921
262808805061,318,5,receive,262806522382,2282679
262808805524,498,7,receive,262806495247,2310277
262808805957,268,10,receive,262806510301,2295656
262808806416,478,8,receive,262806488960,2317456
262808806868,598,3,receive,262806557209,2249659
262808807325,300,9,receive,262806581089,2226236
262808807774,430,7,receive,262806556010,2251764
262808808240,710,5,receive,262806562680,2245560
262808808690,602,3,receive,262806607366,2201324
262808839270,386,11,receive,262806618012,2221258
262808839713,194,14,receive,262806634311,2205402
262808840161,530,4,receive,262806648892,2191269
262808840594,750,2,receive,262806638196,2202398
262808871810,336,9,receive,262806658311,2213499
262808872484,474,3,receive,262806646886,2225598
262808873164,694,10,receive,262806723927,2149237
262808873836,300,10,receive,262806692986,2180850
262808874515,360,9,receive,262806737009,2137506
262808918200,522,5,receive,262806756567,2161633
262808918850,514,6,receive,262806729422,2189428
262808919513,616,5,receive,262806750067,2169446
262808920193,462,4,receive,262806708648,2211545
262808920871,440,3,receive,262806721004,2199867
262808967376,302,11,receive,262806744552,2222824
262808968066,642,4,receive,262806786006,2182060
262808968737,728,5,receive,262806777070,2191667
262808969399,194,15,receive,262806766059,2203340
262808970066,468,7,receive,262806797010,2173056
262809016550,264,5,receive,262806802942,2213608
262809017230,528,3,receive,262806808803,2208427
262809017893,360,10,receive,262806864716,2153177
262809018592,644,3,receive,262806840850,2177742
262809019273,296,15,receive,262806870022,2149251
262809019949,694,11,receive,262806868060,2151889
262809072954,770,3,receive,262806874964,2197990
262809073748,260,3,receive,262806885059,2188689
262809078402,486,4,receive,262806875282,2203120
262809079074,310,8,receive,262806911325,2167749
262809079741,544,5,receive,262806905485,2174256
262809128702,350,5,receive,262806881393,2247309
262809129387,570,3,receive,262806933397,2195990
262809130079,346,4,receive,262807003444,2126635
262809130764,338,9,receive,262807005131,2125633
262809131458,616,6,receive,262807003352,2128106
262809177130,254,5,receive,262807003808,2173322
262809177822,410,9,receive,262806979608,2198214
262809178521,602,4,receive,262807041076,2137445
262809179221,656,13,receive,262807050842,2128379
262809179918,300,12,receive,262807087482,2092436
262809215631,530,5,receive,262807082921,2132710
262809217222,266,9,receive,262807101238,2115984
262809226024,672,7,receive,262807066689,2159335
262809230358,548,4,receive,262807101070,2129288
262809247655,214,11,receive,262807092627,2155028
262809248333,328,12,receive,262807077914,2170419
262809249021,270,11,receive,262807078563,2170458
262809249711,808,3,receive,262807104021,2145690
262809250391,242,14,receive,262807085544,2164847
262809276793,498,8,receive,262807107277,2169516
262809277450,456,4,receive,262807044538,2232912
262809278115,650,3,receive,262807110943,2167172
262809278770,470,17,receive,262807124349,2154421
262809279442,4,6,receive,262807138017,2141425
262809317754,194,16,receive,262807126843,2190911
262809318436,408,7,receive,262807094804,2223632
262809319130,322,6,receive,262807124006,2195124
262809319818,204,4,receive,262807163006,2156812
262809320491,492,8,receive,262807137835,2182656
262809354622,416,5,receive,262807105010,2249612
262809357331,798,3,receive,262807165843,2191488
262809365320,458,7,receive,262807184976,2180344
262809371026,284,10,receive,262807200071,2170955
262809390321,304,10,receive,262807194247,2196074
262809390989,524,6,receive,262807192883,2198106
262809392752,452,8,receive,262807194187,2198565
262809401249,192,10,receive,262807225011,2176238
262809408198,514,7,receive,262807191614,2216584
262809428002,576,3,receive,262807212076,2215926
262809428681,796,4,receive,262807233079,2195602
262809429347,692,6,receive,262807219414,2209933
262809429999,672,8,receive,262807245016,2184983
262809430667,696,11,receive,262807283413,2147254
262809463348,486,5,receive,262807281919,2181429
262809464013,250,5,receive,262807265265,2198748
262809464674,294,7,receive,262807269680,2194994
262809465315,322,7,receive,262807271670,2193645
262809481933,396,4,receive,262807310945,2170988
262809500965,572,4,receive,262807295006,2205959
262809501703,264,6,receive,262807285776,2215927
262809506285,512,5,receive,262807324262,2182023
262809511456,800,3,receive,262807333006,2178450
262809532528,204,5,receive,262807365240,2167288
262809533194,328,13,receive,262807357399,2175795
262809533866,190,13,receive,262807364503,2169363
262809534556,180,12,receive,262807346547,2188009
262809535251,550,6,receive,262807351005,2184246
262809535928,784,3,receive,262807341739,2194189
262809571569,350,6,receive,262807398253,2173316
262809572256,598,5,receive,262807371964,2200292
262809572936,650,4,receive,262807406115,2166821
262809573621,616,7,receive,262807394006,2179615
262809605534,242,15,receive,262807414006,2191528
262809606209,510,8,receive,262807452186,2154023
262809606868,424,9,receive,262807428417,2178451
262809607533,446,5,receive,262807455318,2152215
262809608191,306,8,receive,262807435846,2172345
262809608845,728,6,receive,262807442398,2166447
262809644166,478,9,receive,262807440329,2203837
262809644828,528,4,receive,262807475118,2169710
262809653511,266,10,receive,262807470364,2183147
262809658978,530,6,receive,262807472317,2186661
262809675038,272,17,receive,262807524472,2150566
262809675728,770,4,receive,262807532370,2143358
262809676396,440,4,receive,262807526734,2149662
262809677052,308,13,receive,262807531879,2145173
262809677724,710,6,receive,262807539594,2138130
262809678413,260,4,receive,262807545253,2133160
262809722214,346,5,receive,262807548071,2174143
262809722873,460,7,receive,262807547635,2175238
262809723658,546,6,receive,262807536298,2187360
262809724324,648,4,receive,262807538850,2185474
262809736257,486,6,receive,262807585446,2150811
262809760259,4,8,receive,262807593576,2166683
262809760944,800,4,receive,262807576254,2184690
262809761602,330,9,receive,262807616599,2145003
262809762278,462,6,receive,262807596507,2165771
262809762935,412,9,receive,262807621886,2141049
262809763601,204,6,receive,262807604352,2159249
262809795351,602,5,receive,262807612530,2182821
262809796016,570,4,receive,262807634853,2161163
262809796606,426,7,receive,262807630655,2165951
262809809661,468,8,receive,262807634513,2175148
262809824994,342,13,receive,262807633179,2191815
262809825668,516,5,receive,262807660673,2164995
262809826330,368,8,receive,262807680974,2145356
262809826990,350,7,receive,262807640575,2186415
262809827671,374,9,receive,262807674117,2153554
262809862634,268,12,receive,262807669911,2192723
262809863308,322,9,receive,262807676019,2187289
262809863964,302,12,receive,262807693525,2170439
262809864625,292,5,receive,262807730139,2134486
262809865293,644,4,receive,262807746400,2118893
262809865896,522,6,receive,262807721128,2144768
262809899848,412,10,receive,262807760515,2139333
262809900523,694,12,receive,262807755006,2145517
262809901183,416,6,receive,262807751478,2149705
262809901830,584,4,receive,262807764004,2137826
262809902487,304,11,receive,262807766073,2136414
262809938444,430,9,receive,262807742578,2195866
262809939183,564,4,receive,262807732370,2206813
262809939845,190,14,receive,262807798679,2141166
262809940522,282,4,receive,262807802421,2138101
262809941204,298,10,receive,262807807621,2133583
262809941884,308,14,receive,262807822115,2119769
262809977283,510,9,receive,262807813483,2163800
262809977939,284,11,receive,262807816822,2161117
262809978612,498,9,receive,262807783344,2195268
262809979280,642,6,receive,262807833868,2145412
262809979940,294,8,receive,262807844239,2135701
262810003567,326,7,receive,262807829873,2173694
262810004226,448,13,receive,262807856061,2148165
262810004885,546,7,receive,262807850729,2154156
262810005549,300,13,receive,262807861752,2143797
262810033044,296,17,receive,262807859134,2173910
262810033695,512,7,receive,262807877769,2155926
262810034355,506,5,receive,262807868599,2165756
262810035020,690,6,receive,262807873851,2161169
262810035673,676,9,receive,262807914305,2121368
262810063778,650,5,receive,262807935264,2128514
262810064451,458,8,receive,262807938325,2126126
262810065113,338,10,receive,262807931713,2133400
262810065767,528,6,receive,262807936492,2129275
262810066435,504,11,receive,262807929515,2136920
262810102489,524,7,receive,262807959761,2142728
262810103150,474,5,receive,262807978563,2124587
262810103814,750,6,receive,262807966818,2136996
262810104496,240,5,receive,262807990693,2113803
262810105184,370,10,receive,262808039788,2065396
262810105870,518,10,receive,262808030126,2075744
262810134153,306,9,receive,262808054387,2079766
262810134817,644,5,receive,262808044070,2090747
262810135485,270,13,receive,262808034005,2101480
262810136142,196,7,receive,262808053007,2083135
262810170327,456,5,receive,262808060588,2109739
262810170989,570,5,receive,262808050007,2120982
262810171664,302,13,receive,262808018319,2153345
262810172320,784,5,receive,262808061004,2111316
262810172980,624,4,receive,262808050519,2122461
262810173642,414,17,receive,262808106759,2066883
262810206331,692,7,receive,262808120440,2085891
262810207020,800,5,receive,262808127759,2079261
262810207676,664,8,receive,262808124746,2082930
262810208323,796,5,receive,262808121454,2086869
262810208982,506,6,receive,262808103006,2105976
262810209637,572,5,receive,262808121798,2087839
262810241611,214,13,receive,262808134095,2107516
262810242272,334,8,receive,262808125069,2117203
262810242922,550,7,receive,262808122514,2120408
262810243601,408,8,receive,262808142069,2101532
262810244293,746,4,receive,262808184339,2059954
262810244981,576,4,receive,262808146798,2098183
262810282675,504,12,receive,262808185820,2096855
262810283362,284,12,receive,262808157836,2125526
262810284119,250,6,receive,262808211008,2073111
262810284820,770,5,receive,262808218004,2066816
262810298282,294,9,receive,262808202847,2095435
262810302059,336,11,receive,262808223132,2078927
262810305468,400,9,receive,262808231306,2074162
262810310145,292,6,receive,262808198012,2112133
262810317537,512,8,receive,262808240710,2076827
262810319685,286,7,receive,262808243482,2076203
262810324827,264,8,receive,262808234119,2090708
262810328049,268,14,receive,262808253006,2075043
262810332280,370,11,receive,262808274010,2058270
262810332974,694,13,receive,262808288009,2044965
262810342773,430,10,receive,262808289507,2053266
262810349851,196,8,receive,262808296614,2053237
262810355213,728,7,receive,262808276185,2079028
262810360577,322,10,receive,262808309125,2051452
262810371218,304,12,receive,262808316139,2055079
262810371879,308,15,receive,262808292463,2079416
262810380746,350,8,receive,262808214011,2166735
262810387067,254,7,receive,262808354334,2032733
262810387731,416,7,receive,262808345832,2041899
262810406465,424,10,receive,262808307073,2099392
262810407846,574,7,receive,262808353640,2054206
262810408519,506,7,receive,262808381082,2027437
262810409190,462,7,receive,262808384235,2024955
262810409853,368,9,receive,262808376206,2033647
262810438062,282,5,receive,262808400008,2038054
262810438721,190,15,receive,262808426476,2012245
262810439386,4,9,receive,262808394510,2044876
262810440047,318,8,receive,262808406007,2034040
262810440704,340,8,receive,262808434493,2006211
262810465081,616,8,receive,262808454190,2010891
262810465753,408,9,receive,262808472405,1993348
262810466428,544,7,receive,262808489885,1976543
262810476925,314,8,receive,262808482241,1994684
262810481323,696,13,receive,262808499006,1982317
262810481759,498,10,receive,262808502607,1979152
262810500470,504,13,receive,262808503010,1997460
262810500906,522,8,receive,262808507483,1993423
262810501357,346,6,receive,262808517006,1984351
262810501793,486,7,receive,262808484378,2017415
262810502234,200,9,receive,262808565005,1937229
262810502686,338,11,receive,262808554009,1948677
262810503171,330,10,receive,262808588353,1914818
262810503831,440,6,receive,262808575158,1928673
262810530356,268,15,receive,262808564766,1965590
262810530793,624,5,receive,262808582133,1948660
262810531239,468,10,receive,262808557972,1973267
262810531682,370,12,receive,262808602205,1929477
262810532161,448,14,receive,262808625410,1906751
262810532820,368,10,receive,262808644617,1888203
262810560499,478,11,receive,262808655430,1905069
262810561163,510,10,receive,262808738666,1822497
262810561829,564,5,receive,262808743837,1817992
262810562483,410,13,receive,262808730118,1832365
262810580891,728,8,receive,262808741722,1839169
262810581465,296,18,receive,262808697195,1884270
262810581907,326,8,receive,262808738847,1843060
262810582352,484,8,receive,262808742080,1840272
262810582788,456,6,receive,262808766183,1816605
262810583229,800,6,receive,262808702410,1880819
262810583665,746,5,receive,262808739501,1844164
262810608145,294,10,receive,262808764785,1843360
262810608807,584,5,receive,262808773868,1834939
262810609430,548,6,receive,262808759141,1850289
262810609872,338,12,receive,262808763855,1846017
262810610318,676,10,receive,262808745507,1864811
262810610759,386,16,receive,262808798790,1811969
262810611202,216,6,receive,262808797705,1813497
262810611636,576,5,receive,262808803858,1807778
262810638426,446,8,receive,262808795384,1843042
262810638863,240,7,receive,262808826005,1812858
262810639312,644,7,receive,262808827419,1811893
262810639750,574,8,receive,262808859010,1780740
262810640192,650,7,receive,262808824619,1815573
262810640835,474,7,receive,262808789355,1851480
262810641499,642,8,receive,262808867535,1773964
262810668062,748,5,receive,262808881008,1787054
262810668824,548,7,receive,262808888918,1779906
262810669476,648,6,receive,262808894118,1775358
262810670147,514,9,receive,262808878654,1791493
262810670800,672,10,receive,262808874395,1796405
262810686588,310,11,receive,262808879583,1807005
262810692365,598,7,receive,262808908076,1784289
262810697023,770,6,receive,262808887904,1809119
262810702337,270,14,receive,262808902481,1799856
262810713655,692,8,receive,262808891012,1822643
262810714364,448,15,receive,262808921873,1792491
262810718006,200,10,receive,262808927129,1790877
262810722560,308,16,receive,262808913203,1809357
262810728396,524,8,receive,262808936742,1791654
262810742132,264,9,receive,262808968647,1773485
262810742797,304,13,receive,262808973639,1769158
262810743463,574,9,receive,262808984658,1758805
262810744130,330,11,receive,262808917383,1826747
262810744790,798,6,receive,262808998087,1746703
262810745418,570,7,receive,262809006007,1739411
262810745852,690,8,receive,262809000247,1745605
262810771513,696,14,receive,262809001095,1770418
262810771950,750,7,receive,262809006137,1765813
262810772390,314,9,receive,262809005872,1766518
262810772825,468,11,receive,262809029713,1743112
262810773272,492,10,receive,262809055006,1718266
262810773709,216,7,receive,262809079516,1694193
262810774151,572,7,receive,262809049013,1725138
262810774586,664,9,receive,262809087062,1687524
262810809114,370,13,receive,262809109952,1699162
262810809772,544,9,receive,262809133547,1676225
262810810438,268,16,receive,262809130240,1680198
262810811111,458,10,receive,262809130011,1681100
262810819302,528,8,receive,262809146348,1672954
262810832417,746,6,receive,262809148010,1684407
262810833089,566,8,receive,262809185230,1647859
262810833743,512,9,receive,262809166451,1667292
262810834404,318,9,receive,262809172006,1662398
262810835064,642,9,receive,262809195971,1639093
262810835727,710,8,receive,262809189832,1645895
262810858160,800,7,receive,262809210689,1647471
262810858824,292,8,receive,262809206875,1651949
262810866506,346,7,receive,262809175191,1691315
262810868570,756,6,receive,262809223532,1645038
262810872018,572,8,receive,262809244203,1627815
262810877563,350,9,receive,262809237599,1639964
262810878243,256,12,receive,262809238027,1640216
262810878905,750,8,receive,262809263119,1615786
262810886044,784,7,receive,262809258230,1627814
262810892943,486,8,receive,262809275326,1617617
262810893661,284,14,receive,262809247484,1646177
262810898263,196,9,receive,262809243190,1655073
262810898928,764,7,receive,262809271528,1627400
262810906278,518,12,receive,262809288121,1618157
262810910960,530,9,receive,262809320649,1590311
262810911680,304,14,receive,262809315346,1596334
262810914917,410,15,receive,262809319228,1595689
262810918022,516,8,receive,262809295010,1623012
262810918682,566,9,receive,262809329415,1589267
262810919348,770,7,receive,262809337283,1582065
262810930736,498,11,receive,262809359481,1571255
262810931403,692,9,receive,262809357135,1574268
262810932066,240,8,receive,262809362972,1569094
262810937917,286,9,receive,262809382007,1555910
262810943648,506,8,receive,262809392006,1551642
262810945093,676,11,receive,262809393469,1551624
262810947059,644,8,receive,262809378735,1568324
262810952025,642,10,receive,262809407855,1544170
262810954862,648,7,receive,262809385689,1569173
262810961740,474,8,receive,262809426820,1534920
262810963739,696,15,receive,262809442061,1521678
262810964402,310,12,receive,262809426708,1537694
262810965065,516,9,receive,262809443004,1522061
262810965724,254,9,receive,262809459062,1506662
262810966388,710,9,receive,262809437420,1528968
262810984173,572,9,receive,262809463115,1521058
262810984837,776,6,receive,262809462593,1522244
262810985497,440,7,receive,262809450834,1534663
262810986160,616,10,receive,262809488450,1497710
262810986821,750,9,receive,262809500723,1486098
262810987483,240,9,receive,262809478182,1509301
262811003399,340,10,receive,262809516819,1486580
262811005118,416,9,receive,262809508872,1496246
262811010238,808,8,receive,262809532009,1478229
262811012390,770,8,receive,262809549299,1463091
262811016551,598,8,receive,262809526942,1489609
262811022313,302,16,receive,262809554098,1468215
262811022975,282,8,receive,262809533797,1489178
262811023641,570,8,receive,262809572704,1450937
262811024305,342,16,receive,262809576292,1448013
262811034267,446,9,receive,262809581007,1453260
262811044574,264,10,receive,262809575575,1468999
262811045239,408,11,receive,262809596285,1448954
262811045896,796,8,receive,262809605420,1440476
262811046566,326,9,receive,262809610976,1435590
262811047232,412,12,receive,262809617369,1429863
262811063689,546,9,receive,262809626182,1437507
262811064355,492,11,receive,262809624253,1440102
262811065019,566,10,receive,262809638006,1427013
262811065678,350,10,receive,262809636010,1429668
262811066342,330,12,receive,262809653377,1412965
262811086730,650,9,receive,262809658139,1428591
262811087401,298,12,receive,262809668316,1419085
262811088476,468,12,receive,262809664290,1424186
262811092797,576,6,receive,262809673219,1419578
262811097311,338,13,receive,262809690183,1407128
262811110108,798,7,receive,262809697021,1413087
262811110833,346,8,receive,262809709865,1400968
262811111495,284,15,receive,262809722132,1389363
262811112150,294,11,receive,262809714007,1398143
262811112809,728,9,receive,262809726369,1386440
262811113484,524,9,receive,262809717422,1396062
262811130209,456,7,receive,262809737595,1392614
262811133157,368,12,receive,262809703005,1430152
262811136479,624,7,receive,262809750012,1386467
262811140318,200,11,receive,262809746635,1393683
262811144670,474,9,receive,262809768771,1375899
262811152041,564,6,receive,262809777006,1375035
262811152698,314,10,receive,262809759793,1392905
262811153361,584,7,receive,262809804752,1348609
262811154021,546,10,receive,262809805709,1348312
262811154685,250,9,receive,262809796411,1358274
262811178084,292,9,receive,262809784708,1393376
262811178813,748,6,receive,262809790777,1388036
262811179490,196,10,receive,262809823743,1355747
262811180173,256,13,receive,262809832581,1347592
262811180862,460,11,receive,262809822006,1358856
262811199557,204,9,receive,262809810367,1389190
262811200231,576,7,receive,262809858125,1342106
262811200913,4,11,receive,262809852005,1348908
262811206592,728,10,receive,262809843351,1363241
262811220374,270,17,receive,262809867177,1353197
262811221042,710,10,receive,262809886987,1334055
262811221821,514,10,receive,262809860336,1361485
262811222495,548,8,receive,262809904477,1318018
262811223177,254,11,receive,262809914495,1308682
262811223855,584,8,receive,262809931834,1292021
262811241759,650,10,receive,262809925765,1315994
262811242451,570,9,receive,262809936012,1306439
262811243142,400,11,receive,262809952007,1291135
262811243829,808,9,receive,262809953390,1290439
262811244505,478,13,receive,262809952204,1292301
262811264211,784,8,receive,262809942792,1321419
262811264900,572,11,receive,262809961443,1303457
262811265588,644,10,receive,262809996101,1269487
262811266276,574,10,receive,262810001616,1264660
262811266960,346,9,receive,262810007902,1259058
262811267632,462,10,receive,262810007006,1260626
262811288623,504,15,receive,262810038007,1250616
262811290730,284,16,receive,262810053309,1237421
262811295180,216,8,receive,262810035181,1259999
262811301021,524,10,receive,262810053308,1247713
262811309772,510,12,receive,262810059298,1250474
262811310522,664,10,receive,262810060613,1249909
262811313472,408,12,receive,262810061293,1252179
262811318290,598,9,receive,262810064007,1254283
262811321310,692,10,receive,262810071758,1249552
262811328968,544,10,receive,262810077705,1251263
262811329709,690,10,receive,262810070897,1258812
262811331369,566,12,receive,262810076473,1254896
262811335398,254,12,receive,262810084859,1250539
262811339213,584,9,receive,262810091626,1247587
262811347022,396,10,receive,262810058432,1288590
262811347736,784,9,receive,262810078049,1269687
262811349965,516,10,receive,262810100640,1249325
262811353474,204,10,receive,262810117824,1235650
262811357267,770,10,receive,262810124943,1232324
262811365020,440,8,receive,262810131888,1233132
262811365762,564,7,receive,262810142071,1223691
262811368298,800,10,receive,262810116450,1251848
262811372411,260,8,receive,262810144136,1228275
262811378007,292,10,receive,262810147012,1230995
262811383981,412,13,receive,262810154953,1229028
262811384653,458,12,receive,262810106541,1278112
262811385322,426,12,receive,262810179468,1205854
262811385984,196,11,receive,262810171953,1214031
262811386649,504,16,receive,262810183848,1202801
262811403578,550,10,receive,262810166836,1236742
262811404317,342,17,receive,262810196131,1208186
262811405005,282,10,receive,262810191515,1213490
262811405692,286,10,receive,262810214559,1191133
262811406379,748,7,receive,262810210190,1196189
262811417834,676,12,receive,262810222431,1195403
262811420738,756,7,receive,262810224759,1195979
262811423494,784,10,receive,262810219007,1204487
262811427748,410,18,receive,262810221006,1206742
262811431860,460,12,receive,262810241260,1190600
262811438707,216,9,receive,262810247128,1191579
262811439429,764,8,receive,262810232988,1206441
262811443327,516,11,receive,262810251827,1191500
262811448387,650,11,receive,262810250648,1197739
262811450568,330,13,receive,262810243872,1206696
262811455771,492,12,receive,262810279063,1176708
262811458014,514,11,receive,262810278538,1179476
262811461021,416,10,receive,262810306006,1155015
262811465173,292,11,receive,262810321647,1143526
262811468708,254,13,receive,262810347007,1121701
262811473978,314,11,receive,262810352201,1121777
262811476216,410,19,receive,262810350769,1125447
262811479975,458,13,receive,262810352329,1127646
262811482891,624,8,receive,262810352241,1130650
262811487020,648,8,receive,262810366131,1120889
262811488984,310,15,receive,262810381010,1107974
262811491871,334,12,receive,262810379773,1112098
262811494305,750,10,receive,262810397006,1097299
262811497945,318,11,receive,262810407119,1090826
262811501725,800,11,receive,262810412005,1089720
262811504032,574,11,receive,262810415014,1089018
262811506777,396,11,receive,262810422723,1084054
262811510151,342,18,receive,262810421537,1088614
262811513157,544,11,receive,262810414397,1098760
262811519562,570,10,receive,262810435555,1084007
262811521056,200,12,receive,262810445578,1075478
262811523108,474,10,receive,262810428839,1094269
262811526439,650,12,receive,262810452957,1073482
262811529340,784,11,receive,262810458682,1070658
262811536796,426,13,receive,262810475475,1061321
262811539515,264,11,receive,262810482516,1056999
262811545157,286,11,receive,262810484338,1060819
262811548662,510,13,receive,262810483138,1065524
262811553830,676,13,receive,262810485643,1068187
262811555762,626,7,receive,262810461793,1093969
262811556453,522,11,receive,262810465128,1091325
262811557143,4,12,receive,262810489537,1067606
262811557826,672,12,receive,262810480210,1077616
262811558517,130,11,receive,262810488618,1069899
262811571434,796,9,receive,262810484302,1087132
262811572101,624,9,receive,262810495260,1076841
262811572764,644,11,receive,262810506420,1066344
262811573440,498,13,receive,262810501064,1072376
262811574129,284,17,receive,262810519943,1054186
262811586987,440,9,receive,262810524275,1062712
262811587672,690,11,receive,262810545785,1041887
262811588364,798,8,receive,262810527658,1060706
262811595064,350,11,receive,262810557964,1037100
262811599450,412,14,receive,262810571558,1027892
262811601181,292,12,receive,262810574717,1026464
262811605455,304,17,receive,262810584632,1020823
262811608852,200,13,receive,262810591696,1017156
262811612158,468,13,receive,262810607005,1005153
262811615058,400,12,receive,262810604840,1010218
262811618046,764,9,receive,262810582432,1035614
262811621326,492,13,receive,262810615306,1006020
262811622015,564,8,receive,262810647189,974826
262811622674,572,12,receive,262810633005,989669
262811631556,808,10,receive,262810663006,968550
262811633807,710,11,receive,262810663981,969826
262811639286,800,12,receive,262810682004,957282
262811640034,746,8,receive,262810667513,972521
262811645076,648,9,receive,262810698567,946509
262811646538,250,10,receive,262810693926,952612
262811649341,544,12,receive,262810715011,934330
262811653131,576,8,receive,262810722556,930575
262811655856,750,11,receive,262810728476,927380
262811667182,522,12,receive,262810692906,974276
262811667846,342,19,receive,262810737005,930841
262811668506,546,11,receive,262810751723,916783
262811670033,286,12,receive,262810752768,917265
262811674368,462,11,receive,262810744666,929702
262811687702,644,12,receive,262810754588,933114
262811688368,510,14,receive,262810736601,951767
262811689029,412,15,receive,262810772905,916124
262811689692,240,11,receive,262810746952,942740
262811694125,776,8,receive,262810794896,899229
262811694775,770,11,receive,262810810469,884306
262811705041,550,11,receive,262810847762,857279
262811705718,492,14,receive,262810857127,848591
262811706377,314,12,receive,262810864606,841771
262811707040,204,11,receive,262810873283,833757
262811707693,548,10,receive,262810865978,841715
262811729793,728,11,receive,262810875010,854783
262811730461,644,13,receive,262810875700,854761
262811732024,764,10,receive,262810873454,858570
262811735351,498,14,receive,262810884938,850413
262811745409,346,10,receive,262810902810,842599
262811746082,572,13,receive,262810914648,831434
262811746743,748,8,receive,262810935330,811413
262811747407,664,11,receive,262810922337,825070
262811748065,746,9,receive,262810944965,803100
262811748726,756,8,receive,262810941017,807709
262811761422,514,12,receive,262810948729,812693
262811764623,650,13,receive,262810973758,790865
262811768066,784,12,receive,262810971176,796890
262811771371,410,20,receive,262810988530,782841
262811776359,294,13,receive,262810991186,785173
262811777027,282,11,receive,262810999826,777201
262811777694,546,12,receive,262811005686,772008
262811778383,260,9,receive,262810993079,785304
262811779042,416,11,receive,262811012385,766657
262811789290,486,10,receive,262811005065,784225
262811790895,644,14,receive,262811005169,785726
262811792932,342,20,receive,262811017729,775203
262811795026,566,13,receive,262811020905,774121
262811797324,440,10,receive,262811042006,755318
262811800272,302,18,receive,262811052010,748262
262811801256,570,11,receive,262811060195,741061
262811803905,692,11,receive,262811046061,757844
262811805764,776,9,receive,262811073571,732193
262811808336,492,15,receive,262811056803,751533
262811811020,484,11,receive,262811079005,732015
262811812473,264,12,receive,262811034567,777906
262811816071,240,12,receive,262811110172,705899
262811819452,318,12,receive,262811119009,700443
262811821367,196,12,receive,262811120779,700588
262811824095,710,12,receive,262811087067,737028
262811826584,304,18,receive,262811147241,679343
262811830228,626,8,receive,262811151339,678889
262811830958,310,16,receive,262811150748,680210
262811835254,408,14,receive,262811157611,677643
262811838349,576,9,receive,262811152308,686041
262811839019,4,13,receive,262811170469,668550
262811841661,396,12,receive,262811170040,671621
262811842481,650,14,receive,262811183685,658796
262811843855,570,12,receive,262811190919,652936
262811847068,796,10,receive,262811189348,657720
262811849236,292,13,receive,262811194548,654688
262811851435,572,14,receive,262811185170,666265
262811853492,462,12,receive,262811209988,643504
262811855787,440,11,receive,262811214694,641093
262811858968,516,12,receive,262811207124,651844
262811864477,746,10,receive,262811223727,640750
262811865409,216,10,receive,262811233646,631763
262811866073,546,13,receive,262811254401,611672
262811866730,474,11,receive,262811246354,620376
262811867396,334,13,receive,262811250060,617336
262811874936,648,10,receive,262811259551,615385
262811875602,544,13,receive,262811272841,602761
262811876266,458,14,receive,262811271633,604633
262811876925,330,14,receive,262811280075,596850
262811877590,342,21,receive,262811283062,594528
262811883084,798,9,receive,262811292742,590342
262811884544,284,18,receive,262811299776,584768
262811886032,574,12,receive,262811301459,584573
262811887020,510,15,receive,262811297622,589398
262811889835,676,14,receive,262811341045,548790
262811890890,492,16,receive,262811334612,556278
262811895011,416,12,receive,262811337525,557486
262811896700,240,13,receive,262811336539,560161
262811898877,292,14,receive,262811355887,542990
262811900419,204,12,receive,262811359556,540863
262811901933,462,13,receive,262811366987,534946
262811903383,576,10,receive,262811397475,505908
262811904825,624,10,receive,262811407964,496861
262811905551,396,13,receive,262811396294,509257
262811906332,400,13,receive,262811412861,493471
262811907166,672,13,receive,262811420026,487140
262811907945,318,13,receive,262811437125,470820
262811909233,808,11,receive,262811448343,460890
262811910020,644,15,receive,262811455418,454602
262811910793,440,12,receive,262811455394,455399
262811911571,294,14,receive,262811466791,444780
262811912331,314,13,receive,262811472502,439829
262811913051,626,9,receive,262811479539,433512
262811913769,302,19,receive,262811489886,423883
262811914499,544,14,receive,262811504010,410489
262811915237,130,12,receive,262811506482,408755
262811915957,800,13,receive,262811514582,401375
262811916694,548,11,receive,262811522006,394688
262811917460,486,11,receive,262811526388,391072
262811918178,468,14,receive,262811527672,390506
262811918867,746,11,receive,262811541882,376985
262811919533,510,16,receive,262811527010,392523
262811923372,484,12,receive,262811577696,345676
262811924040,748,9,receive,262811591564,332476
262811924699,676,15,receive,262811592004,332695
262811925372,260,10,receive,262811599320,326052
262811926038,574,13,receive,262811601133,324905
262811926701,570,13,receive,262811602730,323971
262811927368,784,13,receive,262811599006,328362
262811928032,286,13,receive,262811622719,305313
262811928696,294,15,receive,262811625895,302801
262811929363,240,14,receive,262811633316,296047
262811930034,798,10,receive,262811663503,266531
262811930695,204,13,receive,262811669179,261516
262811931361,522,13,receive,262811702918,228443
262811932035,710,13,receive,262811703008,229027
262811932697,514,13,receive,262811698773,233924
262811933362,410,21,receive,262811710627,222735
262811934028,302,20,receive,262811714067,219961
262811934696,400,14,receive,262811735266,199430
262811935369,216,11,receive,262811754492,180877
262811936057,468,15,receive,262811774684,161373
262811936719,550,12,receive,262811772117,164602
262811937387,748,10,receive,262811812577,124810
262811937929,570,14,receive,262811814308,123621
262811938279,458,15,receive,262811812120,126159
262811938627,294,16,receive,262811817038,121589
262811938974,474,12,receive,262811852981,85993
262811939315,486,12,receive,262811850005,89310
262811939661,784,14,receive,262811854334,85327
262811940010,522,14,receive,262811864495,75515
262811940354,550,13,receive,262811887950,52404
262811940701,334,14,receive,262811890870,49831
262811941053,240,15,receive,262811918005,23048
262811948413,264,13,receive,262811947011,1402
262811952555,292,15,receive,262811950592,1963
262811966503,626,10,receive,262811963897,2606
262811971031,284,19,receive,262811966386,4645
262811982611,516,13,receive,262811980133,2478
262811984210,400,15,receive,262811982844,1366
262811990115,796,11,receive,262811987268,2847
262812016098,566,14,receive,262812012652,3446
262812018263,492,17,receive,262812017079,1184
262812022337,216,12,receive,262812019999,2338
262812035192,576,11,receive,262812033427,1765
262812040368,458,16,receive,262812038454,1914
262812043147,748,11,receive,262812042518,629
262812057076,624,11,receive,262812054749,2327
262812063350,462,14,receive,262812062510,840
262812074029,486,13,receive,262812071461,2568
262812092287,776,10,receive,262812091475,812
262812096723,546,14,receive,262812093640,3083
262812100220,676,16,receive,262812098924,1296
262812102701,572,15,receive,262812102022,679
262812127507,260,11,receive,262812120005,7502
262812128013,4,14,receive,262812122348,5665
262812149683,648,11,receive,262812149018,665
262812173745,484,13,receive,262812173059,686
262812180601,784,15,receive,262812179889,712
262812183319,240,16,receive,262812182148,1171
262812186975,548,12,receive,262812184204,2771
262812189216,574,14,receive,262812188608,608
262812195804,550,14,receive,262812194094,1710
262812210111,672,14,receive,262812208822,1289
262812232782,216,13,receive,262812231277,1505
262812235086,400,16,receive,262812234251,835
262812254639,462,15,receive,262812250692,3947
262812255208,4,15,receive,262812250985,4223
262812269030,572,16,receive,262812267888,1142
262812279025,796,12,receive,262812278511,514
262812284953,798,11,receive,262812283474,1479
262812300828,784,16,receive,262812299616,1212
262812311017,776,11,receive,262812309262,1755
262812311401,318,14,receive,262812310266,1135
262812317074,314,14,receive,262812314848,2226
262812320722,644,16,receive,262812320086,636
262812327150,458,17,receive,262812325288,1862
262812335036,748,12,receive,262812333445,1591
262812352958,334,15,receive,262812348084,4874
262812378007,294,17,receive,262812376380,1627
262812380342,474,13,receive,262812379468,874
262812399358,486,14,receive,262812397660,1698
262812402212,130,13,receive,262812400698,1514
262812414802,808,12,receive,262812413957,845
262812419426,400,17,receive,262812417620,1806
262812434336,574,15,receive,262812431307,3029
262812437491,260,12,receive,262812435642,1849
262812454476,626,11,receive,262812452982,1494
262812492064,544,15,receive,262812489885,2179
262812495275,572,17,receive,262812494417,858
262812499589,648,12,receive,262812497883,1706
262812528593,204,14,receive,262812525887,2706
262812536345,570,15,receive,262812534172,2173
262812538785,294,18,receive,262812537580,1205
262812548163,746,12,receive,262812546502,1661
262812570152,302,21,receive,262812567190,2962
262812580672,4,16,receive,262812578248,2424
262812581077,458,18,receive,262812580099,978
262812637991,576,12,receive,262812636289,1702
262812640560,672,15,receive,262812639193,1367
262812667754,550,15,receive,262812665323,2431
262812668147,710,14,receive,262812665309,2838
262812670985,216,14,receive,262812669391,1594
262812673855,784,17,receive,262812671625,2230
262812674247,334,16,receive,262812672868,1379
262812679559,548,13,receive,262812678797,762
262812715580,522,15,receive,262812714631,949
262812717298,468,16,receive,262812716437,861
262812737622,462,16,receive,262812736275,1347
262812761187,648,13,receive,262812759721,1466
262812797663,576,13,receive,262812796712,951
262812809761,626,12,receive,262812808477,1284
262812906312,676,17,receive,262812903446,2866
262812918947,468,17,receive,262812916498,2449
262812925585,776,12,receive,262812924603,982
262812939885,400,18,receive,262812938438,1447
262812942318,566,15,receive,262812941280,1038
262813019323,624,12,receive,262813018637,686
262813077294,796,13,receive,262813076011,1283
262813100582,710,15,receive,262813099578,1004
262813149335,748,13,receive,262813148313,1022
262813171974,474,14,receive,262813170961,1013
262813183174,648,14,receive,262813181590,1584
262813213574,784,18,receive,262813213068,506
262813217646,624,13,receive,262813216290,1356
262813220472,314,15,receive,262813220067,405
262813223038,570,16,receive,262813221789,1249
262813254519,672,16,receive,262813253196,1323
262813255673,318,15,receive,262813254311,1362
262813274910,462,17,receive,262813274073,837
262813351022,334,17,receive,262813349710,1312
262813379205,808,13,receive,262813378675,530
262813391241,550,16,receive,262813390739,502
262813424267,130,14,receive,262813423383,884
262813451382,548,14,receive,262813450790,592
262813530071,648,15,receive,262813528896,1175
262813542449,216,15,receive,262813541973,476
262813569309,400,19,receive,262813568009,1300
