receive_timestamp,source_vehicle,message_id,event_type,send_timestamp,latency_us
373603306,158,1,receive,373304081,299225
373603785,230,2,receive,373326675,277110
373604192,320,2,receive,373327062,277130
373604619,98,3,receive,373323391,281228
373605034,384,2,receive,373330017,275017
373605448,252,1,receive,373331018,274430
373605873,634,2,receive,373331441,274432
373606288,632,1,receive,373332263,274025
373606761,118,1,receive,373332253,274508
373607178,6,4,receive,373278304,328874
373607593,90,3,receive,373332855,274738
373608173,818,1,receive,373332891,275282
373608605,90,4,receive,373333221,275384
373609020,400,2,receive,373333307,275713
373609435,44,5,receive,373273715,335720
373609848,150,3,receive,373334297,275551
373610245,154,2,receive,373334689,275556
373610652,486,2,receive,373334774,275878
373910644,758,1,receive,373334743,575901
373911182,182,3,receive,373296292,614890
373911594,206,2,receive,373335639,575955
373912043,972,1,receive,373336349,575694
373912462,798,2,receive,373336605,575857
373912889,152,4,receive,373321810,591079
373913299,728,1,receive,373337175,576124
373913714,58,4,receive,373280331,633383
373914144,670,1,receive,373337448,576696
373915038,132,1,receive,373337427,577611
374135912,766,1,receive,373337608,798304
374136465,84,3,receive,373324172,812293
374136929,312,1,receive,373339142,797787
374137388,312,2,receive,373339616,797772
374137836,100,1,receive,373257727,880109
374138284,96,3,receive,373340772,797512
374138826,188,2,receive,373340656,798170
374139493,274,1,receive,373342284,797209
374140103,204,1,receive,373342449,797654
374140618,18,3,receive,373343300,797318
374364651,426,2,receive,373343822,1020829
374365117,408,3,receive,373344177,1020940
374365759,338,1,receive,373344313,1021446
374366217,12,5,receive,373315677,1050540
374366673,138,1,receive,373345262,1021411
374367127,626,1,receive,373345494,1021633
374367645,110,3,receive,373345744,1021901
374368104,590,5,receive,373345797,1022307
374368585,782,1,receive,373346124,1022461
374369039,160,3,receive,373346421,1022618
374598271,290,1,receive,373311159,1287112
374598747,964,1,receive,373346825,1251922
374599358,96,4,receive,373346856,1252502
374599822,432,2,receive,373347684,1252138
374600285,670,2,receive,373349026,1251259
374600756,632,2,receive,373350024,1250732
374601250,106,3,receive,373351343,1249907
374601724,708,1,receive,373351772,1249952
374602200,158,2,receive,373351916,1250284
374602668,150,4,receive,373352784,1249884
374844605,284,1,receive,373353815,1490790
374845071,70,5,receive,373288342,1556729
374845705,868,2,receive,373354805,1490900
374846656,426,3,receive,373354781,1491875
374847140,730,1,receive,373355393,1491747
374847609,206,3,receive,373355353,1492256
374848065,1000,1,receive,373355649,1492416
374848570,382,1,receive,373356097,1492473
374849047,320,3,receive,373357048,1491999
375082472,80,2,receive,373357455,1725017
375082952,36,2,receive,373357977,1724975
375083531,56,3,receive,373241375,1842156
375084017,490,1,receive,373358269,1725748
375084489,400,3,receive,373358854,1725635
375084948,554,1,receive,373359320,1725628
375085426,598,1,receive,373359649,1725777
375085921,104,5,receive,373360476,1725445
375335897,212,1,receive,373360429,1975468
375336484,818,2,receive,373360893,1975591
375336953,128,5,receive,373361359,1975594
375337439,764,1,receive,373362713,1974726
375337899,190,1,receive,373362713,1975186
375338364,210,2,receive,373363083,1975281
375338827,230,3,receive,373364522,1974305
375339312,778,4,receive,373364429,1974883
375339759,592,1,receive,373364608,1975151
375340223,488,1,receive,373367149,1973074
375569823,426,4,receive,373367583,2202240
375570305,332,1,receive,373367726,2202579
375570894,354,1,receive,373368455,2202439
375571371,114,5,receive,373368894,2202477
375571834,582,1,receive,373368957,2202877
375572299,86,4,receive,373369044,2203255
375572733,640,1,receive,373369448,2203285
375573192,166,2,receive,373358761,2214431
375573654,300,1,receive,373370044,2203610
375574130,192,1,receive,373370182,2203948
375806867,712,1,receive,373370313,2436554
375807356,486,3,receive,373371338,2436018
375807930,130,3,receive,373309045,2498885
375808409,524,1,receive,373374149,2434260
375808901,130,4,receive,373373933,2434968
375809367,530,1,receive,373374600,2434767
375809833,436,1,receive,373374829,2435004
375810307,130,5,receive,373375029,2435278
375810789,636,2,receive,373376013,2434776
375811251,90,5,receive,373376866,2434385
376050731,508,1,receive,373376887,2673844
376051212,972,2,receive,373377276,2673936
376051780,130,6,receive,373376476,2675304
376052236,426,5,receive,373377644,2674592
376052716,634,3,receive,373378345,2674371
376053175,918,1,receive,373378463,2674712
376053667,618,1,receive,373379066,2674601
376054141,166,3,receive,373380013,2674128
376054621,112,2,receive,373285041,2769580
376055086,8,5,receive,373278178,2776908
376296478,868,3,receive,373382063,2914415
376296893,196,6,receive,373381922,2914971
376297449,90,6,receive,373382316,2915133
376297846,340,1,receive,373296934,3000912
376298263,400,4,receive,373382781,2915482
376298661,432,3,receive,373383008,2915653
376299055,486,4,receive,373383975,2915080
376299542,126,2,receive,373305048,2994494
376299945,222,1,receive,373375932,2924013
376300356,316,1,receive,373386209,2914147
376300885,486,5,receive,373386787,2914098
376560167,730,2,receive,373387278,3172889
376560622,2,5,receive,373273391,3287231
376561208,154,3,receive,373388709,3172499
376561616,734,1,receive,373389539,3172077
376562050,444,1,receive,373334200,3227850
376562453,436,2,receive,373390018,3172435
376562927,638,1,receive,373371725,3191202
376563341,492,2,receive,373390020,3173321
376563739,366,1,receive,373390145,3173594
376564127,618,2,receive,373390437,3173690
376564514,62,4,receive,373250337,3314177
376800943,774,1,receive,373390624,3410319
376801418,756,1,receive,373390885,3410533
376802016,554,2,receive,373391272,3410744
376802488,196,7,receive,373391318,3411170
376802960,678,1,receive,373391717,3411243
376803426,964,2,receive,373391772,3411654
376803920,724,1,receive,373392160,3411760
376804392,64,4,receive,373354344,3450048
376804874,488,2,receive,373393759,3411115
376805340,798,3,receive,373393968,3411372
377042633,320,4,receive,373394395,3648238
377043084,222,2,receive,373395466,3647618
377043643,778,5,receive,373395541,3648102
377044104,778,6,receive,373395881,3648223
377044569,32,3,receive,373285087,3759482
377045011,206,4,receive,373396720,3648291
377045455,336,1,receive,373396941,3648514
377045897,2,6,receive,373393761,3652136
377046355,766,2,receive,373397603,3648752
377046795,352,1,receive,373355333,3691462
377281361,164,2,receive,373287511,3993850
377281816,434,1,receive,373398867,3882949
377282370,804,1,receive,373398932,3883438
377282830,456,2,receive,373399942,3882888
377283287,612,2,receive,373391742,3891545
377283749,858,1,receive,373343766,3939983
377284189,150,5,receive,373400589,3883600
377284640,330,1,receive,373400981,3883659
377285093,560,1,receive,373401198,3883895
377285566,204,2,receive,373401651,3883915
377519024,564,1,receive,373401672,4117352
377519483,222,3,receive,373402437,4117046
377520080,778,7,receive,373402673,4117407
377520544,230,4,receive,373403215,4117329
377520991,586,1,receive,373403229,4117762
377521455,670,3,receive,373403888,4117567
377521954,982,1,receive,373404064,4117890
377522402,592,2,receive,373404299,4118103
377522847,994,1,receive,373404655,4118192
377523323,554,3,receive,373404704,4118619
377753646,634,4,receive,373405133,4348513
377754105,634,5,receive,373405599,4348506
377754768,426,6,receive,373405950,4348818
377755225,964,3,receive,373407361,4347864
377755680,316,2,receive,373407547,4348133
377756163,844,1,receive,373407892,4348271
377756619,586,2,receive,373408806,4347813
377757069,566,1,receive,373360373,4396696
377757519,482,1,receive,373410119,4347400
377757979,370,1,receive,373410438,4347541
377983603,836,1,receive,373411253,4572350
377984058,836,2,receive,373411872,4572186
377984648,54,2,receive,373411868,4572780
377985117,150,6,receive,373412059,4573058
377985574,252,2,receive,373415349,4570225
377986013,312,3,receive,373415998,4570015
377986475,448,2,receive,373327134,4659341
377986923,238,1,receive,373416159,4570764
377987377,312,4,receive,373416340,4571037
377987825,396,1,receive,373416732,4571093
378230513,868,4,receive,373416750,4813763
378230972,640,2,receive,373417199,4813773
378231523,318,1,receive,373417412,4814111
378231961,746,1,receive,373420030,4811931
378232416,530,2,receive,373420076,4812340
378232878,192,2,receive,373420126,4812752
378233327,810,1,receive,373420516,4812811
378233771,502,1,receive,373422960,4810811
378234240,888,1,receive,373423157,4811083
378234690,892,1,receive,373424788,4809902
378454428,896,1,receive,373425194,5029234
378454949,244,1,receive,373425208,5029741
