receive_timestamp,source_vehicle,message_id,event_type,send_timestamp,latency_us
12709649037,4,1,receive,12709648383,654
12709649604,8,1,receive,12709649337,267
12709651507,14,1,receive,12709650501,1006
12709652331,2,1,receive,12709652025,306
12709653986,20,1,receive,12709653326,660
12709654339,16,1,receive,12709653560,779
12709654673,12,1,receive,12709653779,894
12709658280,28,1,receive,12709655052,3228
12709658610,22,1,receive,12709655209,3401
12709658932,10,1,receive,12709655249,3683
12709663148,26,1,receive,12709655613,7535
12709663482,24,1,receive,12709655698,7784
12709663816,30,1,receive,12709658056,5760
12709664544,18,1,receive,12709664201,343
12729667582,18,2,receive,12729665980,1602
12733660929,30,2,receive,12733658419,2510
12734653590,8,2,receive,12734650150,3440
12735643626,6,2,receive,12735641640,1986
12735650907,4,2,receive,12735648656,2251
12735656235,20,2,receive,12735653982,2253
12736657836,24,2,receive,12736656142,1694
12736660299,28,2,receive,12736657983,2316
12738658679,16,2,receive,12738654737,3942
12738660096,26,2,receive,12738658676,1420
12739658809,10,2,receive,12739655508,3301
12741655787,12,2,receive,12741655047,740
12742660110,22,2,receive,12742655560,4550
12746652905,14,2,receive,12746650795,2110
12748656905,2,2,receive,12748652359,4546
12756654186,8,3,receive,12756650984,3202
12759664270,26,3,receive,12759659278,4992
12759665245,28,3,receive,12759660198,5047
12762659456,20,3,receive,12762657857,1599
12764667745,18,3,receive,12764667362,383
12766662410,10,3,receive,12766656295,6115
12766662754,24,3,receive,12766657203,5551
12768651780,4,3,receive,12768649945,1835
12768657467,16,3,receive,12768655800,1667
12772658279,22,3,receive,12772656365,1914
12773661215,30,3,receive,12773659023,2192
12774642764,6,3,receive,12774642260,504
12781657562,14,3,receive,12781651513,6049
12781657918,8,4,receive,12781652177,5741
12781658283,12,3,receive,12781656599,1684
12782656331,2,3,receive,12782653694,2637
12787662177,26,4,receive,12787660188,1989
12788658629,10,4,receive,12788657334,1295
12788662662,28,4,receive,12788661174,1488
12789661307,24,4,receive,12789659218,2089
12793661174,16,4,receive,12793658329,2845
12794660412,20,4,receive,12794658566,1846
12796657753,22,4,receive,12796656787,966
12796660886,30,4,receive,12796659651,1235
12802652313,4,4,receive,12802650527,1786
12802656629,8,5,receive,12802654762,1867
12804670369,18,4,receive,12804667603,2766
12807655832,2,4,receive,12807654641,1191
12810654904,14,4,receive,12810652514,2390
12810658058,12,4,receive,12810656885,1173
12812644901,6,4,receive,12812642844,2057
12815661683,20,5,receive,12815659410,2273
12815662933,26,5,receive,12815661691,1242
12820663733,28,5,receive,12820661474,2259
12823658325,22,5,receive,12823657332,993
12827654241,4,5,receive,12827651071,3170
12828662833,30,5,receive,12828660967,1866
12831670865,18,5,receive,12831668339,2526
12832647974,6,5,receive,12832645685,2289
12834659290,8,6,receive,12834656614,2676
12838663693,26,6,receive,12838662815,878
12841663394,28,6,receive,12841662406,988
12844658393,22,6,receive,12844657899,494
12854662143,30,6,receive,12854661465,678
12860670051,18,6,receive,12860669227,824
12862658812,8,7,receive,12862657289,1523
12880670319,18,7,receive,12880669713,606
