receive_timestamp,source_vehicle,message_id,event_type,send_timestamp,latency_us
373580179,974,2,receive,373314787,265392
373580713,140,2,receive,373316070,264643
373581128,104,4,receive,373316474,264654
373581580,184,4,receive,373316662,264918
373581922,166,1,receive,373316885,265037
373582355,128,4,receive,373317077,265278
373582717,790,1,receive,373318464,264253
373583159,50,1,receive,373318434,264725
373583515,798,1,receive,373318566,264949
373915030,196,5,receive,373318774,596256
373915473,54,1,receive,373318997,596476
373915865,18,2,receive,373320016,595849
373917955,202,3,receive,373294291,623664
373918366,80,1,receive,373322157,596209
373918767,86,3,receive,373322441,596326
374165653,400,1,receive,373323456,842197
374166171,122,1,receive,373296841,869330
374169333,158,1,receive,373304081,865252
374169712,230,2,receive,373326675,843037
374427620,320,2,receive,373327062,1100558
374428492,98,3,receive,373323391,1105101
374428951,384,2,receive,373330017,1098934
374429386,252,1,receive,373331018,1098368
374429852,634,2,receive,373331441,1098411
374430323,632,1,receive,373332263,1098060
374430774,118,1,receive,373332253,1098521
374431196,6,4,receive,373278304,1152892
374431666,90,3,receive,373332855,1098811
374432131,818,1,receive,373332891,1099240
374670043,90,4,receive,373333221,1336822
374670481,400,2,receive,373333307,1337174
374670952,44,5,receive,373273715,1397237
374672294,150,3,receive,373334297,1337997
374672827,154,2,receive,373334689,1338138
374673387,758,1,receive,373334743,1338644
374673897,486,2,receive,373334774,1339123
374674483,182,3,receive,373296292,1378191
374940090,206,2,receive,373335639,1604451
374940581,972,1,receive,373336349,1604232
374941036,798,2,receive,373336605,1604431
374941450,152,4,receive,373321810,1619640
374941841,728,1,receive,373337175,1604666
374942920,58,4,receive,373280331,1662589
374943391,670,1,receive,373337448,1605943
374943839,132,1,receive,373337427,1606412
374944286,766,1,receive,373337608,1606678
375212478,84,3,receive,373324172,1888306
375213091,312,1,receive,373339142,1873949
375213524,312,2,receive,373339616,1873908
375213917,100,1,receive,373257727,1956190
375214342,96,3,receive,373340772,1873570
375214742,188,2,receive,373340656,1874086
375215155,274,1,receive,373342284,1872871
375215552,204,1,receive,373342449,1873103
375215946,426,2,receive,373343822,1872124
375216330,18,3,receive,373343300,1873030
375216715,408,3,receive,373344177,1872538
375454677,338,1,receive,373344313,2110364
375455101,12,5,receive,373315677,2139424
375455502,138,1,receive,373345262,2110240
375456436,626,1,receive,373345494,2110942
375456854,110,3,receive,373345744,2111110
375457265,590,5,receive,373345797,2111468
375457826,782,1,receive,373346124,2111702
375458221,160,3,receive,373346421,2111800
375458681,290,1,receive,373311159,2147522
375459089,964,1,receive,373346825,2112264
375683277,96,4,receive,373346856,2336421
375683689,432,2,receive,373347684,2336005
375684796,670,2,receive,373349026,2335770
375685295,632,2,receive,373350024,2335271
375685729,106,3,receive,373351343,2334386
375686157,708,1,receive,373351772,2334385
375686782,158,2,receive,373351916,2334866
375687194,150,4,receive,373352784,2334410
375687603,284,1,receive,373353815,2333788
375939233,70,5,receive,373288342,2650891
375939772,868,2,receive,373354805,2584967
375940216,426,3,receive,373354781,2585435
375940640,730,1,receive,373355393,2585247
375941096,206,3,receive,373355353,2585743
375941546,1000,1,receive,373355649,2585897
375941955,382,1,receive,373356097,2585858
375942367,320,3,receive,373357048,2585319
375942783,80,2,receive,373357455,2585328
375943193,36,2,receive,373357977,2585216
375943714,56,3,receive,373241375,2702339
376215912,490,1,receive,373358269,2857643
376216440,400,3,receive,373358854,2857586
376216835,554,1,receive,373359320,2857515
376217217,598,1,receive,373359649,2857568
376217605,104,5,receive,373360476,2857129
376218001,212,1,receive,373360429,2857572
376218419,818,2,receive,373360893,2857526
376218812,128,5,receive,373361359,2857453
376219204,190,1,receive,373362713,2856491
376219590,764,1,receive,373362713,2856877
376219986,210,2,receive,373363083,2856903
376220414,230,3,receive,373364522,2855892
376473815,778,4,receive,373364429,3109386
376474239,592,1,receive,373364608,3109631
376474664,488,1,receive,373367149,3107515
376475108,426,4,receive,373367583,3107525
376475565,332,1,receive,373367726,3107839
376475979,354,1,receive,373368455,3107524
376476470,582,1,receive,373368957,3107513
376476888,114,5,receive,373368894,3107994
376477305,86,4,receive,373369044,3108261
376477812,640,1,receive,373369448,3108364
376478233,166,2,receive,373358761,3119472
376715530,300,1,receive,373370044,3345486
376715971,192,1,receive,373370182,3345789
376716448,712,1,receive,373370313,3346135
376716863,486,3,receive,373371338,3345525
376717321,130,3,receive,373309045,3408276
376717743,524,1,receive,373374149,3343594
376718171,130,4,receive,373373933,3344238
376718589,530,1,receive,373374600,3343989
376719051,436,1,receive,373374829,3344222
376719517,130,5,receive,373375029,3344488
376719937,636,2,receive,373376013,3343924
376987408,90,5,receive,373376866,3610542
376987834,508,1,receive,373376887,3610947
376988290,972,2,receive,373377276,3611014
376988729,130,6,receive,373376476,3612253
376989161,426,5,receive,373377644,3611517
376989555,634,3,receive,373378345,3611210
376989942,918,1,receive,373378463,3611479
376990349,618,1,receive,373379066,3611283
376990801,166,3,receive,373380013,3610788
376991199,112,2,receive,373285041,3706158
376991595,8,5,receive,373278178,3713417
377217962,196,6,receive,373381922,3836040
377218366,868,3,receive,373382063,3836303
377218735,90,6,receive,373382316,3836419
377219113,400,4,receive,373382781,3836332
377219549,432,3,receive,373383008,3836541
377219933,340,1,receive,373296934,3922999
377220322,486,4,receive,373383975,3836347
377220702,126,2,receive,373305048,3915654
377221108,222,1,receive,373375932,3845176
377221521,316,1,receive,373386209,3835312
377221964,486,5,receive,373386787,3835177
377443528,730,2,receive,373387278,4056250
377443939,2,5,receive,373273391,4170548
377444377,154,3,receive,373388709,4055668
377444830,734,1,receive,373389539,4055291
377445215,444,1,receive,373334200,4111015
377445600,436,2,receive,373390018,4055582
377446005,492,2,receive,373390020,4055985
377446495,638,1,receive,373371725,4074770
377446885,366,1,receive,373390145,4056740
377447275,618,2,receive,373390437,4056838
377447661,62,4,receive,373250337,4197324
377689271,774,1,receive,373390624,4298647
377689731,756,1,receive,373390885,4298846
377690205,554,2,receive,373391272,4298933
377690610,196,7,receive,373391318,4299292
377691029,678,1,receive,373391717,4299312
377691416,964,2,receive,373391772,4299644
377691819,724,1,receive,373392160,4299659
377692229,64,4,receive,373354344,4337885
377692618,488,2,receive,373393759,4298859
377693072,798,3,receive,373393968,4299104
377693473,320,4,receive,373394395,4299078
377936330,222,2,receive,373395466,4540864
377936752,778,5,receive,373395541,4541211
377937156,778,6,receive,373395881,4541275
377937653,32,3,receive,373285087,4652566
377938063,206,4,receive,373396720,4541343
377938453,336,1,receive,373396941,4541512
377938961,2,6,receive,373393761,4545200
377939358,766,2,receive,373397603,4541755
377939736,352,1,receive,373355333,4584403
377940277,164,2,receive,373287511,4652766
377940664,434,1,receive,373398867,4541797
378203684,804,1,receive,373398932,4804752
378204145,456,2,receive,373399942,4804203
378204540,612,2,receive,373391742,4812798
378204999,858,1,receive,373343766,4861233
378205401,150,5,receive,373400589,4804812
378205812,560,1,receive,373401198,4804614
378206207,330,1,receive,373400981,4805226
378206583,204,2,receive,373401651,4804932
378206959,564,1,receive,373401672,4805287
378207336,222,3,receive,373402437,4804899
378207738,778,7,receive,373402673,4805065
378208124,230,4,receive,373403215,4804909
378415484,586,1,receive,373403229,5012255
378415964,670,3,receive,373403888,5012076
378416427,982,1,receive,373404064,5012363
378416884,592,2,receive,373404299,5012585
378417712,554,3,receive,373404704,5013008
378418277,994,1,receive,373404655,5013622
378418739,634,4,receive,373405133,5013606
378419222,634,5,receive,373405599,5013623
378604619,426,6,receive,373405950,5198669
378605088,964,3,receive,373407361,5197727
378605541,316,2,receive,373407547,5197994
378605986,844,1,receive,373407892,5198094
378607582,586,2,receive,373408806,5198776
378608032,566,1,receive,373360373,5247659
378608497,482,1,receive,373410119,5198378
378608944,370,1,receive,373410438,5198506
378609457,836,1,receive,373411253,5198204
378609908,836,2,receive,373411872,5198036
378822473,54,2,receive,373411868,5410605
378822938,150,6,receive,373412059,5410879
378823407,252,2,receive,373415349,5408058
378823855,312,3,receive,373415998,5407857
378824305,448,2,receive,373327134,5497171
378824799,312,4,receive,373416340,5408459
378825291,238,1,receive,373416159,5409132
378825747,396,1,receive,373416732,5409015
378826190,868,4,receive,373416750,5409440
378826652,640,2,receive,373417199,5409453
379025260,318,1,receive,373417412,5607848
379025740,530,2,receive,373420076,5605664
379026197,746,1,receive,373420030,5606167
379026659,192,2,receive,373420126,5606533
379027173,810,1,receive,373420516,5606657
379027632,502,1,receive,373422960,5604672
379028087,888,1,receive,373423157,5604930
379028595,892,1,receive,373424788,5603807
379029060,896,1,receive,373425194,5603866
379215591,244,1,receive,373425208,5790383
379216075,924,1,receive,373425571,5790504
379216526,82,3,receive,373387972,5828554
379217146,964,4,receive,373427070,5790076
379217601,300,2,receive,373427165,5790436
379218050,492,3,receive,373427954,5790096
379218511,166,4,receive,373430014,5788497
379218984,332,2,receive,373417168,5801816
379219437,428,1,receive,373430101,5789336
379378546,792,1,receive,373430663,5947883
379379014,450,1,receive,373431662,5947352
379379459,582,2,receive,373432544,5946915
379379915,506,1,receive,373432861,5947054
379380382,538,1,receive,373433495,5946887
379380856,478,1,receive,373433985,5946871
379381307,230,5,receive,373434750,5946557
379381763,498,1,receive,373436296,5945467
379382302,964,5,receive,373438204,5944098
379528325,166,5,receive,373438419,6089906
379528947,300,3,receive,373438927,6090020
379529401,224,1,receive,373439255,6090146
379529997,124,1,receive,373430406,6099591
379530908,486,6,receive,373440016,6090892
379531328,860,1,receive,373336252,6195076
379531781,136,1,receive,373374011,6157770
379532234,258,1,receive,373440131,6092103
379532751,788,1,receive,373440383,6092368
379533237,584,1,receive,373440677,6092560
379684914,860,2,receive,373442319,6242595
379685294,972,3,receive,373442573,6242721
379685667,352,2,receive,373443173,6242494
379686067,598,2,receive,373443786,6242281
379686523,312,5,receive,373444006,6242517
379686918,612,3,receive,373444252,6242666
379687334,868,5,receive,373446264,6241070
379687731,150,7,receive,373447583,6240148
379688245,730,3,receive,373448020,6240225
379688790,964,6,receive,373450038,6238752
379849558,358,1,receive,373450130,6399428
379850578,364,1,receive,373450269,6400309
379850945,430,1,receive,373450892,6400053
379851337,240,1,receive,373451132,6400205
379851701,312,6,receive,373451246,6400455
379852088,656,1,receive,373452049,6400039
379852558,284,2,receive,373428397,6424161
379852957,696,1,receive,373453421,6399536
379853351,362,1,receive,373453682,6399669
379853737,320,5,receive,373453829,6399908
379854147,252,3,receive,373455163,6398984
380014316,274,2,receive,373407508,6606808
380014774,338,2,receive,373455536,6559238
380015157,510,1,receive,373456262,6558895
380015543,730,4,receive,373457374,6558169
380015943,750,2,receive,373576598,6439345
380016359,370,3,receive,373576761,6439598
380016813,804,6,receive,373576765,6440048
380017190,544,2,receive,373576599,6440591
380017564,478,4,receive,373577014,6440550
380017948,408,6,receive,373577728,6440220
380018349,972,6,receive,373577886,6440463
380170736,724,2,receive,373578587,6592149
380171189,682,1,receive,373578927,6592262
380171599,688,1,receive,373579110,6592489
380171994,634,10,receive,373579551,6592443
380172408,348,3,receive,373579720,6592688
380172800,312,9,receive,373579909,6592891
380173253,374,1,receive,373579869,6593384
380173720,654,1,receive,373580044,6593676
380174112,314,5,receive,373580059,6594053
380174505,660,1,receive,373581123,6593382
380174895,676,1,receive,373581305,6593590
380291011,498,5,receive,373581455,6709556
380291481,972,7,receive,373582048,6709433
380291999,690,2,receive,373582136,6709863
380292399,128,7,receive,373583338,6709061
380292808,656,2,receive,373554570,6738238
380293226,612,7,receive,373583542,6709684
380293629,270,2,receive,373584090,6709539
380294008,14,8,receive,373335093,6958915
380294434,400,8,receive,373586052,6708382
380406586,948,1,receive,373521118,6885468
380407047,880,1,receive,373533517,6873530
380407519,368,2,receive,373569498,6838021
380407937,312,10,receive,373587707,6820230
380408450,702,2,receive,373587874,6820576
380408874,556,2,receive,373588101,6820773
380409383,4,6,receive,373751895,6657488
380409846,436,9,receive,373783574,6626272
380410275,732,5,receive,373783715,6626560
380410662,508,9,receive,373784007,6626655
380411139,264,9,receive,373784405,6626734
380528371,44,6,receive,373363316,7165055
380528886,884,3,receive,373785427,6743459
380529296,490,5,receive,373610025,6919271
380529721,196,8,receive,373433240,7096481
380530134,208,4,receive,373705330,6824804
380530530,32,6,receive,373746079,6784451
380530991,92,4,receive,373915968,6615023
380531407,118,2,receive,373458458,7072949
380531808,852,6,receive,373896889,6634919
380532196,154,5,receive,373785428,6746768
380532645,634,12,receive,373626901,6905744
380647020,888,7,receive,373996574,6650446
380647796,236,3,receive,373962103,6685693
380648197,426,9,receive,373595588,7052609
380648683,170,4,receive,374017184,6631499
380649342,832,4,receive,374189471,6459871
380654695,130,10,receive,374428119,6226576
380655149,996,5,receive,374234964,6420185
380655544,58,8,receive,374202330,6453214
380763561,32,8,receive,374204476,6559085
380764046,22,4,receive,374242479,6521567
380764507,978,3,receive,374260170,6504337
380764964,52,9,receive,374227109,6537855
380765432,378,6,receive,374251691,6513741
380765888,958,6,receive,374235527,6530361
380766348,662,9,receive,374435456,6330892
380766815,1000,8,receive,374470196,6296619
380767290,876,5,receive,374473669,6293621
380767759,988,7,receive,374456968,6310791
380877984,908,5,receive,374450603,6427381
380878391,298,6,receive,374475730,6402661
380878783,276,4,receive,374442460,6436323
380879256,958,7,receive,374478344,6400912
380879668,30,7,receive,374751032,6128636
380880100,984,7,receive,374751757,6128343
380880495,796,7,receive,374723008,6157487
380880912,402,5,receive,374721985,6158927
380881327,120,8,receive,374748769,6132558
380881790,4,12,receive,374751218,6130572
380882195,980,7,receive,374734664,6147531
380992087,962,6,receive,374767634,6224453
380992522,872,5,receive,374749760,6242762
380993003,956,9,receive,375016672,5976331
380993418,642,7,receive,374967557,6025861
380993916,36,9,receive,374942069,6051847
380994337,970,9,receive,374995498,5998839
380994761,440,6,receive,374988429,6006332
380995210,232,6,receive,374839828,6155382
380995659,258,5,receive,374897242,6098417
380996101,844,9,receive,375005482,5990619
380996547,844,10,receive,375218096,5778451
381104659,972,17,receive,375015284,6089375
381105961,972,18,receive,375218762,5887199
381106558,970,10,receive,375244324,5862234
381107620,648,7,receive,375142028,5965592
381108483,268,15,receive,375240971,5867512
381108967,956,10,receive,375247727,5861240
381221198,70,15,receive,375299966,5921232
381221676,36,10,receive,375250045,5971631
381222087,142,8,receive,375273433,5948654
381222505,670,20,receive,375254198,5968307
381222963,900,10,receive,375254566,5968397
381223400,994,10,receive,375280081,5943319
381223824,924,13,receive,375487995,5735829
381224250,438,9,receive,375489100,5735150
381224676,656,15,receive,375417544,5807132
381225193,242,9,receive,375482078,5743115
381225654,232,8,receive,375484522,5741132
381321377,36,11,receive,375465376,5856001
381321808,156,11,receive,375454611,5867197
381322320,610,9,receive,375494095,5828225
381322735,176,9,receive,375451711,5871024
381323228,792,12,receive,375719663,5603565
381323736,110,14,receive,375760446,5563290
381324449,100,12,receive,375741058,5583391
381324992,376,10,receive,375753393,5571599
381325702,318,12,receive,375702259,5623443
381390985,70,17,receive,375749736,5641249
381391430,732,16,receive,375722522,5668908
381391883,160,13,receive,375733990,5657893
381392355,110,15,receive,375942900,5449455
381392778,206,14,receive,375726829,5665949
381393639,112,13,receive,375728463,5665176
381394227,118,12,receive,375996803,5397424
381435242,24,14,receive,375994415,5440827
381455493,844,14,receive,376002979,5452514
381456021,800,13,receive,376007365,5448656
381456828,672,13,receive,376009150,5447678
381458511,866,10,receive,375982790,5475721
381459199,764,13,receive,376009031,5450168
381526825,976,10,receive,375984809,5542016
381527253,132,13,receive,376007468,5519785
381527971,596,7,receive,376026766,5501205
381528447,804,24,receive,376047875,5480572
381528903,922,12,receive,376010860,5518043
381529304,60,11,receive,376240967,5288337
381529997,522,18,receive,376265679,5264318
381530501,682,19,receive,376274937,5255564
381530945,292,15,receive,376247835,5283110
381531386,382,17,receive,376298306,5233080
381531857,480,11,receive,376287330,5244527
381601462,306,14,receive,376245188,5356274
381601893,680,13,receive,376292958,5308935
381602494,520,17,receive,376295531,5306963
381602948,206,16,receive,376228073,5374875
381603474,222,11,receive,376167375,5436099
381604295,306,15,receive,376503402,5100893
381605351,354,18,receive,376499252,5106099
381606073,78,20,receive,376548615,5057458
381606523,184,17,receive,376493151,5113372
381673453,60,12,receive,376508719,5164734
381673909,818,17,receive,376523485,5150424
381674405,568,13,receive,376472170,5202235
381674839,170,15,receive,376530715,5144124
381675316,522,19,receive,376490006,5185310
381675716,560,14,receive,376517724,5157992
381676114,384,17,receive,376530532,5145582
381676515,286,17,receive,376772002,4904513
381676911,842,20,receive,376987649,4689262
381677399,474,13,receive,376762162,4915237
381677820,624,11,receive,376739914,4937906
381678235,190,16,receive,376774508,4903727
381678644,178,17,receive,376765025,4913619
381741701,544,18,receive,376770326,4971375
381742591,738,16,receive,376780213,4962378
381743089,572,18,receive,376785981,4957108
381743607,360,14,receive,376773667,4969940
381744023,62,19,receive,376807741,4936282
381744450,992,15,receive,376972214,4772236
381744888,674,17,receive,377006446,4738442
381745354,912,18,receive,377011760,4733594
381745794,916,15,receive,377053698,4692096
381805169,822,19,receive,377036015,4769154
381805600,380,15,receive,377027115,4778485
381806019,380,16,receive,377221715,4584304
381806493,304,17,receive,377008044,4798449
381806915,366,22,receive,377029247,4777668
381807332,470,17,receive,377005505,4801827
381808096,376,15,receive,376970103,4837993
381809429,530,17,receive,377241395,4568034
381884572,46,21,receive,377219571,4665001
381885063,728,19,receive,377269703,4615360
381885515,738,18,receive,377258623,4626892
381886033,782,16,receive,377270710,4615323
381886606,82,23,receive,377259206,4627400
381887051,842,22,receive,377240007,4647044
381887576,192,20,receive,377246017,4641559
381887986,782,17,receive,377447462,4440524
381888385,432,15,receive,377175304,4713081
381888877,976,15,receive,377229526,4659351
381962182,700,17,receive,377500810,4461372
381962920,660,23,receive,377521271,4441649
381963484,720,15,receive,377466980,4496504
381963876,424,22,receive,377520434,4443442
381964376,404,20,receive,377494338,4470038
381965198,204,22,receive,377518290,4446908
381965655,198,19,receive,377490289,4475366
381966310,984,19,receive,377487273,4479037
381967084,376,17,receive,377488044,4479040
382048111,22,23,receive,377473192,4574919
382048670,942,20,receive,377490589,4558081
382049183,402,18,receive,377754598,4294585
382049669,530,19,receive,377713664,4336005
382050095,296,27,receive,377769530,4280565
382050509,76,22,receive,377741977,4308532
382051758,928,24,receive,377768884,4282874
382052773,342,25,receive,377741331,4311442
382126829,102,21,receive,377713830,4412999
382127333,82,25,receive,377742076,4385257
382128234,336,13,receive,377664620,4463614
382128795,76,23,receive,377939940,4188855
382129381,736,20,receive,377739632,4389749
382129951,592,31,receive,378001960,4127991
382130490,84,26,receive,377998339,4132151
382130910,416,27,receive,378004557,4126353
382131325,202,25,receive,377986243,4145082
382131771,336,14,receive,377945377,4186394
382205671,290,20,receive,378013183,4192488
382206182,806,26,receive,378009587,4196595
382206616,624,18,receive,378021001,4185615
382207130,724,18,receive,377994389,4212741
382207567,174,20,receive,378021361,4186206
382208000,612,31,receive,377988184,4219816
382208441,482,21,receive,377981971,4226470
382208916,444,23,receive,378209349,3999567
382209375,980,21,receive,378205543,4003832
382209813,202,26,receive,378230302,3979511
382210322,880,20,receive,378222726,3987596
382276387,950,23,receive,378256244,4020143
382276850,860,23,receive,378251807,4025043
382277338,496,25,receive,378259756,4017582
382277771,692,25,receive,378235677,4042094
382278230,696,22,receive,378464057,3814173
382278720,748,26,receive,378454417,3824303
382279187,436,37,receive,378453846,3825341
382279605,16,24,receive,378451677,3827928
382280069,112,26,receive,378414716,3865353
382280564,340,25,receive,378452843,3827721
382280980,80,26,receive,378474545,3806435
382281399,280,23,receive,378419485,3861914
382281840,354,26,receive,378462179,3819661
382336211,826,23,receive,378454959,3881252
382336695,588,20,receive,378685366,3651329
