receive_timestamp,source_vehicle,message_id,event_type,send_timestamp,latency_us
262795158085,918,2,receive,262795049131,108954
262795158788,794,2,receive,262795023196,135592
262795159443,112,2,receive,262795056133,103310
262795164675,976,1,receive,262795073341,91334
262795165340,932,1,receive,262795063596,101744
262795165993,364,2,receive,262795067571,98422
262795250698,982,1,receive,262795079056,171642
262795251386,984,1,receive,262795081846,169540
262795252077,276,2,receive,262795039009,213068
262795252726,520,2,receive,262795005006,247720
262795316781,532,2,receive,262794950393,366388
262795317476,858,2,receive,262795060530,256946
262795318166,50,2,receive,262795070087,248079
262795318841,534,2,receive,262795001570,317271
262795319534,366,2,receive,262795001827,317707
262795416235,902,2,receive,262795074010,342225
262795416896,768,2,receive,262795088944,327952
262795417583,142,2,receive,262795092212,325371
262795418271,834,2,receive,262795077081,341190
262795418958,972,1,receive,262795096706,322252
262795507667,26,2,receive,262795026885,480782
262795508360,88,2,receive,262795033006,475354
262795509046,970,1,receive,262795098258,410788
262795509716,568,2,receive,262795021119,488597
262795582629,380,2,receive,262795017297,565332
262795583302,988,1,receive,262795103063,480239
262795583966,488,2,receive,262794998425,585541
262795608791,536,2,receive,262795056071,552720
262795609458,968,1,receive,262795108099,501359
262795686466,974,1,receive,262795108579,577887
262795687159,986,1,receive,262795109127,578032
262795687847,980,1,receive,262795113334,574513
262795688807,178,2,receive,262795086010,602797
262795689471,996,1,receive,262795116543,572928
262795782173,886,2,receive,262795051291,730882
262795782856,82,2,receive,262795037400,745456
262795783532,966,1,receive,262795122559,660973
262795784230,382,1,receive,262795125558,658672
262795784919,494,2,receive,262795094268,690651
262795860105,952,2,receive,262795130580,729525
262795860770,978,1,receive,262795121129,739641
262795861453,994,1,receive,262795136986,724467
262795862132,52,2,receive,262795086293,775839
262795862819,992,1,receive,262795141061,721758
262795963206,556,2,receive,262795067005,896201
262795963890,998,1,receive,262795151122,812768
262795964579,990,1,receive,262795143046,821533
262795965271,134,2,receive,262795112506,852765
262796051237,384,2,receive,262795049007,1002230
262796051904,120,2,receive,262795115113,936791
262796052569,42,2,receive,262794953452,1099117
262796053234,594,2,receive,262795128109,925125
262796053889,372,2,receive,262795117342,936547
262796054567,936,1,receive,262795163022,891545
262796162117,166,2,receive,262795160380,1001737
262796162796,274,2,receive,262795127683,1035113
262796163480,164,2,receive,262795098347,1065133
262796164167,354,3,receive,262795164104,1000063
262796164844,480,2,receive,262795083207,1081637
262796257215,64,2,receive,262795108346,1148869
262796257903,702,2,receive,262795104028,1153875
262796258593,790,2,receive,262795139013,1119580
262796259275,890,2,receive,262795181759,1077516
262796259948,848,2,receive,262795104007,1155941
262796350922,736,3,receive,262795155175,1195747
262796351607,772,2,receive,262795183574,1168033
262796352289,234,2,receive,262794962090,1390199
262796352951,150,2,receive,262795192006,1160945
262796353607,810,2,receive,262795172580,1181027
262796470569,428,2,receive,262795178010,1292559
262796471230,842,2,receive,262795157008,1314222
262796471890,538,2,receive,262795169780,1302110
262796472577,870,2,receive,262795191036,1281541
262796473261,122,2,receive,262795151020,1322241
262796473948,866,2,receive,262795217068,1256880
262796602961,244,2,receive,262795151315,1451646
262796603634,144,1,receive,262795217066,1386568
262796604302,948,2,receive,262795219572,1384730
262796604946,46,2,receive,262795174774,1430172
262796605602,60,2,receive,262795028316,1577286
262796715078,938,2,receive,262795200017,1515061
262796715740,880,2,receive,262795130518,1585222
262796716387,86,2,receive,262795156011,1560376
262796717048,722,2,receive,262795202016,1515032
262796717729,184,2,receive,262795188876,1528853
262796824543,1000,1,receive,262795235958,1588585
262796825225,778,2,receive,262795225615,1599610
262796825884,358,3,receive,262795158156,1667728
262796826552,14,2,receive,262795227167,1599385
262796827199,854,2,receive,262795025945,1801254
262796827849,62,2,receive,262795198065,1629784
262796933712,874,2,receive,262795207780,1725932
262796934407,128,2,receive,262795211230,1723177
262796935093,348,2,receive,262795126019,1809074
262796935773,236,2,receive,262795176062,1759711
262796936417,698,2,receive,262795182874,1753543
262797044395,976,2,receive,262795242365,1802030
262797045073,542,2,receive,262795202559,1842514
262797045758,34,2,receive,262795224006,1821752
262797060556,896,2,receive,262795262010,1798546
262797086861,198,2,receive,262795175713,1911148
262797125777,6,2,receive,262795222621,1903156
262797126456,754,2,receive,262795279349,1847107
262797137261,720,2,receive,262795182834,1954427
262797137943,186,2,receive,262795255131,1882812
262797138609,682,2,receive,262795174077,1964532
262797227879,76,2,receive,262795242141,1985738
262797228577,954,2,receive,262795186367,2042210
262797229262,80,2,receive,262795265363,1963899
262797229944,168,2,receive,262795223810,2006134
262797230607,586,3,receive,262795298077,1932530
262797327353,840,2,receive,262795288011,2039342
262797328020,262,3,receive,262795303009,2025011
262797328701,958,2,receive,262795271506,2057195
262797329387,618,2,receive,262795192141,2137246
262797424825,590,2,receive,262795291956,2132869
262797425504,508,3,receive,262795299362,2126142
262797440339,670,2,receive,262795315688,2124651
262797444496,940,2,receive,262795298578,2145918
262797445188,580,3,receive,262795239149,2206039
262797445874,442,3,receive,262795317101,2128773
262797563574,222,2,receive,262795262006,2301568
262797564260,116,2,receive,262795283474,2280786
262797566489,704,2,receive,262795281568,2284921
262797567184,202,2,receive,262795211565,2355619
262797567855,230,2,receive,262795316860,2250995
262797675627,88,3,receive,262795262006,2413621
262797676318,54,2,receive,262795312072,2364246
262797677005,24,2,receive,262795265106,2411899
262797677683,356,2,receive,262795334689,2342994
262797678341,994,2,receive,262795279482,2398859
262797800237,972,2,receive,262795335015,2465222
262797800887,932,2,receive,262795362451,2438436
262797801563,716,2,receive,262795286512,2515051
262797832041,978,2,receive,262795291139,2540902
262797856021,480,3,receive,262795365448,2490573
262797900571,876,2,receive,262795299282,2601289
262797901219,224,1,receive,262795360803,2540416
262797901875,674,2,receive,262795319006,2582869
262797902535,806,2,receive,262795326007,2576528
262798009632,532,3,receive,262795382857,2626775
262798010317,910,2,receive,262795350269,2660048
262798011004,162,3,receive,262795324648,2686356
262798011682,526,2,receive,262795297210,2714472
262798012366,50,3,receive,262795387475,2624891
262798129377,26,3,receive,262795375402,2753975
262798130065,352,2,receive,262795333283,2796782
262798130719,956,2,receive,262795347798,2782921
262798131382,112,3,receive,262795227563,2903819
262798175034,794,3,receive,262795349072,2825962
262798227542,610,2,receive,262795387010,2840532
262798228244,354,4,receive,262795405501,2822743
262798228924,110,3,receive,262795414267,2814657
262798229592,632,2,receive,262795398098,2831494
262798285745,344,2,receive,262795348014,2937731
262798349853,862,2,receive,262795319006,3030847
262798350537,638,2,receive,262795420640,2929897
262798351231,234,3,receive,262795361017,2990214
262798351909,422,3,receive,262795381926,2969983
262798352593,118,2,receive,262795369010,2983583
262798460579,134,3,receive,262795436763,3023816
262798461260,538,3,receive,262795418007,3043253
262798461935,640,1,receive,262795446205,3015730
262798462618,2,2,receive,262795380007,3082611
262798463302,432,3,receive,262795371008,3092294
262798577768,244,3,receive,262795375374,3202394
262798578438,852,2,receive,262795397064,3181374
262798579137,92,2,receive,262795439214,3139923
262798579823,986,2,receive,262795352838,3226985
262798695037,612,2,receive,262795466222,3228815
262798695722,126,2,receive,262795386102,3309620
262798696393,908,2,receive,262795423009,3273384
262798697051,814,2,receive,262795399084,3297967
262798697703,706,2,receive,262795460020,3237683
262798795593,760,2,receive,262795479730,3315863
262798796267,278,2,receive,262795462010,3334257
262798796946,628,3,receive,262795470139,3326807
262798797605,556,3,receive,262795491005,3306600
262798798265,384,3,receive,262795398006,3400259
262798798922,826,2,receive,262795477450,3321472
262798898507,106,2,receive,262795409827,3488680
262798907498,218,2,receive,262795411014,3496484
262798944134,10,2,receive,262795422099,3522035
262798964575,950,2,receive,262795386486,3578089
262799012079,604,1,receive,262795499076,3513003
262799012758,388,2,receive,262795468008,3544750
262799013441,962,2,receive,262795437072,3576369
262799014123,724,2,receive,262795499152,3514971
262799104037,758,3,receive,262795409919,3694118
262799104724,964,2,receive,262795447010,3657714
262799118543,42,3,receive,262795494475,3624068
262799145027,34,3,receive,262795412512,3732515
262799158340,6,3,receive,262795493676,3664664
262799224562,586,4,receive,262795480620,3743942
262799225246,184,3,receive,262795507964,3717282
262799225926,392,2,receive,262795450629,3775297
262799253538,138,2,receive,262795500064,3753474
262799335039,930,2,receive,262795446115,3888924
262799335700,824,2,receive,262795491367,3844333
262799336365,804,2,receive,262795484006,3852359
262799337052,816,2,receive,262795419597,3917455
262799380348,420,2,receive,262795508505,3871843
262799452175,708,2,receive,262795531189,3920986
262799452845,382,2,receive,262795487989,3964856
262799453509,912,2,receive,262795505242,3948267
262799454181,206,2,receive,262795518078,3936103
262799454840,76,3,receive,262795473568,3981272
262799579629,838,3,receive,262795469159,4110470
262799580297,108,2,receive,262795532031,4048266
262799580938,166,3,receive,262795479005,4101933
262799581612,952,3,receive,262795453290,4128322
262799582294,896,3,receive,262795494009,4088285
262799582974,916,2,receive,262795457417,4125557
262799690639,224,2,receive,262795489819,4200820
262799691299,846,2,receive,262795479006,4212293
262799691955,494,3,receive,262795505525,4186430
262799692636,578,2,receive,262795561339,4131297
262799693319,450,2,receive,262795572557,4120762
262799799573,348,3,receive,262795493735,4305838
262799800266,864,2,receive,262795516693,4283573
262799800932,40,2,receive,262795483259,4317673
262799832610,86,3,receive,262795557225,4275385
262799902345,476,1,receive,262795572060,4330285
262799903037,738,2,receive,262795521983,4381054
262799903719,142,3,receive,262795486529,4417190
262799904390,788,2,receive,262795559530,4344860
262799905050,466,2,receive,262795548393,4356657
262799905727,850,2,receive,262795502006,4403721
262800001365,958,3,receive,262795573518,4427847
262800002028,372,3,receive,262795553842,4448186
262800002708,678,2,receive,262795537007,4465701
262800003396,208,2,receive,262795566356,4437040
262800090927,352,3,receive,262795559887,4531040
262800091606,22,2,receive,262795555186,4536420
262800092290,744,2,receive,262795541610,4550680
262800092980,928,2,receive,262795576207,4516773
262800093666,12,3,receive,262795520504,4573162
262800186363,968,2,receive,262795525987,4660376
262800187012,358,4,receive,262795483103,4703909
262800187670,934,2,receive,262795578622,4609048
262800210405,132,3,receive,262795587556,4622849
262800283521,588,2,receive,262795586010,4697511
262800284186,398,2,receive,262795615009,4669177
262800284844,734,2,receive,262795601499,4683345
262800293204,116,3,receive,262795488851,4804353
262800293876,596,2,receive,262795570092,4723784
262800294552,890,3,receive,262795572281,4722271
262800391742,290,1,receive,262795626425,4765317
262800392350,730,2,receive,262795545268,4847082
262800392940,820,3,receive,262795632840,4760100
262800393544,80,3,receive,262795588010,4805534
262800394157,888,3,receive,262795578104,4816053
262800484762,186,3,receive,262795601564,4883198
262800485434,482,2,receive,262795523779,4961655
262800486095,38,2,receive,262795524005,4962090
262800486773,472,2,receive,262795638005,4848768
262800535308,682,3,receive,262795595246,4940062
262800535967,844,2,receive,262795642562,4893405
262800629015,630,2,receive,262795569010,5060005
262800629687,906,2,receive,262795638137,4991550
262800630375,134,4,receive,262795608010,5022365
262800631055,226,2,receive,262795638811,4992244
262800631707,582,2,receive,262795620067,5011640
262800723998,818,2,receive,262795633105,5090893
262800724660,894,2,receive,262795629083,5095577
262800725355,168,3,receive,262795657536,5067819
262800726036,782,2,receive,262795595033,5131003
262800726712,18,2,receive,262795554865,5171847
262800816842,736,4,receive,262795650081,5166761
262800817501,938,3,receive,262795560006,5257495
262800818164,802,2,receive,262795544016,5274148
262800818847,812,2,receive,262795552158,5266689
262800819528,914,2,receive,262795515185,5304343
262800906902,74,3,receive,262795547996,5358906
262800907587,364,3,receive,262795585828,5321759
262800908260,140,2,receive,262795631081,5277179
262800916988,98,3,receive,262795668205,5248783
262800934722,590,3,receive,262795642006,5292716
262800982891,532,4,receive,262795673062,5309829
262800983567,150,3,receive,262795618193,5365374
262800990840,732,2,receive,262795691449,5299391
262800991517,824,3,receive,262795692714,5298803
262801071028,96,2,receive,262795614422,5456606
262801071716,28,2,receive,262795611132,5460584
262801072446,726,2,receive,262795581494,5490952
262801073129,380,3,receive,262795602080,5471049
262801073771,366,3,receive,262795617548,5456223
262801074423,72,2,receive,262795661006,5413417
262801170223,984,2,receive,262795703009,5467214
262801170875,670,3,receive,262795667006,5503869
262801171535,810,3,receive,262795705012,5466523
262801172213,842,3,receive,262795695142,5477071
262801198634,638,3,receive,262795673010,5525624
262801251998,932,3,receive,262795651223,5600775
262801252660,102,2,receive,262795709011,5543649
262801253339,376,2,receive,262795701163,5552176
262801253993,620,2,receive,262795558682,5695311
262801254677,30,2,receive,262795671254,5583423
262801346389,792,2,receive,262795707007,5639382
262801347068,680,2,receive,262795697262,5649806
262801347685,278,3,receive,262795696717,5650968
262801348344,918,3,receive,262795691008,5657336
262801349006,688,2,receive,262795659837,5689169
262801349663,838,4,receive,262795683311,5666352
262801444876,704,3,receive,262795704197,5740679
262801445535,70,2,receive,262795690430,5755105
262801446197,634,2,receive,262795669063,5777134
262801446877,988,2,receive,262795775093,5671784
262801447562,868,2,receive,262795779233,5668329
262801531849,454,2,receive,262795732077,5799772
262801532505,86,4,receive,262795886361,5646144
262801533157,950,3,receive,262795823548,5709609
262801533811,288,1,receive,262795894335,5639476
262801534474,858,3,receive,262795835454,5699020
262801609715,488,3,receive,262795880005,5729710
262801610373,600,2,receive,262795936010,5674363
262801611059,620,3,receive,262795913007,5698052
262801611721,860,2,receive,262795916626,5695095
262801612377,168,4,receive,262795957109,5655268
262801697123,14,3,receive,262795916384,5780739
262801697813,578,4,receive,262796063738,5634075
262801698504,968,3,receive,262796050006,5648498
262801717611,164,3,receive,262795960163,5757448
262801718286,704,4,receive,262796049339,5668947
262801776689,848,3,receive,262796018840,5757849
262801777351,722,3,receive,262796110546,5666805
262801778011,894,3,receive,262796077084,5700927
262801793324,232,1,receive,262796162729,5630595
262801846944,464,3,receive,262796124007,5722937
262801847624,990,2,receive,262796099762,5747862
262801848294,390,2,receive,262796236387,5611907
262801848968,344,3,receive,262796207008,5641960
262801849649,444,3,receive,262796204535,5645114
262801908976,80,5,receive,262796169622,5739354
262801909638,812,3,receive,262796199771,5709867
262801910290,454,3,receive,262796282597,5627693
262801910859,120,5,receive,262796308006,5602853
262801911473,156,3,receive,262796275034,5636439
262801995564,124,4,receive,262796246285,5749279
262801996253,908,3,receive,262796315849,5680404
262801996937,972,3,receive,262796397626,5599311
262801997622,104,3,receive,262796458910,5538712
262801998301,348,5,receive,262796461860,5536441
262802086028,382,3,receive,262796465767,5620261
262802086725,674,3,receive,262796435629,5651096
262802087400,926,3,receive,262796490316,5597084
262802088062,906,4,receive,262796537288,5550774
262802088695,124,5,receive,262796594579,5494116
262802089365,816,4,receive,262796566553,5522812
262802188331,596,5,receive,262796604877,5583454
262802188999,120,6,receive,262796524005,5664994
262802189678,716,4,receive,262796566203,5623475
262802190332,722,4,receive,262796722616,5467716
262802190976,682,4,receive,262796646088,5544888
262802191640,366,5,receive,262796727008,5464632
262802275786,902,4,receive,262796653151,5622635
262802276547,818,5,receive,262796810010,5466537
262802277215,740,3,receive,262796776079,5501136
262802277874,880,5,receive,262796828144,5449730
262802278541,812,4,receive,262796783285,5495256
262802354709,614,4,receive,262796777376,5577333
262802355380,16,4,receive,262796803152,5552228
262802356041,152,3,receive,262796888726,5467315
262802376513,840,5,receive,262796921017,5455496
262802399025,992,3,receive,262796876220,5522805
262802444206,34,7,receive,262796841723,5602483
262802444899,80,7,receive,262796820009,5624890
262802445574,952,7,receive,262796943017,5502557
262802446260,142,5,receive,262796959329,5486931
262802446945,442,5,receive,262797023174,5423771
262802522283,124,6,receive,262797031979,5490304
262802522953,236,4,receive,262797041480,5481473
262802523622,444,4,receive,262797120512,5403110
262802524287,132,5,receive,262797048006,5476281
262802524947,732,4,receive,262796895761,5629186
262802525604,110,7,receive,262797126356,5399248
262802618067,830,5,receive,262797138006,5480061
262802618729,378,4,receive,262797200006,5418723
262802619397,580,5,receive,262797021206,5598191
262802620062,802,4,receive,262797174449,5445613
262802643478,384,6,receive,262797197282,5446196
262802704179,900,6,receive,262797203011,5501168
262802704834,344,5,receive,262797288010,5416824
262802705490,698,5,receive,262797313015,5392475
262802706135,136,4,receive,262797342005,5364130
262802706694,716,5,receive,262797315088,5391606
262802756794,680,4,receive,262797388952,5367842
262802757439,526,5,receive,262797263742,5493697
262802758106,812,5,receive,262797222137,5535969
262802758764,948,5,receive,262797409772,5348992
262802759423,226,4,receive,262797386602,5372821
262802824448,658,1,receive,262797456086,5368362
262802825138,62,5,receive,262797513909,5311229
262802825793,828,4,receive,262797550237,5275556
262802844999,280,5,receive,262797553579,5291420
262802845665,206,6,receive,262797485065,5360600
262802897877,78,9,receive,262797569596,5328281
262802898541,46,5,receive,262797558805,5339736
262802899202,552,5,receive,262797443006,5456196
262802899888,1000,5,receive,262797681146,5218742
262802900578,814,6,receive,262797675006,5225572
262802965336,590,7,receive,262797570327,5395009
262802965999,820,6,receive,262797682010,5283989
262802966643,896,6,receive,262797743180,5223463
262802967311,848,6,receive,262797785539,5181772
262802984274,990,5,receive,262797831367,5152907
262803025099,520,7,receive,262797853435,5171664
262803025767,638,6,receive,262797904012,5121755
262803026430,290,6,receive,262797793356,5233074
262803027083,178,6,receive,262797904640,5122443
262803027742,12,6,receive,262797864006,5163736
