receive_timestamp,source_vehicle,message_id,event_type,send_timestamp,latency_us
373615071,634,1,receive,373308105,306966
373615513,408,1,receive,373308867,306646
373615926,870,1,receive,373309486,306440
373616351,210,1,receive,373310039,306312
373616767,26,4,receive,373245006,371761
373617181,114,4,receive,373311673,305508
373617593,64,3,receive,373282318,335275
373618004,30,1,receive,373312619,305385
373618425,196,4,receive,373313394,305031
373618838,408,2,receive,373314436,304402
373873523,974,2,receive,373314787,558736
373873964,140,2,receive,373316070,557894
373874410,104,4,receive,373316474,557936
373874874,184,4,receive,373316662,558212
373875331,166,1,receive,373316885,558446
373875871,128,4,receive,373317077,558794
373876319,790,1,receive,373318464,557855
373876858,50,1,receive,373318434,558424
373877428,798,1,receive,373318566,558862
373877927,196,5,receive,373318774,559153
374129312,54,1,receive,373318997,810315
374129782,18,2,receive,373320016,809766
374130236,202,3,receive,373294291,835945
374130679,80,1,receive,373322157,808522
374131137,86,3,receive,373322441,808696
374131579,400,1,receive,373323456,808123
374132022,122,1,receive,373296841,835181
374132453,158,1,receive,373304081,828372
374132918,230,2,receive,373326675,806243
374133345,320,2,receive,373327062,806283
374369948,98,3,receive,373323391,1046557
374370425,384,2,receive,373330017,1040408
374370883,252,1,receive,373331018,1039865
374371326,634,2,receive,373331441,1039885
374371800,632,1,receive,373332263,1039537
374372256,118,1,receive,373332253,1040003
374372711,6,4,receive,373278304,1094407
374373165,90,3,receive,373332855,1040310
374373631,818,1,receive,373332891,1040740
374374108,90,4,receive,373333221,1040887
374623298,400,2,receive,373333307,1289991
374623767,44,5,receive,373273715,1350052
374624218,150,3,receive,373334297,1289921
374624665,154,2,receive,373334689,1289976
374625108,486,2,receive,373334774,1290334
374625556,758,1,receive,373334743,1290813
374626054,182,3,receive,373296292,1329762
374626515,206,2,receive,373335639,1290876
374626963,972,1,receive,373336349,1290614
374627409,798,2,receive,373336605,1290804
374902385,152,4,receive,373321810,1580575
374902862,728,1,receive,373337175,1565687
374903315,58,4,receive,373280331,1622984
374903770,670,1,receive,373337448,1566322
374904245,132,1,receive,373337427,1566818
374904703,766,1,receive,373337608,1567095
374905162,84,3,receive,373324172,1580990
374905617,312,1,receive,373339142,1566475
374906091,312,2,receive,373339616,1566475
374906546,100,1,receive,373257727,1648819
374907053,96,3,receive,373340772,1566281
375134590,188,2,receive,373340656,1793934
375135059,274,1,receive,373342284,1792775
375135515,204,1,receive,373342449,1793066
375135979,426,2,receive,373343822,1792157
375136443,18,3,receive,373343300,1793143
375136903,408,3,receive,373344177,1792726
375137367,338,1,receive,373344313,1793054
375137831,12,5,receive,373315677,1822154
375138377,138,1,receive,373345262,1793115
375138861,626,1,receive,373345494,1793367
375373400,110,3,receive,373345744,2027656
375373864,590,5,receive,373345797,2028067
375374307,782,1,receive,373346124,2028183
375374770,160,3,receive,373346421,2028349
375375356,290,1,receive,373311159,2064197
375375772,964,1,receive,373346825,2028947
375376252,96,4,receive,373346856,2029396
375376707,432,2,receive,373347684,2029023
375377171,670,2,receive,373349026,2028145
375377643,632,2,receive,373350024,2027619
375607235,106,3,receive,373351343,2255892
375607705,708,1,receive,373351772,2255933
375608156,158,2,receive,373351916,2256240
375608664,150,4,receive,373352784,2255880
375609116,284,1,receive,373353815,2255301
375609572,70,5,receive,373288342,2321230
375610040,868,2,receive,373354805,2255235
375610527,426,3,receive,373354781,2255746
375610990,730,1,receive,373355393,2255597
375611452,206,3,receive,373355353,2256099
375846533,1000,1,receive,373355649,2490884
375847014,382,1,receive,373356097,2490917
375847498,320,3,receive,373357048,2490450
375847957,80,2,receive,373357455,2490502
375848427,36,2,receive,373357977,2490450
375848901,56,3,receive,373241375,2607526
375849389,490,1,receive,373358269,2491120
375850042,400,3,receive,373358854,2491188
375850548,554,1,receive,373359320,2491228
376075282,598,1,receive,373359649,2715633
376075793,104,5,receive,373360476,2715317
376076263,212,1,receive,373360429,2715834
376076735,818,2,receive,373360893,2715842
376077282,128,5,receive,373361359,2715923
376077749,190,1,receive,373362713,2715036
376078236,764,1,receive,373362713,2715523
376078708,210,2,receive,373363083,2715625
376079171,230,3,receive,373364522,2714649
376298854,778,4,receive,373364429,2934425
376299338,592,1,receive,373364608,2934730
376299822,488,1,receive,373367149,2932673
376300307,426,4,receive,373367583,2932724
376300796,332,1,receive,373367726,2933070
376301268,354,1,receive,373368455,2932813
376301737,582,1,receive,373368957,2932780
376302219,114,5,receive,373368894,2933325
376302684,86,4,receive,373369044,2933640
376303164,640,1,receive,373369448,2933716
376541825,166,2,receive,373358761,3183064
376542290,300,1,receive,373370044,3172246
376542749,192,1,receive,373370182,3172567
376543236,712,1,receive,373370313,3172923
376543700,486,3,receive,373371338,3172362
376544178,130,3,receive,373309045,3235133
376544658,524,1,receive,373374149,3170509
376545125,130,4,receive,373373933,3171192
376545591,530,1,receive,373374600,3170991
376546056,436,1,receive,373374829,3171227
376785244,130,5,receive,373375029,3410215
376785662,636,2,receive,373376013,3409649
376786061,90,5,receive,373376866,3409195
376786550,508,1,receive,373376887,3409663
376787084,130,6,receive,373376476,3410608
376787494,972,2,receive,373377276,3410218
376787909,426,5,receive,373377644,3410265
376788317,634,3,receive,373378345,3409972
376788729,918,1,receive,373378463,3410266
376789206,618,1,receive,373379066,3410140
376789614,166,3,receive,373380013,3409601
377017140,112,2,receive,373285041,3732099
377017594,8,5,receive,373278178,3739416
377018052,868,3,receive,373382063,3635989
377018517,196,6,receive,373381922,3636595
377018973,90,6,receive,373382316,3636657
377019466,400,4,receive,373382781,3636685
377019920,432,3,receive,373383008,3636912
377020377,340,1,receive,373296934,3723443
377020808,486,4,receive,373383975,3636833
377226200,126,2,receive,373305048,3921152
377226659,222,1,receive,373375932,3850727
377227188,316,1,receive,373386209,3840979
377227660,486,5,receive,373386787,3840873
377228126,730,2,receive,373387278,3840848
377228576,2,5,receive,373273391,3955185
377229042,154,3,receive,373388709,3840333
377229494,734,1,receive,373389539,3839955
377229942,444,1,receive,373334200,3895742
377439220,436,2,receive,373390018,4049202
377439666,638,1,receive,373371725,4067941
377440115,492,2,receive,373390020,4050095
377440566,366,1,receive,373390145,4050421
377441021,618,2,receive,373390437,4050584
377441486,62,4,receive,373250337,4191149
377441939,774,1,receive,373390624,4051315
377442394,756,1,receive,373390885,4051509
377442867,554,2,receive,373391272,4051595
377651407,196,7,receive,373391318,4260089
377651888,678,1,receive,373391717,4260171
377652355,964,2,receive,373391772,4260583
377652829,724,1,receive,373392160,4260669
377653285,64,4,receive,373354344,4298941
377653739,488,2,receive,373393759,4259980
377654227,798,3,receive,373393968,4260259
377654665,320,4,receive,373394395,4260270
377655134,222,2,receive,373395466,4259668
377655573,778,5,receive,373395541,4260032
377888042,778,6,receive,373395881,4492161
377888493,32,3,receive,373285087,4603406
377888885,206,4,receive,373396720,4492165
377889275,336,1,receive,373396941,4492334
377889732,2,6,receive,373393761,4495971
377890152,766,2,receive,373397603,4492549
377890607,352,1,receive,373355333,4535274
377891078,164,2,receive,373287511,4603567
377891585,434,1,receive,373398867,4492718
377892039,804,1,receive,373398932,4493107
378114649,456,2,receive,373399942,4714707
378115089,612,2,receive,373391742,4723347
378115561,858,1,receive,373343766,4771795
378115980,150,5,receive,373400589,4715391
378116373,330,1,receive,373400981,4715392
378116808,560,1,receive,373401198,4715610
378117262,204,2,receive,373401651,4715611
378117650,564,1,receive,373401672,4715978
378118040,222,3,receive,373402437,4715603
378118495,778,7,receive,373402673,4715822
378118929,230,4,receive,373403215,4715714
378329366,586,1,receive,373403229,4926137
378329836,670,3,receive,373403888,4925948
378330373,982,1,receive,373404064,4926309
378330823,592,2,receive,373404299,4926524
378331252,554,3,receive,373404704,4926548
378331684,994,1,receive,373404655,4927029
378332131,634,4,receive,373405133,4926998
378332617,634,5,receive,373405599,4927018
378333071,426,6,receive,373405950,4927121
378333544,964,3,receive,373407361,4926183
378544989,316,2,receive,373407547,5137442
378545457,844,1,receive,373407892,5137565
378545943,586,2,receive,373408806,5137137
378546386,566,1,receive,373360373,5186013
378546816,482,1,receive,373410119,5136697
378547378,370,1,receive,373410438,5136940
378547835,836,1,receive,373411253,5136582
378548302,836,2,receive,373411872,5136430
378548782,54,2,receive,373411868,5136914
378549269,150,6,receive,373412059,5137210
378769604,252,2,receive,373415349,5354255
378770089,312,3,receive,373415998,5354091
378770538,448,2,receive,373327134,5443404
378770988,238,1,receive,373416159,5354829
378771431,312,4,receive,373416340,5355091
378771878,396,1,receive,373416732,5355146
378772338,868,4,receive,373416750,5355588
378772797,640,2,receive,373417199,5355598
378773248,318,1,receive,373417412,5355836
378773707,746,1,receive,373420030,5353677
378997600,530,2,receive,373420076,5577524
378998012,192,2,receive,373420126,5577886
378998409,810,1,receive,373420516,5577893
378998799,502,1,receive,373422960,5575839
378999203,888,1,receive,373423157,5576046
378999688,892,1,receive,373424788,5574900
379000103,896,1,receive,373425194,5574909
379000499,244,1,receive,373425208,5575291
379000970,924,1,receive,373425571,5575399
379001623,82,3,receive,373387972,5613651
379192041,964,4,receive,373427070,5764971
379192463,300,2,receive,373427165,5765298
379192860,492,3,receive,373427954,5764906
379193255,166,4,receive,373430014,5763241
379193701,332,2,receive,373417168,5776533
379194123,428,1,receive,373430101,5764022
379194516,792,1,receive,373430663,5763853
379194915,450,1,receive,373431662,5763253
379196070,582,2,receive,373432544,5763526
379371273,506,1,receive,373432861,5938412
379371654,538,1,receive,373433495,5938159
379372045,478,1,receive,373433985,5938060
379372486,230,5,receive,373434750,5937736
379372855,498,1,receive,373436296,5936559
379373313,964,5,receive,373438204,5935109
379373696,166,5,receive,373438419,5935277
379374094,300,3,receive,373438927,5935167
379374491,224,1,receive,373439255,5935236
379374893,124,1,receive,373430406,5944487
379375311,486,6,receive,373440016,5935295
379375674,860,1,receive,373336252,6039422
379536052,136,1,receive,373374011,6162041
379536468,258,1,receive,373440131,6096337
379536922,788,1,receive,373440383,6096539
379537311,584,1,receive,373440677,6096634
379537745,860,2,receive,373442319,6095426
379538226,972,3,receive,373442573,6095653
379538625,352,2,receive,373443173,6095452
379539062,598,2,receive,373443786,6095276
379539506,312,5,receive,373444006,6095500
379540036,612,3,receive,373444252,6095784
379540471,868,5,receive,373446264,6094207
379699444,150,7,receive,373447583,6251861
379699930,730,3,receive,373448020,6251910
379700422,964,6,receive,373450038,6250384
379700994,358,1,receive,373450130,6250864
379701599,364,1,receive,373450269,6251330
379702083,430,1,receive,373450892,6251191
379702549,240,1,receive,373451132,6251417
379703017,312,6,receive,373451246,6251771
379703445,656,1,receive,373452049,6251396
379854466,284,2,receive,373428397,6426069
379854949,696,1,receive,373453421,6401528
379855398,362,1,receive,373453682,6401716
379855845,320,5,receive,373453829,6402016
379856288,252,3,receive,373455163,6401125
379856746,274,2,receive,373407508,6449238
379857184,338,2,receive,373455536,6401648
379857632,510,1,receive,373456262,6401370
379858100,730,4,receive,373457374,6400726
379858581,868,6,receive,373457618,6400963
379997573,420,1,receive,373457777,6539796
379998036,456,3,receive,373458002,6540034
379998494,240,2,receive,373458406,6540088
379998953,228,1,receive,373458664,6540289
379999436,404,1,receive,373458775,6540661
379999906,766,3,receive,373459094,6540812
380000385,606,1,receive,373459342,6541043
380000842,356,1,receive,373459582,6541260
380001308,908,1,receive,373460048,6541260
380149078,304,1,receive,373460382,6688696
380149542,236,1,receive,373460929,6688613
380150057,178,1,receive,373391181,6758876
380150517,500,1,receive,373461772,6688745
380150975,598,3,receive,373462312,6688663
380151430,616,1,receive,373463550,6687880
380151911,334,1,receive,373464651,6687260
380152373,360,1,receive,373465058,6687315
380152831,634,6,receive,373465210,6687621
380284370,252,4,receive,373467636,6816734
380284835,274,3,receive,373467950,6816885
380285342,282,1,receive,373468146,6817196
380285826,456,4,receive,373468388,6817438
380286306,408,7,receive,373619080,6667226
380286795,574,4,receive,373619436,6667359
380287274,66,7,receive,373277839,7009435
380287759,822,1,receive,373619582,6668177
380288363,540,4,receive,373620011,6668352
380412916,274,8,receive,373620172,6792744
380413375,374,3,receive,373620384,6792991
380413855,804,7,receive,373620537,6793318
380414379,946,4,receive,373622074,6792305
380414853,266,3,receive,373622696,6792157
380415566,394,4,receive,373872959,6542607
380416521,216,1,receive,373433119,6983402
380521439,372,5,receive,373734740,6786699
380522224,636,5,receive,373874513,6647711
380523320,842,5,receive,373762586,6760734
380524283,202,6,receive,373827558,6696725
380525199,184,5,receive,373345697,7179502
380650880,782,4,receive,373801285,6849595
380651341,594,8,receive,373878134,6773207
380651790,926,6,receive,373773658,6878132
380652230,78,7,receive,374129040,6523190
380652662,820,2,receive,373906729,6745933
380653110,748,4,receive,373951811,6701299
380653613,174,2,receive,373924634,6728979
380654218,488,10,receive,373947720,6706498
380654676,852,7,receive,373948686,6705990
380757286,564,9,receive,373938222,6819064
380757765,946,7,receive,373752854,7004911
380758192,622,1,receive,374132537,6625655
380758609,540,7,receive,373915987,6842622
380759027,852,8,receive,374133725,6625302
380759538,912,6,receive,374128315,6631223
380760698,162,5,receive,374126324,6634374
380761484,638,3,receive,374115713,6645771
380761897,930,4,receive,374170990,6590907
380869457,682,10,receive,374148039,6721418
380870389,394,6,receive,374157892,6712497
380871004,568,3,receive,374153003,6718001
380871472,78,9,receive,374373643,6497829
380871935,74,8,receive,374175316,6696619
380872393,748,5,receive,374163172,6709221
380872865,498,13,receive,374450063,6422802
380873334,162,6,receive,374420252,6453082
380977095,394,7,receive,374382476,6594619
380977595,856,5,receive,374399650,6577945
380978097,878,10,receive,374479387,6498710
380979231,878,11,receive,374628125,6351106
380979723,418,13,receive,374376828,6602895
380980213,890,4,receive,374211042,6769171
380980751,826,5,receive,374420389,6560362
380981316,314,15,receive,374422791,6558525
381092681,22,6,receive,374704767,6387914
381093178,758,8,receive,374902794,6190384
381093925,594,13,receive,374903366,6190559
381094495,178,7,receive,374731044,6363451
381095001,496,11,receive,374664400,6430601
381095461,568,6,receive,374670424,6425037
381095937,282,9,receive,374715476,6380461
381096416,214,6,receive,374660993,6435423
381096904,542,5,receive,374640862,6456042
381213422,744,15,receive,374653562,6559860
381213904,614,4,receive,374685103,6528801
381214392,396,7,receive,374873654,6340738
381215142,952,6,receive,374937046,6278096
381215615,298,8,receive,374937414,6278201
381216090,204,9,receive,374936568,6279522
381216585,786,8,receive,374940666,6275919
381217075,90,13,receive,374938334,6278741
381217553,758,9,receive,374941735,6275818
381316292,192,10,receive,374912723,6403569
381316793,786,9,receive,375138299,6178494
