receive_timestamp,source_vehicle,message_id,event_type,send_timestamp,latency_us
262794787978,712,1,receive,262794765916,22062
262794788759,606,1,receive,262794767049,21710
262794801833,594,1,receive,262794771037,30796
262794802460,62,1,receive,262794771460,31000
262794803016,236,1,receive,262794669024,133992
262794803583,356,1,receive,262794775038,28545
262794906661,724,1,receive,262794775084,131577
262794907244,722,1,receive,262794775712,131532
262794907745,788,1,receive,262794776734,131011
262794908333,638,1,receive,262794777049,131284
262794908931,466,1,receive,262794779063,129868
262794909538,754,1,receive,262794779855,129683
262795027539,744,1,receive,262794782098,245441
262795028181,718,1,receive,262794784101,244080
262795028822,58,1,receive,262794634580,394242
262795040467,852,1,receive,262794785938,254529
262795041082,842,1,receive,262794787098,253984
262795041685,140,1,receive,262794705034,336651
262795125672,874,1,receive,262794790712,334960
262795126330,608,1,receive,262794791047,335283
262795126981,740,1,receive,262794791185,335796
262795127641,862,1,receive,262794791404,336237
262795128298,586,1,receive,262794773034,355264
262795128962,680,1,receive,262794800964,327998
262795231658,556,1,receive,262794801210,430448
262795232348,80,1,receive,262794753077,479271
262795234610,810,1,receive,262794800687,433923
262795235284,682,1,receive,262794803273,432011
262795235918,848,1,receive,262794804357,431561
262795345724,688,1,receive,262794805146,540578
262795346406,670,1,receive,262794805425,540981
262795347089,706,1,receive,262794805754,541335
262795347755,532,1,receive,262794804039,543716
262795348442,866,1,receive,262794807290,541152
262795459879,846,1,receive,262794808433,651446
262795460509,700,1,receive,262794808661,651848
262795461107,666,1,receive,262794808832,652275
262795461851,726,1,receive,262794809152,652699
262795462449,886,1,receive,262794809654,652795
262795526449,280,1,receive,262794804038,722411
262795527145,534,1,receive,262794810019,717126
262795527833,742,1,receive,262794810046,717787
262795528510,734,1,receive,262794805975,722535
262795529178,738,1,receive,262794804564,724614
262795529842,578,1,receive,262794813571,716271
262795655876,614,1,receive,262794818064,837812
262795656494,766,1,receive,262794818592,837902
262795657145,814,1,receive,262794819547,837598
262795657808,760,1,receive,262794820818,836990
262795668644,620,1,receive,262794817830,850814
262795716076,864,1,receive,262794816273,899803
262795716761,612,1,receive,262794824582,892179
262795717458,768,1,receive,262794826059,891399
262795760189,472,1,receive,262794824203,935986
262795760878,890,1,receive,262794828041,932837
262795829544,902,1,receive,262794828444,1001100
262795830263,878,1,receive,262794829373,1000890
262795830920,558,1,receive,262794826751,1004169
262795831573,882,1,receive,262794827769,1003804
262795932458,730,1,receive,262794831114,1101344
262795933128,780,1,receive,262794831798,1101330
262795933793,32,1,receive,262794664030,1269763
262795969022,174,1,receive,262794707028,1261994
262795990027,538,1,receive,262794831395,1158632
262796027963,774,1,receive,262794834551,1193412
262796028721,782,1,receive,262794831156,1197565
262796029395,636,1,receive,262794835757,1193638
262796030059,230,1,receive,262794836017,1194042
262796030708,568,1,receive,262794828903,1201805
262796136713,276,1,receive,262794718788,1417925
262796137390,184,1,receive,262794837518,1299872
262796138062,888,1,receive,262794838015,1300047
262796138734,708,1,receive,262794823509,1315225
262796139408,704,1,receive,262794836511,1302897
262796263125,536,1,receive,262794827439,1435686
262796263771,884,1,receive,262794818675,1445096
262796264454,880,1,receive,262794828803,1435651
262796265114,856,1,receive,262794841630,1423484
262796265774,674,1,receive,262794842731,1423043
262796266443,678,1,receive,262794849031,1417412
262796395895,868,1,receive,262794833809,1562086
262796396561,698,1,receive,262794848604,1547957
262796397213,806,1,receive,262794853081,1544132
262796397868,778,1,receive,262794855512,1542356
262796398542,720,1,receive,262794843242,1555300
262796515801,844,1,receive,262794842017,1673784
262796516471,900,1,receive,262794839300,1677171
262796517207,464,1,receive,262794827781,1689426
262796517887,804,1,receive,262794860983,1656904
262796518573,444,1,receive,262794861645,1656928
262796624988,790,1,receive,262794850137,1774851
262796625635,896,1,receive,262794858653,1766982
262796626312,870,1,receive,262794831029,1795283
262796626964,912,1,receive,262794858038,1768926
262796736841,116,1,receive,262794852130,1884711
262796737542,716,1,receive,262794853883,1883659
262796738230,876,1,receive,262794852260,1885970
262796738886,732,1,receive,262794852037,1886849
262796739562,854,1,receive,262794864460,1875102
262796832297,914,1,receive,262794874858,1957439
262796832951,828,1,receive,262794871988,1960963
262796833581,910,1,receive,262794873486,1960095
262796834242,892,1,receive,262794863422,1970820
262796834904,600,1,receive,262794874615,1960289
262796835584,124,2,receive,262794780600,2054984
262796971285,924,1,receive,262794879157,2092128
262796971943,918,1,receive,262794884191,2087752
262796972623,858,1,receive,262794875062,2097561
262796986397,628,2,receive,262794887482,2098915
262796987073,222,1,receive,262794858074,2128999
262796987730,826,1,receive,262794888886,2098844
262797118664,908,1,receive,262794887953,2230711
262797119357,916,1,receive,262794895909,2223448
262797120046,898,1,receive,262794897612,2222434
262797120728,206,1,receive,262794894084,2226644
262797227825,906,1,receive,262794896323,2331502
262797228514,176,1,receive,262794885163,2343351
262797229183,850,1,receive,262794880639,2348544
262797229866,702,1,receive,262794859037,2370829
262797230527,920,1,receive,262794906037,2324490
262797326240,904,1,receive,262794898967,2427273
262797326897,104,1,receive,262794693040,2633857
262797327559,894,1,receive,262794910035,2417524
262797328242,714,1,receive,262794869932,2458310
262797369301,432,2,receive,262794897567,2471734
262797369960,362,1,receive,262794890412,2479548
262797462873,74,2,receive,262794891949,2570924
262797463660,138,1,receive,262794906230,2557430
262797464339,872,1,receive,262794868647,2595692
262797465027,926,1,receive,262794922243,2542784
262797465713,860,1,receive,262794864783,2600930
262797603875,928,1,receive,262794926348,2677527
262797604563,922,1,receive,262794927383,2677180
262797605248,442,2,receive,262794921009,2684239
262797645053,172,1,receive,262794871811,2773242
262797650620,152,1,receive,262794921274,2729346
262797721293,820,2,receive,262794926445,2794848
262797721927,562,1,receive,262794948009,2773918
262797722591,378,1,receive,262794945663,2776928
262797747273,114,1,receive,262794899455,2847818
262797747942,758,2,receive,262794953280,2794662
262797814992,110,2,receive,262794921860,2893132
262797815658,148,1,receive,262794843310,2972348
262797844603,772,1,receive,262794960625,2883978
262797845295,212,2,receive,262794923249,2922046
262797845966,354,2,receive,262794884812,2961154
262797939372,938,1,receive,262794965518,2973854
262797940038,736,2,receive,262794901012,3039026
262797940702,934,1,receive,262794966837,2973865
262797941383,580,2,receive,262794955918,2985465
262798038225,888,2,receive,262794981489,3056736
262798038923,956,1,receive,262794984049,3054874
262798039573,508,2,receive,262794961472,3078101
262798040244,262,2,receive,262794986507,3053737
262798040906,962,1,receive,262794987230,3053676
262798041605,220,1,receive,262794979264,3062341
262798183865,838,2,receive,262794990251,3193614
262798184558,930,1,receive,262794990426,3194132
262798185243,700,2,receive,262794990760,3194483
262798185920,418,1,receive,262794895366,3290554
262798286410,12,2,receive,262794920545,3365865
262798287146,958,1,receive,262794999239,3287907
262798287836,964,1,receive,262795001085,3286751
262798288524,954,1,receive,262795002131,3286393
262798289219,948,1,receive,262795005276,3283943
262798289903,950,1,receive,262795006730,3283173
262798412165,944,1,receive,262795008940,3403225
262798412848,952,1,receive,262795010977,3401871
262798413494,358,2,receive,262795011078,3402416
262798414143,942,1,receive,262795012579,3401564
262798524028,20,2,receive,262794917166,3606862
262798524716,946,1,receive,262795013041,3511675
262798525402,404,1,receive,262795004819,3520583
262798539184,960,1,receive,262795017037,3522147
262798559506,162,2,receive,262795004120,3555386
262798628793,586,2,receive,262795027329,3601464
262798629423,98,2,receive,262794964568,3664855
262798630079,940,1,receive,262795036121,3593958
262798630755,210,2,receive,262794982172,3648583
262798631435,78,2,receive,262795022226,3609209
262798746141,830,2,receive,262794976027,3770114
262798746824,422,2,receive,262794986217,3760607
262798747514,132,2,receive,262794906265,3841249
262798748195,160,2,receive,262795016847,3731348
262798771825,918,2,receive,262795049131,3722694
262798866236,794,2,receive,262795023196,3843040
262798866871,112,2,receive,262795056133,3810738
262798867555,976,1,receive,262795073341,3794214
262798869320,932,1,receive,262795063596,3805724
262798870006,364,2,receive,262795067571,3802435
262798870643,982,1,receive,262795079056,3791587
262798978577,984,1,receive,262795081846,3896731
262798979272,276,2,receive,262795039009,3940263
262798979954,520,2,receive,262795005006,3974948
262798980601,532,2,receive,262794950393,4030208
262799065276,858,2,receive,262795060530,4004746
262799065932,50,2,receive,262795070087,3995845
262799066596,534,2,receive,262795001570,4065026
262799067249,366,2,receive,262795001827,4065422
262799067891,902,2,receive,262795074010,3993881
262799168142,768,2,receive,262795088944,4079198
262799168807,142,2,receive,262795092212,4076595
262799169491,834,2,receive,262795077081,4092410
262799211781,972,1,receive,262795096706,4115075
262799285302,26,2,receive,262795026885,4258417
262799286011,88,2,receive,262795033006,4253005
262799286689,970,1,receive,262795098258,4188431
262799287370,568,2,receive,262795021119,4266251
262799288032,380,2,receive,262795017297,4270735
262799288722,988,1,receive,262795103063,4185659
262799405761,488,2,receive,262794998425,4407336
262799406427,536,2,receive,262795056071,4350356
262799407087,968,1,receive,262795108099,4298988
262799407732,974,1,receive,262795108579,4299153
262799408391,986,1,receive,262795109127,4299264
262799566065,980,1,receive,262795113334,4452731
262799566737,178,2,receive,262795086010,4480727
262799567394,996,1,receive,262795116543,4450851
262799568053,886,2,receive,262795051291,4516762
262799592330,82,2,receive,262795037400,4554930
262799665849,966,1,receive,262795122559,4543290
262799666528,382,1,receive,262795125558,4540970
262799667288,494,2,receive,262795094268,4573020
262799667984,952,2,receive,262795130580,4537404
262799668676,978,1,receive,262795121129,4547547
262799751936,994,1,receive,262795136986,4614950
262799752620,52,2,receive,262795086293,4666327
262799753308,992,1,receive,262795141061,4612247
262799754013,556,2,receive,262795067005,4687008
262799754691,998,1,receive,262795151122,4603569
262799852418,990,1,receive,262795143046,4709372
262799853081,134,2,receive,262795112506,4740575
262799853738,384,2,receive,262795049007,4804731
262799854397,120,2,receive,262795115113,4739284
262799855059,42,2,receive,262794953452,4901607
262799953623,594,2,receive,262795128109,4825514
262799954260,372,2,receive,262795117342,4836918
262799954852,936,1,receive,262795163022,4791830
262799955465,166,2,receive,262795160380,4795085
262800046278,274,2,receive,262795127683,4918595
262800046951,164,2,receive,262795098347,4948604
262800047618,354,3,receive,262795164104,4883514
262800048231,480,2,receive,262795083207,4965024
262800048723,64,2,receive,262795108346,4940377
262800049275,702,2,receive,262795104028,4945247
262800161789,790,2,receive,262795139013,5022776
262800162466,890,2,receive,262795181759,4980707
262800163131,848,2,receive,262795104007,5059124
262800163779,736,3,receive,262795155175,5008604
262800201132,772,2,receive,262795183574,5017558
262800201823,234,2,receive,262794962090,5239733
262800284499,150,2,receive,262795192006,5092493
262800285155,810,2,receive,262795172580,5112575
262800291279,428,2,receive,262795178010,5113269
262800291958,842,2,receive,262795157008,5134950
262800386712,870,2,receive,262795191036,5195676
262800387345,538,2,receive,262795169780,5217565
262800387975,122,2,receive,262795151020,5236955
262800388630,866,2,receive,262795217068,5171562
262800389274,244,2,receive,262795151315,5237959
262800481252,144,1,receive,262795217066,5264186
262800481939,948,2,receive,262795219572,5262367
262800482617,46,2,receive,262795174774,5307843
262800493695,60,2,receive,262795028316,5465379
262800513727,938,2,receive,262795200017,5313710
262800580370,880,2,receive,262795130518,5449852
262800581030,86,2,receive,262795156011,5425019
262800581708,722,2,receive,262795202016,5379692
262800582390,184,2,receive,262795188876,5393514
262800583068,1000,1,receive,262795235958,5347110
262800583744,778,2,receive,262795225615,5358129
262800690442,358,3,receive,262795158156,5532286
262800691136,14,2,receive,262795227167,5463969
262800691803,854,2,receive,262795025945,5665858
262800713650,62,2,receive,262795198065,5515585
262800775150,874,2,receive,262795207780,5567370
262800775796,128,2,receive,262795211230,5564566
262800776450,348,2,receive,262795126019,5650431
262800777097,236,2,receive,262795176062,5601035
262800801625,698,2,receive,262795182874,5618751
262800854591,976,2,receive,262795242365,5612226
262800855273,542,2,receive,262795202559,5652714
262800855998,34,2,receive,262795224006,5631992
262800856663,896,2,receive,262795262010,5594653
262800857329,198,2,receive,262795175713,5681616
262800938095,6,2,receive,262795222621,5715474
262800938669,754,2,receive,262795279349,5659320
262800939301,720,2,receive,262795182834,5756467
262800939866,186,2,receive,262795255131,5684735
262800963028,682,2,receive,262795174077,5788951
262801020026,76,2,receive,262795242141,5777885
262801020700,954,2,receive,262795186367,5834333
262801021371,80,2,receive,262795265363,5756008
262801022045,168,2,receive,262795223810,5798235
262801022696,586,3,receive,262795298077,5724619
262801098942,840,2,receive,262795288011,5810931
262801099631,262,3,receive,262795303009,5796622
262801102134,958,2,receive,262795271506,5830628
262801102742,618,2,receive,262795192141,5910601
262801103390,590,2,receive,262795291956,5811434
262801190071,994,2,receive,262795279482,5910589
262801190704,972,2,receive,262795335015,5855689
262801191285,932,2,receive,262795362451,5828834
262801191880,716,2,receive,262795286512,5905368
262801219582,978,2,receive,262795291139,5928443
262801220263,708,2,receive,262795531189,5689074
262801220919,382,2,receive,262795487989,5732930
262801308926,912,2,receive,262795505242,5803684
262801309676,206,2,receive,262795518078,5791598
262801310362,76,3,receive,262795473568,5836794
262801311048,838,3,receive,262795469159,5841889
262801406082,108,2,receive,262795532031,5874051
262801406692,166,3,receive,262795479005,5927687
262801407315,952,3,receive,262795453290,5954025
262801407930,896,3,receive,262795494009,5913921
262801408582,916,2,receive,262795457417,5951165
262801409239,736,4,receive,262795650081,5759158
262801513210,938,3,receive,262795560006,5953204
262801513859,802,2,receive,262795544016,5969843
262801514559,812,2,receive,262795552158,5962401
262801515210,914,2,receive,262795515185,6000025
262801515894,688,2,receive,262795659837,5856057
262801592867,838,4,receive,262795683311,5909556
262801593574,704,3,receive,262795704197,5889377
262801594233,558,2,receive,262795653385,5940848
262801594832,900,2,receive,262795761212,5833620
262801634822,434,1,receive,262795824114,5810708
262801671274,540,2,receive,262795717034,5954240
262801675918,354,5,receive,262795803308,5872610
262801693029,482,3,receive,262795802022,5891007
262801693694,600,2,receive,262795936010,5757684
262801759044,620,3,receive,262795913007,5846037
262801759746,860,2,receive,262795916626,5843120
262801760428,168,4,receive,262795957109,5803319
262801761101,708,4,receive,262795887322,5873779
262801799129,558,3,receive,262795917142,5881987
262801835695,42,4,receive,262795981065,5854630
262801836374,870,3,receive,262795984898,5851476
262801837044,586,5,receive,262795982010,5855034
262801837724,898,2,receive,262795965647,5872077
262801838417,444,3,receive,262796204535,5633882
262801917336,80,5,receive,262796169622,5747714
262801917997,812,3,receive,262796199771,5718226
262801918651,814,4,receive,262796275090,5643561
262801919315,184,4,receive,262796231366,5687949
262801943275,666,3,receive,262796198862,5744413
262801943965,596,3,receive,262796186008,5757957
262801994254,958,4,receive,262796272713,5721541
262801994915,816,3,receive,262796254007,5740908
262801995605,494,5,receive,262796233006,5762599
262801996308,984,3,receive,262796193393,5802915
262802084596,928,4,receive,262796385011,5699585
262802085301,956,4,receive,262796334175,5751126
262802085987,842,4,receive,262796374006,5711981
262802086653,150,4,receive,262796388080,5698573
262802087304,708,5,receive,262796331006,5756298
262802087962,890,5,receive,262796511006,5576956
262802165540,618,4,receive,262796453328,5712212
262802166196,542,4,receive,262796494510,5671686
262802166842,970,3,receive,262796526144,5640698
262802167505,898,3,receive,262796434007,5733498
262802234722,52,5,receive,262796567461,5667261
262802235388,786,3,receive,262796574249,5661139
262802236051,278,5,receive,262796663219,5572832
262802236709,96,3,receive,262796646873,5589836
262802237366,888,4,receive,262796601956,5635410
262802328422,792,3,receive,262796712645,5615777
262802329098,890,6,receive,262796686200,5642898
262802329762,788,6,receive,262796624794,5704968
262802330431,884,4,receive,262796736010,5594421
262802331100,16,4,receive,262796803152,5527948
262802331758,836,3,receive,262796710657,5621101
262802415371,56,4,receive,262796841010,5574361
262802416038,960,4,receive,262796766251,5649787
262802416697,954,4,receive,262796769803,5646894
262802417343,910,4,receive,262796852255,5565088
262802480007,166,5,receive,262796905072,5574935
262802480687,46,4,receive,262796814736,5665951
262802481346,354,6,receive,262796732014,5749332
262802501021,908,5,receive,262796925009,5576012
262802501608,912,5,receive,262796970860,5530748
262802557460,832,4,receive,262796900228,5657232
262802558122,234,6,receive,262797095011,5463111
262802558804,894,5,receive,262797107006,5451798
262802559486,976,5,receive,262797031105,5528381
262802560168,772,6,receive,262797062346,5497822
262802560853,876,4,receive,262797105347,5455506
262802648787,378,4,receive,262797200006,5448781
262802649449,580,5,receive,262797021206,5628243
262802650120,802,4,receive,262797174449,5475671
262802650779,384,6,receive,262797197282,5453497
262802651419,958,5,receive,262797310058,5341361
262802731084,594,5,receive,262797244267,5486817
262802731746,560,3,receive,262797225005,5506741
262802732404,170,5,receive,262797332828,5399576
262802733061,212,6,receive,262797333227,5399834
262802733712,974,5,receive,262797386343,5347369
262802804689,778,6,receive,262797399521,5405168
262802805353,418,5,receive,262797360978,5444375
262802812032,978,5,receive,262797442011,5370021
262802812685,444,5,receive,262797470008,5342677
262802813347,76,7,receive,262797470006,5343341
262802885017,980,4,receive,262797570529,5314488
262802885707,556,6,receive,262797544897,5340810
262802886509,944,5,receive,262797610499,5276010
262802887195,80,8,receive,262797645468,5241727
262802887879,210,5,receive,262797540006,5347873
262802954034,102,5,receive,262797723993,5230041
262802954675,404,5,receive,262797659912,5294763
262802955301,780,5,receive,262797648006,5307295
262802955897,606,5,receive,262797775332,5180565
262802976642,6,6,receive,262797764984,5211658
262802977310,986,6,receive,262797718406,5258904
262802977992,816,6,receive,262797721096,5256896
262803028342,722,6,receive,262797831887,5196455
262803028902,912,6,receive,262797777082,5251820
262803029579,772,7,receive,262797813007,5216572
262803054738,232,3,receive,262797935006,5119732
262803055252,464,5,receive,262798011221,5044031
262803055744,614,6,receive,262798041530,5014214
262803102925,168,8,receive,262798007982,5094943
262803103601,170,6,receive,262798051079,5052522
262803104283,120,10,receive,262798051648,5052635
262803104947,364,8,receive,262797976793,5128154
262803105617,212,8,receive,262797992072,5113545
262803173765,618,6,receive,262798013082,5160683
262803174414,418,6,receive,262797999007,5175407
262803175076,886,6,receive,262798209008,4966068
262803175743,996,5,receive,262798176295,4999448
262803176407,384,7,receive,262798222013,4954394
262803263147,988,7,receive,262798099530,5163617
262803263811,14,9,receive,262798206028,5057783
262803264519,874,6,receive,262798270595,4993924
262803265172,262,8,receive,262798250271,5014901
262803265805,594,6,receive,262798209468,5056337
262803266460,970,5,receive,262798272147,4994313
262803342646,620,7,receive,262798283009,5059637
262803343329,222,6,receive,262798280007,5063322
262803343980,918,8,receive,262798244421,5099559
262803344661,262,9,receive,262798403011,4941650
262803368648,966,5,receive,262798369377,4999271
262803421336,910,6,receive,262798455884,4965452
262803421990,258,1,receive,262798500391,4921599
262803422626,856,6,receive,262798447832,4974794
262803423287,600,6,receive,262798502305,4920982
262803423918,358,10,receive,262798520012,4903906
262803424556,78,10,receive,262798555370,4869186
262803480795,654,5,receive,262798593094,4887701
262803481481,76,10,receive,262798643805,4837676
262803482160,362,6,receive,262798598788,4883372
262803482807,110,10,receive,262798620005,4862802
262803483475,92,7,receive,262798749253,4734222
262803543778,38,7,receive,262798750334,4793444
262803544466,206,9,receive,262798692048,4852418
262803545128,10,6,receive,262798750372,4794756
262803545790,202,7,receive,262798769380,4776410
262803546450,560,5,receive,262798712008,4834442
262803613424,876,7,receive,262798599316,5014108
262803614123,536,7,receive,262798839557,4774566
262803614803,794,9,receive,262798890140,4724663
262803615468,26,9,receive,262798795357,4820111
262803616143,226,6,receive,262798891013,4725130
262803673084,366,9,receive,262798970015,4703069
262803673723,762,7,receive,262798800102,4873621
262803674311,170,7,receive,262798986446,4687865
262803674933,928,8,receive,262798914663,4760270
262803675488,886,7,receive,262799019522,4655966
262803723155,778,9,receive,262799015708,4707447
262803723820,618,7,receive,262799050614,4673206
262803724505,42,10,receive,262798987442,4737063
262803725196,722,9,receive,262799034016,4691180
262803730646,830,8,receive,262799133388,4597258
262803761767,902,8,receive,262799175439,4586328
262803762429,106,7,receive,262799168843,4593586
262803763101,206,10,receive,262799067721,4695380
262803763748,152,7,receive,262799204110,4559638
262803764425,174,9,receive,262799258111,4506314
262803818959,480,8,receive,262799235009,4583950
262803819507,164,9,receive,262799203334,4616173
262803820088,684,2,receive,262799219782,4600306
262803820690,700,8,receive,262799294432,4526258
262803821299,362,7,receive,262799364121,4457178
262803821886,394,6,receive,262799325955,4495931
262803865784,960,7,receive,262799356007,4509777
262803866428,592,9,receive,262799395014,4471414
262803867113,830,9,receive,262799335019,4532094
262803867800,974,8,receive,262799576301,4291499
262803868483,2,8,receive,262799576898,4291585
262803919421,716,8,receive,262799541288,4378133
262803920108,768,10,receive,262799486752,4433356
262803920798,660,5,receive,262799546011,4374787
262803921483,712,8,receive,262799595005,4326478
262803922171,904,8,receive,262799515940,4406231
262803967663,12,8,receive,262799634152,4333511
262803968310,42,11,receive,262799640253,4328057
262803968954,992,10,receive,262799521833,4447121
262803982863,52,9,receive,262799758464,4224399
262804014457,714,9,receive,262799703739,4310718
262804015147,378,8,receive,262799694287,4320860
262804015825,406,6,receive,262799773478,4242347
262804016509,706,7,receive,262799738667,4277842
262804017195,982,11,receive,262799765006,4252189
262804017877,324,2,receive,262799860013,4157864
262804070823,612,9,receive,262799807289,4263534
262804071493,888,8,receive,262799772007,4299486
262804072185,920,7,receive,262799865487,4206698
262804072863,38,9,receive,262799947714,4125149
262804073535,596,11,receive,262799871827,4201708
262804132682,234,13,receive,262799941187,4191495
262804133349,392,9,receive,262799969219,4164130
262804134006,142,9,receive,262799994085,4139921
262804134614,64,8,receive,262800004268,4130346
262804135294,944,8,receive,262799998467,4136827
262804135976,18,9,receive,262800031344,4104632
262804184990,996,9,receive,262799884583,4300407
262804185548,214,1,receive,262800056737,4128811
262804186129,976,11,receive,262800103169,4082960
262804186787,404,9,receive,262800155512,4031275
262804227733,640,9,receive,262800121680,4106053
262804228357,868,8,receive,262800112974,4115383
262804229028,490,6,receive,262800104889,4124139
262804229710,206,11,receive,262800222080,4007630
262804230360,892,10,receive,262800170099,4060261
262804275999,618,10,receive,262800257544,4018455
262804276683,782,11,receive,262800272023,4004660
262804277274,534,8,receive,262800154454,4122820
262804287886,30,9,receive,262800303792,3984094
262804297112,842,11,receive,262800384741,3912371
262804329027,786,10,receive,262800373578,3955449
262804329690,20,10,receive,262800355014,3974676
262804330348,280,10,receive,262800335871,3994477
262804330967,832,8,receive,262800383549,3947418
262804331629,868,9,receive,262800420924,3910705
262804332317,916,10,receive,262800458537,3873780
262804332992,48,9,receive,262800440081,3892911
262804389689,930,11,receive,262800391751,3997938
262804390360,736,11,receive,262800498830,3891530
262804391019,700,10,receive,262800523654,3867365
262804391675,156,9,receive,262800556474,3835201
262804432348,12,9,receive,262800512927,3919421
262804433013,986,10,receive,262800501096,3931917
262804433677,38,10,receive,262800597144,3836533
262804434341,816,11,receive,262800497014,3937327
262804435002,472,9,receive,262800627960,3807042
262804435570,930,12,receive,262800661685,3773885
262804486779,568,9,receive,262800610711,3876068
262804487448,64,9,receive,262800628297,3859151
262804488122,976,12,receive,262800732938,3755184
262804488820,58,12,receive,262800696130,3792690
262804489480,248,5,receive,262800780684,3708796
262804552101,978,10,receive,262800552829,3999272
262804553186,274,12,receive,262800852063,3701123
262804574030,188,1,receive,262800844597,3729433
262804574720,490,7,receive,262800830335,3744385
262804575406,502,7,receive,262800711010,3864396
262804597813,848,10,receive,262800792007,3805806
262804598492,980,10,receive,262800882780,3715712
262804599186,894,10,receive,262800887792,3711394
262804599848,558,11,receive,262800872815,3727033
262804600515,998,10,receive,262800951588,3648927
262804620501,356,13,receive,262800950011,3670490
262804621122,202,11,receive,262800964009,3657113
262804621772,680,10,receive,262800974360,3647412
262804622436,708,13,receive,262800999394,3623042
262804623105,198,10,receive,262800980291,3642814
262804623787,40,9,receive,262801019604,3604183
262804661723,1000,11,receive,262801045008,3616715
262804662417,126,10,receive,262801100249,3562168
262804663104,98,13,receive,262801108066,3555038
262804663771,436,3,receive,262801034722,3629049
262804684560,262,12,receive,262801073101,3611459
262804685259,960,10,receive,262801210578,3474681
262804685942,214,3,receive,262801116341,3569601
262804700130,192,1,receive,262801228469,3471661
262804710025,982,13,receive,262801152262,3557763
262804732136,268,3,receive,262801196443,3535693
262804732789,898,10,receive,262801205634,3527155
262804733433,744,11,receive,262801165215,3568218
262804734088,556,11,receive,262801284013,3450075
262804734745,956,13,receive,262801277006,3457739
