receive_timestamp,source_vehicle,message_id,event_type,send_timestamp,latency_us
373391927,14,6,receive,373264854,127073
373392395,590,1,receive,373266097,126298
373392758,14,7,receive,373267806,124952
373393175,140,1,receive,373270021,123154
373393544,22,1,receive,373270029,123515
373393905,18,1,receive,373270036,123869
373394332,202,2,receive,373270712,123620
373394700,60,1,receive,373270683,124017
373395128,160,1,receive,373270910,124218
373395573,20,4,receive,373261219,134354
373395952,590,2,receive,373272425,123527
373396330,172,2,receive,373273789,122541
373396713,128,3,receive,373275202,121511
373397162,456,1,receive,373276083,121079
373397554,196,2,receive,373276902,120652
373397945,188,1,receive,373276852,121093
373398642,110,2,receive,373277086,121556
373399104,184,3,receive,373277380,121724
373399479,162,1,receive,373277349,122130
373399846,20,5,receive,373276963,122883
374007092,12,4,receive,373278229,728863
374007442,164,1,receive,373272121,735321
374007907,82,2,receive,373266117,741790
374008316,394,1,receive,373278752,729564
374008756,34,5,receive,373244407,764349
374009256,40,5,receive,373278855,730401
374009683,230,1,receive,373279031,730652
374010162,492,1,receive,373279049,731113
374010638,570,1,receive,373279141,731497
374011034,36,1,receive,373280391,730643
374011427,152,2,receive,373281154,730273
374250842,88,2,receive,373263989,986853
374251311,52,3,receive,373248117,1003194
374252185,154,1,receive,373286200,965985
374252672,186,3,receive,373272645,980027
374253099,196,3,receive,373287096,966003
374253527,114,3,receive,373287285,966242
374253958,96,2,receive,373287418,966540
374254435,76,3,receive,373251724,1002711
374254880,590,3,receive,373289408,965472
374485045,636,1,receive,373289341,1195704
374485539,778,1,receive,373289648,1195891
374486096,86,1,receive,373290793,1195303
374486567,98,1,receive,373291041,1195526
374487041,868,1,receive,373291114,1195927
374487537,590,4,receive,373292667,1194870
374488013,104,2,receive,373292892,1195121
374488478,90,2,receive,373293038,1195440
374488965,778,2,receive,373293094,1195871
374489444,432,1,receive,373294811,1194633
374765360,68,1,receive,373294917,1470443
374765868,346,1,receive,373295462,1470406
374766517,320,1,receive,373296620,1469897
374767681,108,2,receive,373288603,1479078
374768120,84,1,receive,373282609,1485511
374768556,302,1,receive,373297189,1471367
374768966,84,2,receive,373297268,1471698
374769392,612,1,receive,373297315,1472077
375034620,150,2,receive,373297382,1737238
375035738,974,1,receive,373292613,1743125
375036630,674,1,receive,373297959,1738671
375037256,106,2,receive,373298141,1739115
375037767,778,3,receive,373298369,1739398
375038264,104,3,receive,373300144,1738120
375038754,98,2,receive,373301015,1737739
375039253,152,3,receive,373301213,1738040
375335807,384,1,receive,373301901,2033906
375336327,86,2,receive,373303095,2033232
375336765,448,1,receive,373303372,2033393
375337161,486,1,receive,373304542,2032619
375337574,42,3,receive,373242320,2095254
375338041,426,1,receive,373306585,2031456
375338476,160,2,receive,373306687,2031789
375338961,634,1,receive,373308105,2030856
375339361,408,1,receive,373308867,2030494
375339795,870,1,receive,373309486,2030309
375340213,210,1,receive,373310039,2030174
375340627,26,4,receive,373245006,2095621
375603943,114,4,receive,373311673,2292270
375604399,64,3,receive,373282318,2322081
375604998,30,1,receive,373312619,2292379
375605433,196,4,receive,373313394,2292039
375605919,408,2,receive,373314436,2291483
375606325,974,2,receive,373314787,2291538
375606728,140,2,receive,373316070,2290658
375607129,104,4,receive,373316474,2290655
375607556,184,4,receive,373316662,2290894
375607971,166,1,receive,373316885,2291086
375608360,128,4,receive,373317077,2291283
375608749,790,1,receive,373318464,2290285
375863223,798,1,receive,373318566,2544657
375863666,50,1,receive,373318434,2545232
375864264,196,5,receive,373318774,2545490
375864717,54,1,receive,373318997,2545720
375865130,18,2,receive,373320016,2545114
375865537,202,3,receive,373294291,2571246
375865945,80,1,receive,373322157,2543788
375866346,86,3,receive,373322441,2543905
375866802,400,1,receive,373323456,2543346
375867217,122,1,receive,373296841,2570376
375867715,158,1,receive,373304081,2563634
376135096,230,2,receive,373326675,2808421
376135521,320,2,receive,373327062,2808459
376136128,98,3,receive,373323391,2812737
376136596,384,2,receive,373330017,2806579
376137017,252,1,receive,373331018,2805999
376137436,634,2,receive,373331441,2805995
376137851,632,1,receive,373332263,2805588
376138289,118,1,receive,373332253,2806036
376138779,6,4,receive,373278304,2860475
376139247,90,3,receive,373332855,2806392
376139654,818,1,receive,373332891,2806763
376399508,90,4,receive,373333221,3066287
376399921,400,2,receive,373333307,3066614
376400797,150,3,receive,373334297,3066500
376401205,44,5,receive,373273715,3127490
376401601,154,2,receive,373334689,3066912
376402005,486,2,receive,373334774,3067231
376402464,758,1,receive,373334743,3067721
376402861,182,3,receive,373296292,3106569
376403253,206,2,receive,373335639,3067614
376403645,972,1,receive,373336349,3067296
376404038,798,2,receive,373336605,3067433
376637117,728,1,receive,373337175,3299942
376637553,152,4,receive,373321810,3315743
376638097,58,4,receive,373280331,3357766
376638519,670,1,receive,373337448,3301071
376638957,132,1,receive,373337427,3301530
376639356,766,1,receive,373337608,3301748
376639745,84,3,receive,373324172,3315573
376640224,312,1,receive,373339142,3301082
376640726,312,2,receive,373339616,3301110
376641138,100,1,receive,373257727,3383411
376641527,96,3,receive,373340772,3300755
376641913,274,1,receive,373342284,3299629
376920023,204,1,receive,373342449,3577574
376920480,188,2,receive,373340656,3579824
376921028,426,2,receive,373343822,3577206
376921509,408,3,receive,373344177,3577332
376921956,338,1,receive,373344313,3577643
376922400,18,3,receive,373343300,3579100
376922849,12,5,receive,373315677,3607172
376923308,138,1,receive,373345262,3578046
376923751,626,1,receive,373345494,3578257
376924195,110,3,receive,373345744,3578451
377146168,590,5,receive,373345797,3800371
377146590,782,1,receive,373346124,3800466
377147212,160,3,receive,373346421,3800791
377147708,290,1,receive,373311159,3836549
377148094,964,1,receive,373346825,3801269
377148475,96,4,receive,373346856,3801619
377148850,432,2,receive,373347684,3801166
377149308,670,2,receive,373349026,3800282
377149680,632,2,receive,373350024,3799656
377150057,106,3,receive,373351343,3798714
377150417,708,1,receive,373351772,3798645
377375478,158,2,receive,373351916,4023562
377375926,150,4,receive,373352784,4023142
377376774,284,1,receive,373353815,4022959
377377190,70,5,receive,373288342,4088848
377377600,868,2,receive,373354805,4022795
377378011,426,3,receive,373354781,4023230
377378463,730,1,receive,373355393,4023070
377378870,206,3,receive,373355353,4023517
377379265,1000,1,receive,373355649,4023616
377379668,382,1,receive,373356097,4023571
377628935,320,3,receive,373357048,4271887
377629352,80,2,receive,373357455,4271897
377629889,36,2,receive,373357977,4271912
377630330,56,3,receive,373241375,4388955
377630734,490,1,receive,373358269,4272465
377631118,400,3,receive,373358854,4272264
377631500,554,1,receive,373359320,4272180
377631924,598,1,receive,373359649,4272275
377632325,104,5,receive,373360476,4271849
377632835,212,1,receive,373360429,4272406
377633240,818,2,receive,373360893,4272347
377858983,128,5,receive,373361359,4497624
377859430,764,1,receive,373362713,4496717
377859966,190,1,receive,373362713,4497253
377860362,210,2,receive,373363083,4497279
377860739,230,3,receive,373364522,4496217
377861144,778,4,receive,373364429,4496715
377861545,592,1,receive,373364608,4496937
377861970,488,1,receive,373367149,4494821
377862360,426,4,receive,373367583,4494777
377862748,332,1,receive,373367726,4495022
377863161,354,1,receive,373368455,4494706
378085860,582,1,receive,373368957,4716903
378086254,114,5,receive,373368894,4717360
378086780,86,4,receive,373369044,4717736
378087171,640,1,receive,373369448,4717723
378087567,166,2,receive,373358761,4728806
378087971,300,1,receive,373370044,4717927
378088415,192,1,receive,373370182,4718233
378088862,712,1,receive,373370313,4718549
378089315,486,3,receive,373371338,4717977
378089702,130,3,receive,373309045,4780657
378090108,524,1,receive,373374149,4715959
378333537,130,4,receive,373373933,4959604
378333953,530,1,receive,373374600,4959353
378334522,436,1,receive,373374829,4959693
378334911,130,5,receive,373375029,4959882
378335408,636,2,receive,373376013,4959395
378335851,90,5,receive,373376866,4958985
378336402,508,1,receive,373376887,4959515
378336835,130,6,receive,373376476,4960359
378337298,972,2,receive,373377276,4960022
378337696,426,5,receive,373377644,4960052
378338125,634,3,receive,373378345,4959780
378522181,918,1,receive,373378463,5143718
378522650,618,1,receive,373379066,5143584
378523288,166,3,receive,373380013,5143275
378523896,112,2,receive,373285041,5238855
378524355,868,3,receive,373382063,5142292
378524814,196,6,receive,373381922,5142892
378525287,8,5,receive,373278178,5247109
378525766,90,6,receive,373382316,5143450
378526219,400,4,receive,373382781,5143438
378713536,340,1,receive,373296934,5416602
378714001,486,4,receive,373383975,5330026
378714578,432,3,receive,373383008,5331570
378715039,126,2,receive,373305048,5409991
378715504,222,1,receive,373375932,5339572
378715967,316,1,receive,373386209,5329758
378716427,486,5,receive,373386787,5329640
378716881,730,2,receive,373387278,5329603
378717355,2,5,receive,373273391,5443964
378903234,154,3,receive,373388709,5514525
378903691,734,1,receive,373389539,5514152
378904242,444,1,receive,373334200,5570042
378904703,436,2,receive,373390018,5514685
378905162,638,1,receive,373371725,5533437
378905609,492,2,receive,373390020,5515589
378906113,366,1,receive,373390145,5515968
378906838,618,2,receive,373390437,5516401
378907226,62,4,receive,373250337,5656889
379098223,774,1,receive,373390624,5707599
379098685,756,1,receive,373390885,5707800
379099224,554,2,receive,373391272,5707952
379099690,196,7,receive,373391318,5708372
379100152,678,1,receive,373391717,5708435
379100624,964,2,receive,373391772,5708852
379101072,724,1,receive,373392160,5708912
379101544,64,4,receive,373354344,5747200
379101991,488,2,receive,373393759,5708232
379279192,798,3,receive,373393968,5885224
379279656,320,4,receive,373394395,5885261
379280227,222,2,receive,373395466,5884761
379280705,778,5,receive,373395541,5885164
379281217,778,6,receive,373395881,5885336
379281667,32,3,receive,373285087,5996580
379282115,206,4,receive,373396720,5885395
379282574,336,1,receive,373396941,5885633
379283030,2,6,receive,373393761,5889269
379443539,766,2,receive,373397603,6045936
379443988,352,1,receive,373355333,6088655
379444649,164,2,receive,373287511,6157138
379445105,434,1,receive,373398867,6046238
379445575,804,1,receive,373398932,6046643
379446031,456,2,receive,373399942,6046089
379446523,612,2,receive,373391742,6054781
379447012,150,5,receive,373400589,6046423
379447645,560,1,receive,373401198,6046447
379448150,330,1,receive,373400981,6047169
379607560,204,2,receive,373401651,6205909
379608156,564,1,receive,373401672,6206484
379608599,222,3,receive,373402437,6206162
379609037,778,7,receive,373402673,6206364
379609483,230,4,receive,373403215,6206268
379609946,586,1,receive,373403229,6206717
379610404,670,3,receive,373403888,6206516
379610846,982,1,receive,373404064,6206782
379611361,592,2,receive,373404299,6207062
379611805,554,3,receive,373404704,6207101
379779219,994,1,receive,373404655,6374564
379779723,634,4,receive,373405133,6374590
379780263,634,5,receive,373405599,6374664
379780671,426,6,receive,373405950,6374721
379781073,964,3,receive,373407361,6373712
379781516,316,2,receive,373407547,6373969
379781949,844,1,receive,373407892,6374057
379782360,586,2,receive,373408806,6373554
379782756,566,1,receive,373360373,6422383
379783153,482,1,receive,373410119,6373034
379783652,370,1,receive,373410438,6373214
379934069,836,1,receive,373411253,6522816
379934473,836,2,receive,373411872,6522601
379934987,54,2,receive,373411868,6523119
379935371,150,6,receive,373412059,6523312
379935784,252,2,receive,373415349,6520435
379936186,312,3,receive,373415998,6520188
379936595,448,2,receive,373327134,6609461
379936996,238,1,receive,373416159,6520837
379937392,312,4,receive,373416340,6521052
379937890,868,4,receive,373416750,6521140
379938284,396,1,receive,373416732,6521552
379938663,640,2,receive,373417199,6521464
380094984,318,1,receive,373417412,6677572
380095387,530,2,receive,373420076,6675311
380095915,746,1,receive,373420030,6675885
380096364,192,2,receive,373420126,6676238
380096755,810,1,receive,373420516,6676239
380097138,502,1,receive,373422960,6674178
380097520,888,1,receive,373423157,6674363
380097957,892,1,receive,373424788,6673169
380098337,896,1,receive,373425194,6673143
380098714,244,1,receive,373425208,6673506
380099121,924,1,receive,373425571,6673550
380099503,82,3,receive,373387972,6711531
380247571,964,4,receive,373427070,6820501
380248040,150,7,receive,373447583,6800457
380248696,730,3,receive,373448020,6800676
380249085,964,6,receive,373450038,6799047
380249497,358,1,receive,373450130,6799367
380249879,364,1,receive,373450269,6799610
380250282,430,1,receive,373450892,6799390
380250776,240,1,receive,373451132,6799644
380251240,312,6,receive,373451246,6799994
380251641,656,1,receive,373452049,6799592
380252034,284,2,receive,373428397,6823637
380384640,696,1,receive,373453421,6931219
380385136,362,1,receive,373453682,6931454
380385717,320,5,receive,373453829,6931888
380386113,252,3,receive,373455163,6930950
380386584,274,2,receive,373407508,6979076
380387024,338,2,receive,373455536,6931488
380387671,510,1,receive,373456262,6931409
380388236,730,4,receive,373457374,6930862
380388618,868,6,receive,373457618,6931000
380388997,420,1,receive,373457777,6931220
380389377,526,2,receive,373809646,6579731
380506746,268,8,receive,373754014,6752732
380523782,178,3,receive,373590022,6933760
380524498,304,4,receive,373744377,6780121
380525262,640,7,receive,373827591,6697671
380525799,612,12,receive,373708150,6817649
380526482,186,5,receive,373783414,6743068
380526883,882,3,receive,374010165,6516718
380527858,286,4,receive,373847087,6680771
380632224,360,2,receive,373618141,7014083
380633009,770,2,receive,374010262,6622747
380633493,16,4,receive,373811716,6821777
380634348,846,3,receive,374035353,6598995
380634727,556,9,receive,374053842,6580885
380635185,44,8,receive,374048259,6586926
380635879,866,2,receive,373903715,6732164
380636356,984,4,receive,374038310,6598046
380745458,934,8,receive,374040700,6704758
380745858,690,5,receive,374036252,6709606
380746396,250,4,receive,374074195,6672201
380746824,114,8,receive,374066712,6680112
380747379,560,4,receive,373929671,6817708
380747907,422,9,receive,374274595,6473312
380748433,268,10,receive,374270145,6478288
380748900,412,7,receive,374486793,6262107
380749336,474,3,receive,374263422,6485914
380749853,250,5,receive,374283013,6466840
380868232,142,4,receive,374266154,6602078
380868648,770,4,receive,374282172,6586476
380869158,574,14,receive,374238919,6630239
380869761,776,9,receive,374278128,6591633
380870613,580,8,receive,374462827,6407786
380871618,88,7,receive,374493060,6378558
380872038,956,7,receive,374569686,6302352
380872545,502,16,receive,374511867,6360678
380981576,778,13,receive,374541288,6440288
380982020,64,10,receive,374590461,6391559
380982720,670,17,receive,374587591,6395129
380983161,550,4,receive,374515039,6468122
380983579,680,7,receive,374809593,6173986
380983976,198,6,receive,374826270,6157706
380984460,184,9,receive,374786477,6197983
380984912,522,12,receive,374843142,6141770
380985367,202,11,receive,374845554,6139813
380985791,954,7,receive,374820224,6165567
380986213,70,13,receive,375038696,5947517
380986637,890,5,receive,374643645,6342992
381109397,816,13,receive,375110897,5998500
381109826,404,9,receive,375114538,5995288
381111335,346,12,receive,375074521,6036814
381111854,384,11,receive,375157540,5954314
381112312,114,11,receive,374748018,6364294
381112773,272,12,receive,375122783,5989990
381113223,378,10,receive,375136743,5976480
381113720,700,7,receive,375137358,5976362
381114177,94,8,receive,375102585,6011592
381236291,826,8,receive,375120237,6116054
381236787,958,10,receive,375162228,6074559
381237401,622,4,receive,375096111,6141290
381237816,34,16,receive,375603606,5634210
381238228,700,8,receive,375356343,5881885
381238682,504,11,receive,375301139,5937543
381239115,604,11,receive,375432034,5807081
381239552,240,12,receive,375396567,5842985
381239995,254,9,receive,375422949,5817046
381240494,298,10,receive,375430924,5809570
381240968,290,9,receive,375372876,5868092
381336532,82,14,receive,375411274,5925258
381337000,754,9,receive,375422302,5914698
381337596,296,16,receive,375411225,5926371
381338833,562,9,receive,375421826,5917007
381339674,86,13,receive,375617519,5722155
381340249,958,13,receive,375626746,5713503
381341072,678,19,receive,375621897,5719175
381341897,570,12,receive,375616089,5725808
381410948,876,10,receive,375621688,5789260
381411671,662,15,receive,375637980,5773691
381412114,898,11,receive,375660407,5751707
381412551,158,11,receive,375637395,5775156
381413019,4,16,receive,375664666,5748353
381413732,676,13,receive,375434834,5978898
381414635,214,10,receive,375645277,5769358
381415560,108,14,receive,375941488,5474072
381416019,730,15,receive,375760252,5655767
381503288,938,13,receive,375928245,5575043
381503721,196,19,receive,375895301,5608420
381504262,628,15,receive,375901603,5602659
381504710,116,11,receive,375894700,5610010
381505195,30,12,receive,375912512,5592683
381505623,872,10,receive,375945374,5560249
381506097,628,16,receive,376138917,5367180
381506515,996,12,receive,375927118,5579397
381507048,576,10,receive,375945095,5561953
381507481,96,16,receive,376151341,5356140
381507899,12,18,receive,376173139,5334760
381508546,352,15,receive,376400983,5107563
381509021,40,18,receive,376193321,5315700
381509675,860,14,receive,376199897,5309778
381581032,802,17,receive,376179466,5401566
381582238,688,15,receive,376199849,5382389
381582653,90,18,receive,376174013,5408640
381583208,438,12,receive,376212195,5371013
381583838,952,11,receive,376196097,5387741
381584563,492,20,receive,376196849,5387714
381585712,688,16,receive,376424574,5161138
381651425,8,19,receive,376437212,5214213
381652228,850,12,receive,376432653,5219575
381653178,594,21,receive,376393038,5260140
381653621,590,17,receive,376432140,5221481
381654122,196,21,receive,376421759,5232363
381654715,810,18,receive,376401455,5253260
381655414,158,14,receive,376395184,5260230
381655917,12,20,receive,376445388,5210529
381720678,784,14,receive,376442698,5277980
381721189,158,15,receive,376646355,5074834
381721860,664,21,receive,376450647,5271213
381722350,302,11,receive,376513756,5208594
381722897,844,18,receive,376750948,4971949
381723353,132,16,receive,376703970,5019383
381724152,936,16,receive,376695709,5028443
381724764,840,23,receive,376729332,4995432
381725231,722,14,receive,376739499,4985732
381788876,778,24,receive,376709418,5079458
381789578,934,20,receive,376669238,5120340
381790280,448,14,receive,376653150,5137130
381791617,726,17,receive,376707349,5084268
381792130,96,19,receive,376942953,4849177
381792575,960,17,receive,376952474,4840101
381793018,598,19,receive,376944934,4848084
381793461,494,14,receive,376926283,4867178
381793935,132,17,receive,376960063,4833872
381873846,614,15,receive,377148287,4725559
381874422,536,16,receive,376913059,4961363
381875193,90,21,receive,376963342,4911851
381875794,692,19,receive,376989338,4886456
381876319,448,15,receive,376962744,4913575
381876762,698,19,receive,376933159,4943603
381877203,64,24,receive,377375119,4502084
381877647,168,17,receive,377191676,4685971
381878118,426,21,receive,377022060,4856058
381878541,626,18,receive,377150802,4727739
381878964,844,20,receive,377186156,4692808
381951972,682,23,receive,377202080,4749892
381952413,648,15,receive,377191837,4760576
381953109,248,18,receive,377171883,4781226
381953568,184,20,receive,377177558,4776010
381954008,518,13,receive,377182353,4771655
381954422,572,23,receive,377457324,4497098
381954918,906,20,receive,377447814,4507104
381955359,128,23,receive,377465086,4490273
381955790,986,22,receive,377434825,4520965
381956226,626,19,receive,377403038,4553188
381956709,528,20,receive,377453645,4503064
382037114,406,18,receive,377432946,4604168
382037561,480,16,receive,377413983,4623578
382038109,286,21,receive,377468115,4569994
382038546,78,24,receive,377447827,4590719
382039343,92,21,receive,377439070,4600273
382039822,292,21,receive,377685371,4354451
382040261,752,19,receive,377697594,4342667
382040698,78,25,receive,377674517,4366181
382041130,642,18,receive,377679517,4361613
382041552,86,22,receive,377630713,4410839
382042021,70,26,receive,377663967,4378054
382042435,986,23,receive,377636155,4406280
382042836,194,22,receive,377683375,4359461
382121950,752,20,receive,377862577,4259373
382122394,536,19,receive,377622254,4500140
382122947,8,24,receive,377655250,4467697
382123424,394,21,receive,377887119,4236305
382123850,796,21,receive,377849653,4274197
382124263,796,22,receive,378087921,4036342
382124980,986,24,receive,377872057,4252923
382125878,406,20,receive,377893946,4231932
382126416,96,23,receive,377877737,4248679
382199893,586,21,receive,377919202,4280691
382200342,348,26,receive,377937691,4262651
382200904,634,24,receive,377546764,4654140
382201501,818,23,receive,377895260,4306241
382202010,24,24,receive,377884396,4317614
382202678,106,22,receive,378131488,4071190
382203174,522,26,receive,378150854,4052320
382203636,192,24,receive,378119494,4084142
382204026,746,29,receive,378117625,4086401
382204415,344,24,receive,378131690,4072725
382204828,566,24,receive,378163931,4040897
382205246,468,23,receive,378139635,4065611
382275480,910,24,receive,378150195,4125285
382275986,862,24,receive,378129265,4146721
