receive_timestamp,source_vehicle,message_id,event_type,send_timestamp,latency_us
373570140,140,2,receive,373316070,254070
373570596,104,4,receive,373316474,254122
373571045,184,4,receive,373316662,254383
373571476,166,1,receive,373316885,254591
373571892,128,4,receive,373317077,254815
373572326,790,1,receive,373318464,253862
373572751,50,1,receive,373318434,254317
373573193,798,1,receive,373318566,254627
373573624,196,5,receive,373318774,254850
373574061,54,1,receive,373318997,255064
373574469,18,2,receive,373320016,254453
373574894,202,3,receive,373294291,280603
373575266,80,1,receive,373322157,253109
373575688,86,3,receive,373322441,253247
373576068,400,1,receive,373323456,252612
373576549,122,1,receive,373296841,279708
373576959,158,1,receive,373304081,272878
373577377,230,2,receive,373326675,250702
373577766,320,2,receive,373327062,250704
373578185,98,3,receive,373323391,254794
373578586,384,2,receive,373330017,248569
373579002,252,1,receive,373331018,247984
373579374,634,2,receive,373331441,247933
373579804,632,1,receive,373332263,247541
374058609,118,1,receive,373332253,726356
374059160,6,4,receive,373278304,780856
374059579,90,3,receive,373332855,726724
374060015,818,1,receive,373332891,727124
374060435,90,4,receive,373333221,727214
374060949,400,2,receive,373333307,727642
374061364,44,5,receive,373273715,787649
374061790,150,3,receive,373334297,727493
374062221,154,2,receive,373334689,727532
374062631,758,1,receive,373334743,727888
374063038,486,2,receive,373334774,728264
374063450,182,3,receive,373296292,767158
374363080,206,2,receive,373335639,1027441
374363628,972,1,receive,373336349,1027279
374364077,798,2,receive,373336605,1027472
374366058,152,4,receive,373321810,1044248
374366544,728,1,receive,373337175,1029369
374366981,58,4,receive,373280331,1086650
374367435,670,1,receive,373337448,1029987
374367867,132,1,receive,373337427,1030440
374368295,766,1,receive,373337608,1030687
374368744,84,3,receive,373324172,1044572
374369180,312,1,receive,373339142,1030038
374369641,312,2,receive,373339616,1030025
374780087,100,1,receive,373257727,1522360
374780652,96,3,receive,373340772,1439880
374781100,188,2,receive,373340656,1440444
374781537,274,1,receive,373342284,1439253
374781973,204,1,receive,373342449,1439524
374782407,426,2,receive,373343822,1438585
374782848,18,3,receive,373343300,1439548
374783285,408,3,receive,373344177,1439108
374783718,338,1,receive,373344313,1439405
374784156,12,5,receive,373315677,1468479
374784581,138,1,receive,373345262,1439319
374785022,626,1,receive,373345494,1439528
374785485,110,3,receive,373345744,1439741
374785897,590,5,receive,373345797,1440100
374786330,782,1,receive,373346124,1440206
374786763,160,3,receive,373346421,1440342
374787211,290,1,receive,373311159,1476052
374787648,964,1,receive,373346825,1440823
374788084,96,4,receive,373346856,1441228
374788540,432,2,receive,373347684,1440856
374788978,670,2,receive,373349026,1439952
374789409,632,2,receive,373350024,1439385
374789844,106,3,receive,373351343,1438501
375369852,708,1,receive,373351772,2018080
375370432,158,2,receive,373351916,2018516
375370875,150,4,receive,373352784,2018091
375371329,284,1,receive,373353815,2017514
375371777,70,5,receive,373288342,2083435
375372205,868,2,receive,373354805,2017400
375372634,426,3,receive,373354781,2017853
375373066,730,1,receive,373355393,2017673
375373510,206,3,receive,373355353,2018157
375373940,1000,1,receive,373355649,2018291
375374364,382,1,receive,373356097,2018267
375374792,320,3,receive,373357048,2017744
375375236,80,2,receive,373357455,2017781
375375668,36,2,receive,373357977,2017691
375702716,56,3,receive,373241375,2461341
375703266,490,1,receive,373358269,2344997
375703714,400,3,receive,373358854,2344860
375704166,554,1,receive,373359320,2344846
375704599,598,1,receive,373359649,2344950
375705018,104,5,receive,373360476,2344542
375705448,212,1,receive,373360429,2345019
375705879,818,2,receive,373360893,2344986
375706330,128,5,receive,373361359,2344971
375706762,190,1,receive,373362713,2344049
375707196,764,1,receive,373362713,2344483
375707633,210,2,receive,373363083,2344550
375708078,230,3,receive,373364522,2343556
376001884,778,4,receive,373364429,2637455
376002476,592,1,receive,373364608,2637868
376002961,488,1,receive,373367149,2635812
376003419,426,4,receive,373367583,2635836
376003871,332,1,receive,373367726,2636145
376004372,354,1,receive,373368455,2635917
376004850,114,5,receive,373368894,2635956
376005315,582,1,receive,373368957,2636358
376005774,86,4,receive,373369044,2636730
376232864,640,1,receive,373369448,2863416
376233323,166,2,receive,373358761,2874562
376233897,300,1,receive,373370044,2863853
376234344,192,1,receive,373370182,2864162
376234806,712,1,receive,373370313,2864493
376235276,486,3,receive,373371338,2863938
376235728,130,3,receive,373309045,2926683
376236182,524,1,receive,373374149,2862033
376236650,130,4,receive,373373933,2862717
376237124,530,1,receive,373374600,2862524
376462562,436,1,receive,373374829,3087733
376463031,130,5,receive,373375029,3088002
376463605,636,2,receive,373376013,3087592
376464065,90,5,receive,373376866,3087199
376464541,508,1,receive,373376887,3087654
376465012,972,2,receive,373377276,3087736
376465469,130,6,receive,373376476,3088993
376465941,426,5,receive,373377644,3088297
376466418,634,3,receive,373378345,3088073
376466894,918,1,receive,373378463,3088431
376707857,618,1,receive,373379066,3328791
376708323,166,3,receive,373380013,3328310
376708932,112,2,receive,373285041,3423891
376709392,8,5,receive,373278178,3431214
376709837,196,6,receive,373381922,3327915
376710333,868,3,receive,373382063,3328270
376710797,90,6,receive,373382316,3328481
376711285,340,1,receive,373296934,3414351
376711768,400,4,receive,373382781,3328987
376712264,432,3,receive,373383008,3329256
376963448,486,4,receive,373383975,3579473
376963925,126,2,receive,373305048,3658877
376964460,222,1,receive,373375932,3588528
376964890,316,1,receive,373386209,3578681
376965316,486,5,receive,373386787,3578529
376965768,730,2,receive,373387278,3578490
376966223,2,5,receive,373273391,3692832
376966673,154,3,receive,373388709,3577964
376967113,734,1,receive,373389539,3577574
376967568,444,1,receive,373334200,3633368
377192158,436,2,receive,373390018,3802140
377192630,492,2,receive,373390020,3802610
377193189,638,1,receive,373371725,3821464
377193632,366,1,receive,373390145,3803487
377194086,618,2,receive,373390437,3803649
377194531,62,4,receive,373250337,3944194
377194976,774,1,receive,373390624,3804352
377195419,756,1,receive,373390885,3804534
377195874,554,2,receive,373391272,3804602
377196331,196,7,receive,373391318,3805013
377419876,678,1,receive,373391717,4028159
377420354,964,2,receive,373391772,4028582
377420913,724,1,receive,373392160,4028753
377421361,64,4,receive,373354344,4067017
377421821,488,2,receive,373393759,4028062
377422278,798,3,receive,373393968,4028310
377422728,320,4,receive,373394395,4028333
377423169,222,2,receive,373395466,4027703
377423658,778,5,receive,373395541,4028117
377424119,778,6,receive,373395881,4028238
377656453,32,3,receive,373285087,4371366
377656927,206,4,receive,373396720,4260207
377657500,336,1,receive,373396941,4260559
377657946,2,6,receive,373393761,4264185
377658380,766,2,receive,373397603,4260777
377658839,352,1,receive,373355333,4303506
377659297,164,2,receive,373287511,4371786
377659740,434,1,receive,373398867,4260873
377660198,804,1,receive,373398932,4261266
377660656,456,2,receive,373399942,4260714
377891510,612,2,receive,373391742,4499768
377891995,858,1,receive,373343766,4548229
377892592,150,5,receive,373400589,4492003
377893049,560,1,receive,373401198,4491851
377893576,330,1,receive,373400981,4492595
377894068,204,2,receive,373401651,4492417
377894515,564,1,receive,373401672,4492843
377894986,222,3,receive,373402437,4492549
377895459,778,7,receive,373402673,4492786
378112530,230,4,receive,373403215,4709315
378113030,586,1,receive,373403229,4709801
378113711,670,3,receive,373403888,4709823
378114179,982,1,receive,373404064,4710115
378114644,592,2,receive,373404299,4710345
378115101,554,3,receive,373404704,4710397
378115556,994,1,receive,373404655,4710901
378116009,634,4,receive,373405133,4710876
378116470,634,5,receive,373405599,4710871
378332627,426,6,receive,373405950,4926677
378333217,964,3,receive,373407361,4925856
378333668,316,2,receive,373407547,4926121
378334106,844,1,receive,373407892,4926214
378334564,586,2,receive,373408806,4925758
378335009,566,1,receive,373360373,4974636
378335468,482,1,receive,373410119,4925349
378335904,370,1,receive,373410438,4925466
378336390,836,1,receive,373411253,4925137
378336851,836,2,receive,373411872,4924979
378511824,54,2,receive,373411868,5099956
378512243,150,6,receive,373412059,5100184
378512808,252,2,receive,373415349,5097459
378513329,312,3,receive,373415998,5097331
378513792,448,2,receive,373327134,5186658
378514193,312,4,receive,373416340,5097853
378514604,238,1,receive,373416159,5098445
378514997,396,1,receive,373416732,5098265
378515448,868,4,receive,373416750,5098698
378515949,640,2,receive,373417199,5098750
378516504,318,1,receive,373417412,5099092
378705622,530,2,receive,373420076,5285546
378706240,746,1,receive,373420030,5286210
378706616,192,2,receive,373420126,5286490
378707089,810,1,receive,373420516,5286573
378707471,502,1,receive,373422960,5284511
378707840,888,1,receive,373423157,5284683
378708223,892,1,receive,373424788,5283435
378708593,896,1,receive,373425194,5283399
378708988,244,1,receive,373425208,5283780
378709385,924,1,receive,373425571,5283814
378709763,82,3,receive,373387972,5321791
378713232,964,4,receive,373427070,5286162
378889206,300,2,receive,373427165,5462041
378889618,492,3,receive,373427954,5461664
378890150,166,4,receive,373430014,5460136
378890537,332,2,receive,373417168,5473369
378890914,428,1,receive,373430101,5460813
378891365,792,1,receive,373430663,5460702
378891748,450,1,receive,373431662,5460086
378892127,582,2,receive,373432544,5459583
378892507,506,1,receive,373432861,5459646
378892924,538,1,receive,373433495,5459429
378893321,478,1,receive,373433985,5459336
378893704,230,5,receive,373434750,5458954
379063743,498,1,receive,373436296,5627447
379064216,964,5,receive,373438204,5626012
379064786,166,5,receive,373438419,5626367
379065244,300,3,receive,373438927,5626317
379065698,224,1,receive,373439255,5626443
379066153,124,1,receive,373430406,5635747
379066628,486,6,receive,373440016,5626612
379067087,860,1,receive,373336252,5730835
379067548,136,1,receive,373374011,5693537
379237545,258,1,receive,373440131,5797414
379238016,788,1,receive,373440383,5797633
379238568,584,1,receive,373440677,5797891
379239020,860,2,receive,373442319,5796701
379239475,972,3,receive,373442573,5796902
379239946,352,2,receive,373443173,5796773
379240410,598,2,receive,373443786,5796624
379240867,312,5,receive,373444006,5796861
379241329,612,3,receive,373444252,5797077
379241778,868,5,receive,373446264,5795514
379410602,150,7,receive,373447583,5963019
379411142,730,3,receive,373448020,5963122
379411715,964,6,receive,373450038,5961677
379412207,358,1,receive,373450130,5962077
379412699,364,1,receive,373450269,5962430
379413163,430,1,receive,373450892,5962271
379413633,240,1,receive,373451132,5962501
379414090,312,6,receive,373451246,5962844
379414571,656,1,receive,373452049,5962522
379415147,284,2,receive,373428397,5986750
379570924,696,1,receive,373453421,6117503
379571378,362,1,receive,373453682,6117696
379572045,320,5,receive,373453829,6118216
379572485,252,3,receive,373455163,6117322
379572956,274,2,receive,373407508,6165448
379573431,338,2,receive,373455536,6117895
379573878,510,1,receive,373456262,6117616
379574322,730,4,receive,373457374,6116948
379574811,868,6,receive,373457618,6117193
379575296,236,1,receive,373460929,6114367
379729254,178,1,receive,373391181,6338073
379729721,500,1,receive,373461772,6267949
379730307,598,3,receive,373462312,6267995
379730754,616,1,receive,373463550,6267204
379731210,334,1,receive,373464651,6266559
379731673,360,1,receive,373465058,6266615
379732115,634,6,receive,373465210,6266905
379732560,252,4,receive,373467636,6264924
379733004,274,3,receive,373467950,6265054
379733463,282,1,receive,373468146,6265317
379893148,456,4,receive,373468388,6424760
379893617,352,3,receive,373468467,6425150
379894170,932,1,receive,373468666,6425504
379894642,204,3,receive,373469146,6425496
379895092,292,1,receive,373469744,6425348
379895570,818,3,receive,373470014,6425556
379896043,492,4,receive,373470026,6426017
379896614,458,1,receive,373470440,6426174
379897075,472,1,receive,373470774,6426301
379897568,516,1,receive,373471220,6426348
380054722,120,1,receive,373471753,6582969
380055282,54,3,receive,373474163,6581119
380055921,486,7,receive,373475225,6580696
380056516,408,4,receive,373392875,6663641
380056992,370,2,receive,373476086,6580906
380057458,766,4,receive,373476408,6581050
380057958,606,2,receive,373476561,6581397
380058448,982,2,receive,373476707,6581741
380058911,982,3,receive,373476867,6582044
380204881,228,2,receive,373477160,6727721
380205363,316,3,receive,373478532,6726831
380205918,392,1,receive,373478739,6727179
380206367,504,3,receive,373718720,6487647
380206815,626,2,receive,373718886,6487929
380207288,514,5,receive,373719075,6488213
380207818,996,2,receive,373719311,6488507
380208313,794,1,receive,373719281,6489032
380208783,826,1,receive,373719495,6489288
380346650,960,1,receive,373631505,6715145
380347128,580,1,receive,373403711,6943417
380347705,956,1,receive,373624060,6723645
380348173,854,6,receive,373720038,6628135
380348625,910,1,receive,373720077,6628548
380349165,618,8,receive,373720190,6628975
380349632,442,3,receive,373720727,6628905
380350100,848,5,receive,373720859,6629241
380350522,670,11,receive,373722008,6628514
380468870,686,8,receive,373722382,6746488
380469473,864,4,receive,373722850,6746623
380471458,554,10,receive,373723088,6748370
380472184,702,7,receive,373723138,6749046
380472649,416,3,receive,373723492,6749157
380473126,454,1,receive,373422506,7050620
380473701,454,2,receive,373723780,6749921
380474417,618,9,receive,373723799,6750618
380595215,790,2,receive,373724049,6871166
380596158,844,3,receive,373867475,6728683
380596746,438,2,receive,373876973,6719773
380597225,128,9,receive,374059911,6537314
380598384,14,10,receive,373816568,6781816
380599340,14,11,receive,374060522,6538818
380599931,414,2,receive,373857419,6742512
380725747,854,8,receive,373784150,6941597
380726209,428,4,receive,373806710,6919499
380726753,552,2,receive,373769350,6957403
380727214,972,12,receive,373872143,6855071
380727670,460,5,receive,373735536,6992134
380728112,418,11,receive,374063851,6664261
380728565,98,6,receive,374155012,6573553
380728984,140,7,receive,374146536,6582448
380729429,28,8,receive,374036574,6692855
380729899,218,6,receive,374365434,6364465
380730394,508,12,receive,374152595,6577799
380847783,118,4,receive,374176789,6670994
380848273,362,8,receive,374155306,6692967
380848816,322,4,receive,374184367,6664449
380849273,540,8,receive,374164805,6684468
380849730,790,6,receive,374193954,6655776
380850219,992,4,receive,374155702,6694517
380850721,84,7,receive,374200600,6650121
380851188,868,17,receive,374581357,6269831
380851673,478,13,receive,374568711,6282962
380852157,602,6,receive,374521697,6330460
380977147,850,4,receive,374579995,6397152
380977642,38,10,receive,374568970,6408672
380978221,534,7,receive,374592104,6386117
380978712,478,14,receive,374784084,6194628
380979212,688,8,receive,374565207,6414005
380979703,424,9,receive,374601597,6378106
380980202,720,4,receive,374202950,6777252
380980691,428,7,receive,374539901,6440790
380981193,38,11,receive,374785494,6195699
380981678,830,4,receive,374594227,6387451
381105692,990,6,receive,374588303,6517389
381106453,510,10,receive,374561243,6545210
381107401,370,7,receive,374516645,6590756
381107856,830,5,receive,374787745,6320111
381108335,864,9,receive,374600273,6508062
381108841,672,7,receive,374593768,6515073
381109320,936,5,receive,374600503,6508817
381109890,110,9,receive,374637732,6472158
381110505,904,7,receive,374566133,6544372
381234852,788,5,receive,374553739,6681113
381235359,510,12,receive,375369213,5866146
381235979,986,12,receive,375165704,6070275
381236466,62,12,receive,375199407,6037059
381236955,166,15,receive,375319101,5917854
381237483,106,10,receive,375160532,6076951
381237971,754,8,receive,375138954,6099017
381238471,74,14,receive,375168278,6070193
381238959,750,11,receive,375137824,6101135
381350090,644,6,receive,374743858,6606232
381350699,180,10,receive,375169030,6181669
381351350,200,9,receive,375162542,6188808
381351810,388,9,receive,375176912,6174898
381352332,240,11,receive,375178237,6174095
381352807,758,10,receive,375160239,6192568
381353341,648,8,receive,375471265,5882076
381353827,976,8,receive,375503551,5850276
381354328,16,11,receive,375538581,5815747
381354812,372,16,receive,375523813,5830999
381454161,40,15,receive,375508352,5945809
381455837,992,9,receive,375423631,6032206
381456326,370,11,receive,375484728,5971598
381458965,556,15,receive,375500223,5958742
381549444,634,16,receive,375262380,6287064
381550090,450,13,receive,375522371,6027719
381550681,792,11,receive,375500776,6049905
381551177,440,8,receive,375465352,6085825
381551673,70,16,receive,375469383,6082290
381552181,598,14,receive,375799064,5753117
381552661,274,14,receive,375771214,5781447
381553135,580,13,receive,375773598,5779537
381553611,420,13,receive,376002825,5550786
381643313,982,25,receive,375772291,5871022
381643824,904,12,receive,375806835,5836989
381644643,120,12,receive,375813904,5830739
381645084,892,13,receive,375782202,5862882
381645520,916,10,receive,375813527,5831993
381645984,680,11,receive,375796982,5849002
381646456,862,14,receive,376005679,5640777
381646942,150,23,receive,375983503,5663439
381647436,888,16,receive,376039246,5608190
381647945,806,16,receive,376019385,5628560
381735855,550,10,receive,376004025,5731830
381736327,522,17,receive,376026393,5709934
381736925,88,13,receive,376049288,5687637
381737402,480,10,receive,376033761,5703641
381738303,812,9,receive,375882004,5856299
381738793,842,16,receive,376024613,5714180
381739304,24,15,receive,376256947,5482357
381740021,400,19,receive,376206011,5534010
381824366,406,11,receive,376262333,5562033
381824980,128,17,receive,376273802,5551178
381825658,598,16,receive,376251875,5573783
381826175,248,14,receive,376259491,5566684
381826676,658,14,receive,376263445,5563231
381827307,866,11,receive,376237009,5590298
381827813,908,14,receive,376290547,5537266
381828765,474,11,receive,376244387,5584378
381909860,844,17,receive,376707755,5202105
381910381,24,16,receive,376489447,5420934
381910971,866,12,receive,376490950,5420021
381911487,406,13,receive,376709814,5201673
381911977,18,16,receive,376534117,5377860
381912476,364,14,receive,376504543,5407933
381912962,206,17,receive,376528984,5383978
381913466,990,14,receive,376486035,5427431
381913936,520,18,receive,376503343,5410593
381914427,236,14,receive,376477836,5436591
381998006,522,20,receive,376741943,5256063
381998519,622,8,receive,376693145,5305374
381999116,2,25,receive,376742165,5256951
381999614,716,18,receive,376748261,5251353
382000107,358,22,receive,376737761,5262346
382000654,240,18,receive,376810564,5190090
382001349,292,17,receive,376779998,5221351
382001816,758,18,receive,376755267,5246549
382002358,586,16,receive,376744328,5258030
382002787,358,23,receive,376968450,5034337
382077425,398,15,receive,377004779,5072646
382077939,144,19,receive,377194215,4883724
382078529,510,18,receive,376864777,5213752
382079029,632,18,receive,377194529,4884500
382079521,128,21,receive,376985875,5093646
382079974,52,21,receive,376983666,5096308
382080671,964,24,receive,376968136,5112535
382081160,76,19,receive,376971580,5109580
382081869,62,20,receive,377027502,5054367
382165717,302,12,receive,376947576,5218141
382166212,70,24,receive,377420343,4745869
382166723,680,17,receive,377207376,4959347
382167217,52,22,receive,377226999,4940218
382167672,458,20,receive,377238463,4929209
382168187,572,22,receive,377242979,4925208
382168655,848,21,receive,377213951,4954704
382169248,546,10,receive,377230268,4938980
382169747,862,19,receive,377235101,4934646
382170236,934,23,receive,377208491,4961745
382256073,144,20,receive,377217105,5038968
382256588,144,21,receive,377440175,4816413
382257237,636,24,receive,377454355,4802882
382258136,398,17,receive,377431891,4826245
382258646,862,21,receive,377658197,4600449
382259144,458,22,receive,377658335,4600809
382259625,766,23,receive,377460954,4798671
382260111,964,26,receive,377455963,4804148
382322938,304,19,receive,377484565,4838373
382323593,192,21,receive,377479464,4844129
382324089,126,20,receive,377427299,4896790
382324575,508,27,receive,377668333,4656242
382325055,144,22,receive,377671127,4653928
382325554,304,20,receive,377691554,4634000
382326028,964,27,receive,377682163,4643865
382326547,746,27,receive,377699320,4627227
382327028,882,20,receive,377705830,4621198
382327539,566,22,receive,377716426,4611113
382370895,468,20,receive,377706150,4664745
382371494,780,22,receive,377680682,4690812
382371971,192,23,receive,377891607,4480364
382372753,910,23,receive,377892184,4480569
382373593,258,14,receive,377794438,4579155
382374098,306,21,receive,377922798,4451300
382374699,506,25,receive,377907697,4467002
382375208,486,33,receive,377917569,4457639
382375683,306,22,receive,378116699,4258984
382376164,546,14,receive,377908768,4467396
382415350,442,25,receive,377947588,4467762
382415948,306,23,receive,378156834,4259114
382416420,106,22,receive,378131488,4284932
382416917,858,20,receive,378112853,4304064
382417421,522,26,receive,378150854,4266567
382417902,192,24,receive,378119494,4298408
382418425,746,29,receive,378117625,4300800
382418921,858,21,receive,378335511,4083410
382419423,344,24,receive,378131690,4287733
382419950,566,24,receive,378163931,4256019
382458769,468,23,receive,378139635,4319134
382459381,896,25,receive,378325893,4133488
382459892,172,25,receive,378358354,4101538
382470852,948,20,receive,378350171,4120681
382471374,818,25,receive,378323150,4148224
382471980,534,24,receive,378370194,4101786
382472477,446,22,receive,378301045,4171432
382472982,38,26,receive,378317012,4155970
382473524,900,24,receive,378325341,4148183
382474007,796,24,receive,378322473,4151534
382474505,566,25,receive,378363332,4111173
382475027,370,24,receive,378547069,3927958
382517198,642,23,receive,378558453,3958745
382517945,548,27,receive,378536995,3980950
382518432,558,24,receive,378547470,3970962
382518914,370,25,receive,378706772,3812142
382519413,728,25,receive,378548700,3970713
382519906,30,24,receive,378552588,3967318
382520474,952,22,receive,378525981,3994493
382520958,902,22,receive,378547039,3973919
382521487,350,23,receive,378499082,4022405
382521979,642,24,receive,378709626,3812353
382522463,104,30,receive,378533002,3989461
382522979,282,28,receive,378713493,3809486
382567036,430,24,receive,378710648,3856388
382567535,364,25,receive,378703346,3864189
382568135,648,23,receive,378737657,3830478
382568665,912,28,receive,378890921,3677744
382569151,566,27,receive,378744372,3824779
382569643,398,24,receive,378725914,3843729
382570188,520,29,receive,378729848,3840340
382570694,558,25,receive,378721234,3849460
382571254,188,24,receive,378729116,3842138
382611252,270,29,receive,378745227,3866025
382611781,230,32,receive,378718022,3893759
382612600,708,29,receive,378717165,3895435
382613342,276,26,receive,378910208,3703134
382614015,132,26,receive,378895835,3718180
382614530,968,25,receive,378897107,3717423
382615308,236,26,receive,378907777,3707531
382672136,348,31,receive,378919942,3752194
382672697,172,28,receive,378913677,3759020
382673292,68,28,receive,378888779,3784513
382673766,634,28,receive,378883445,3790321
382674254,30,26,receive,378922141,3752113
382674742,668,26,receive,379056616,3618126
382675465,778,35,receive,379086130,3589335
382676048,172,29,receive,379108350,3567698
382676689,362,32,receive,379087252,3589437
382724941,992,24,receive,379031266,3693675
382725544,726,29,receive,379046537,3679007
382726430,416,32,receive,379059400,3667030
382726951,620,31,receive,379081406,3645545
382727405,168,26,receive,379081857,3645548
382727812,444,27,receive,379051638,3676174
382728224,726,30,receive,379287751,3440473
382728640,200,28,receive,379226405,3502235
382729041,682,33,receive,379262660,3466381
382729494,196,35,receive,379298122,3431372
382729921,992,25,receive,379284520,3445401
382730409,498,35,receive,379270898,3459511
382730833,220,28,receive,379306941,3423892
382780018,486,41,receive,379274805,3505213
382780705,594,38,receive,379277101,3503604
382781115,944,27,receive,379274652,3506463
382781644,650,29,receive,379450593,3331051
382782394,694,29,receive,379427705,3354689
382783030,76,31,receive,379441462,3341568
382783503,246,28,receive,379408814,3374689
382784062,874,33,receive,379453290,3330772
382784618,106,28,receive,379383438,3401180
382830083,402,27,receive,379469195,3360888
382830570,148,27,receive,379453648,3376922
382831173,154,32,receive,379445981,3385192
382831789,390,30,receive,379426549,3405240
382832269,498,37,receive,379609187,3223082
382832923,138,30,receive,379597425,3235498
382833413,996,33,receive,379652156,3181257
382834072,526,30,receive,379595588,3238484
382834720,390,31,receive,379581133,3253587
382835204,480,27,receive,379591584,3243620
382835706,362,35,receive,379614282,3221424
382836190,490,33,receive,379596429,3239761
382878341,78,35,receive,379630165,3248176
382878860,516,27,receive,379584746,3294114
382879454,290,29,receive,379768012,3111442
382879952,732,39,receive,379802315,3077637
382880465,10,33,receive,379786242,3094223
382880964,146,31,receive,379783565,3097399
382881504,516,28,receive,379777052,3104452
382881994,368,40,receive,379756398,3125596
382882558,978,28,receive,379763366,3119192
382883049,390,32,receive,379767860,3115189
382922858,340,34,receive,379765677,3157181
382923386,696,32,receive,379922228,3001158
382923952,218,32,receive,379920586,3003366
382924445,970,35,receive,379924581,2999864
382926437,950,32,receive,379914544,3011893
382927009,552,34,receive,379920802,3006207
382927517,282,36,receive,379939279,2988238
382961482,188,32,receive,379951308,3010174
382961987,436,46,receive,379920815,3041172
382962561,876,33,receive,379948732,3013829
382963090,56,32,receive,379958405,3004685
382963580,750,36,receive,380078421,2885159
382964079,126,35,receive,380113295,2850784
382964596,860,33,receive,380093283,2871313
382965098,406,34,receive,380078078,2887020
382965631,804,47,receive,380082437,2883194
382998576,638,30,receive,380063557,2935019
382999088,762,40,receive,380081442,2917646
382999677,68,37,receive,380079420,2920257
383000189,106,32,receive,380088990,2911199
383000699,932,34,receive,380211768,2788931
383001200,282,38,receive,380258510,2742690
383001713,406,35,receive,380223622,2778091
383002212,762,41,receive,380227198,2775014
383002720,710,27,receive,380311229,2691491
383003223,134,36,receive,380249725,2753498
383040911,638,31,receive,380236139,2804772
383041495,714,35,receive,380248438,2793057
383042004,458,39,receive,380255616,2786388
383042526,124,42,receive,380395183,2647343
383043015,406,36,receive,380397119,2645896
383043502,458,40,receive,380354618,2688884
383044003,676,33,receive,380406715,2637288
383044485,70,41,receive,380384947,2659538
383044970,956,37,receive,380365862,2679108
383045458,568,33,receive,380369716,2675742
383082883,734,44,receive,380508311,2574572
383083405,960,40,receive,380489738,2593667
383083910,754,38,receive,380527460,2556450
383084422,514,41,receive,380507752,2576670
383084933,458,41,receive,380498642,2586291
383085428,836,43,receive,380513513,2571915
383085970,684,42,receive,380543850,2542120
383086551,382,41,receive,380518341,2568210
383087053,274,36,receive,380635952,2451101
383126239,120,38,receive,380654944,2471295
383126741,422,43,receive,380630846,2495895
383127350,550,38,receive,380638299,2489051
383127923,504,39,receive,380683457,2444466
383128440,380,37,receive,380648666,2479774
383128930,786,41,receive,380655795,2473135
383129429,702,45,receive,380622936,2506493
383129943,702,46,receive,380730938,2399005
383130435,318,38,receive,380664973,2465462
383130943,254,37,receive,380651939,2479004
383164579,504,40,receive,380738780,2425799
383165093,502,49,receive,380773611,2391482
383165673,734,46,receive,380747120,2418553
383166338,362,43,receive,380743084,2423254
383167487,994,41,receive,380849897,2317590
383167996,808,45,receive,380731058,2436938
383168494,148,37,receive,380758794,2409700
383168976,418,49,receive,380753930,2415046
383169462,990,40,receive,380743153,2426309
383203189,218,39,receive,380763312,2439877
383203733,238,42,receive,380920012,2283721
383204315,876,41,receive,380978371,2225944
383204827,834,40,receive,380895485,2309342
383205332,694,40,receive,380909104,2296228
383205851,994,42,receive,380900875,2304976
383206350,714,40,receive,380869514,2336836
383206858,192,43,receive,380869400,2337458
383207386,366,46,receive,380918983,2288403
383207868,428,39,receive,380883197,2324671
383208364,858,39,receive,380888188,2320176
383241638,330,45,receive,381011940,2229698
383242125,136,45,receive,381032441,2209684
383242625,134,43,receive,381026750,2215875
383243135,716,42,receive,381008939,2234196
383243645,858,41,receive,380992699,2250946
383244135,480,39,receive,381010249,2233886
383244634,340,43,receive,381047208,2197426
383245114,340,44,receive,381112836,2132278
383245610,678,52,receive,381002319,2243291
383246121,804,55,receive,381138708,2107413
383246611,650,43,receive,381235836,2010775
383247098,564,48,receive,381134415,2112683
383247619,778,51,receive,381160412,2087207
383262309,758,47,receive,381131920,2130389
383263948,896,45,receive,381138036,2125912
383266141,210,50,receive,381135648,2130493
383268219,898,44,receive,381162205,2106014
383270257,446,42,receive,381110775,2159482
383272274,804,56,receive,381245808,2026466
383274011,96,47,receive,381262621,2011390
383277473,504,45,receive,381296144,1981329
383279021,266,51,receive,381281354,1997667
383280872,714,44,receive,381350189,1930683
383283330,764,45,receive,381285265,1998065
383285756,154,48,receive,381267099,2018657
383287624,342,47,receive,381296339,1991285
383289431,676,41,receive,381284314,2005117
383291948,912,48,receive,381408253,1883695
383294533,764,46,receive,381365251,1929282
383297230,436,58,receive,381396419,1900811
383299815,786,49,receive,381409918,1889897
383302921,934,50,receive,381393285,1909636
383305110,166,55,receive,381490592,1814518
383309358,550,46,receive,381471699,1837659
383311509,876,48,receive,381479884,1831625
383313899,808,55,receive,381503311,1810588
383315862,522,51,receive,381521640,1794222
383317367,120,47,receive,381511723,1805644
