receive_timestamp,source_vehicle,message_id,event_type,send_timestamp,latency_us
18841400188,70,1,receive,18841326788,73400
18841400592,70,2,receive,18841327272,73320
18841401005,34,2,receive,18841328992,72013
18841401393,100,1,receive,18841329814,71579
18841401721,136,1,receive,18841330056,71665
18841402044,126,1,receive,18841330084,71960
18841402373,96,1,receive,18841331263,71110
18841402735,96,2,receive,18841331899,70836
18841403078,140,3,receive,18841332856,70222
18841403400,102,1,receive,18841332884,70516
18841403722,122,1,receive,18841333860,69862
18841404046,76,2,receive,18841334009,70037
18841404374,120,2,receive,18841334414,69960
18841404725,118,1,receive,18841335105,69620
18841405072,118,2,receive,18841335873,69199
18841405403,140,4,receive,18841337258,68145
18841405731,138,1,receive,18841338523,67208
18841406063,120,3,receive,18841338815,67248
18841406388,56,2,receive,18841339254,67134
18841406758,28,2,receive,18841340023,66735
18841407082,80,2,receive,18841341130,65952
18841407454,6,1,receive,18841341213,66241
18841407798,34,3,receive,18841341509,66289
18841408139,86,3,receive,18841341639,66500
18841408475,38,1,receive,18841341795,66680
18841408889,86,4,receive,18841342029,66860
18841409232,118,3,receive,18841342899,66333
18841409563,140,5,receive,18841345630,63933
18841409904,76,3,receive,18841345913,63991
18841660348,64,1,receive,18841346302,314046
18841660739,10,1,receive,18841346504,314235
18841661521,92,2,receive,18841347742,313779
18841661912,52,2,receive,18841348572,313340
18841662367,140,6,receive,18841348951,313416
18841663362,142,1,receive,18841349378,313984
18841663723,54,2,receive,18841349713,314010
18841838904,120,4,receive,18841350221,488683
18841839335,16,1,receive,18841352218,487117
18841839729,48,1,receive,18841352766,486963
18841840137,8,1,receive,18841353060,487077
18841840528,110,1,receive,18841353267,487261
18841840928,86,5,receive,18841353353,487575
18841841332,158,2,receive,18841354631,486701
18841841723,50,1,receive,18841354700,487023
18841842111,36,2,receive,18841354783,487328
18841842494,154,2,receive,18841355166,487328
18841842889,76,4,receive,18841355306,487583
18841843294,156,1,receive,18841356683,486611
18841843693,20,2,receive,18841357182,486511
18841844084,40,2,receive,18841357689,486395
18841844474,24,1,receive,18841357913,486561
18841844862,192,1,receive,18841358295,486567
18841998336,26,2,receive,18841359280,639056
18841998756,66,2,receive,18841359433,639323
18841999207,30,1,receive,18841360804,638403
18841999667,150,1,receive,18841360895,638772
18842000168,96,3,receive,18841361211,638957
18842000619,132,1,receive,18841361305,639314
18842001059,42,2,receive,18841362809,638250
18842001506,46,1,receive,18841362920,638586
18842001941,114,1,receive,18841364200,637741
18842002508,88,1,receive,18841364557,637951
18842081481,20,3,receive,18841365456,716025
18842081990,96,4,receive,18841365704,716286
18842082442,84,2,receive,18841366799,715643
18842082964,40,3,receive,18841366904,716060
18842083471,120,5,receive,18841367514,715957
18842096493,136,2,receive,18841367664,728829
18842096882,2,1,receive,18841369372,727510
18842097265,80,3,receive,18841369642,727623
18842097694,34,4,receive,18841370016,727678
18842098138,112,1,receive,18841370738,727400
18842098582,78,1,receive,18841372617,725965
18842099024,104,1,receive,18841373015,726009
18842099572,98,2,receive,18841373202,726370
18842100063,184,1,receive,18841373484,726579
18842100640,180,1,receive,18841374003,726637
18842101088,86,6,receive,18841374688,726400
18842101598,60,1,receive,18841375025,726573
18842140939,12,1,receive,18841375431,765508
18842141455,128,1,receive,18841376126,765329
18842153512,136,3,receive,18841376934,776578
18842154030,80,4,receive,18841377901,776129
18842154517,154,3,receive,18841378095,776422
18842155023,126,2,receive,18841378314,776709
18842155582,192,2,receive,18841378700,776882
18842156071,190,1,receive,18841380050,776021
18842174341,124,1,receive,18841380566,793775
18842174787,6,2,receive,18841380910,793877
18842175274,28,3,receive,18841381006,794268
18842175771,146,1,receive,18841381406,794365
18842176260,166,1,receive,18841381576,794684
18842205992,144,1,receive,18841381709,824283
18842206443,62,1,receive,18841382102,824341
18842206963,134,1,receive,18841382195,824768
18842207544,140,7,receive,18841382284,825260
18842239373,164,1,receive,18841382545,856828
18842239856,36,3,receive,18841383315,856541
18842240325,76,5,receive,18841383766,856559
18842240778,76,6,receive,18841383973,856805
18842241230,106,1,receive,18841384342,856888
18842241701,38,2,receive,18841384942,856759
18842242146,102,2,receive,18841385390,856756
18842242659,122,2,receive,18841385759,856900
18842243106,188,1,receive,18841385938,857168
18842243562,92,3,receive,18841386262,857300
18842244023,170,1,receive,18841388448,855575
18842244473,52,3,receive,18841389199,855274
18842244926,6,3,receive,18841390009,854917
18842288625,152,1,receive,18841390024,898601
18842289081,156,2,receive,18841392769,896312
18842289533,168,1,receive,18841393182,896351
18842290013,14,1,receive,18841394788,895225
18842290455,56,3,receive,18841394879,895576
18842290905,154,4,receive,18841395438,895467
18842291367,6,4,receive,18841396300,895067
18842291825,86,7,receive,18841396895,894930
18842292310,54,3,receive,18841397175,895135
18842292769,126,3,receive,18841398254,894515
18842293218,156,3,receive,18841398552,894666
18842340520,120,6,receive,18841398863,941657
18842341000,36,4,receive,18841399133,941867
18842341502,42,3,receive,18841399372,942130
18842342012,70,3,receive,18841399851,942161
18842342458,48,2,receive,18841400154,942304
18842343049,118,4,receive,18841400269,942780
18842343549,158,3,receive,18841402023,941526
18842344102,178,1,receive,18841402480,941622
18842344560,70,4,receive,18841404117,940443
18842345105,84,3,receive,18841404244,940861
18842382096,146,2,receive,18841404704,977392
18842382573,138,2,receive,18841405178,977395
18842383017,26,3,receive,18841405602,977415
18842383451,120,7,receive,18841406062,977389
18842383893,76,7,receive,18841406334,977559
18842384351,80,5,receive,18841407310,977041
18842384851,136,4,receive,18841408450,976401
18842385302,118,5,receive,18841409639,975663
18842385745,74,1,receive,18841409941,975804
18842386184,34,5,receive,18841409983,976201
18842429839,192,3,receive,18841410163,1019676
18842430307,40,4,receive,18841410392,1019915
18842430752,122,3,receive,18841410490,1020262
18842431212,142,2,receive,18841410654,1020558
18842431676,86,8,receive,18841411176,1020500
18842432119,6,5,receive,18841411424,1020695
18842432563,144,2,receive,18841411857,1020706
18842433024,16,2,receive,18841412216,1020808
18842433472,180,2,receive,18841412571,1020901
18842433911,150,2,receive,18841412613,1021298
18842434350,94,1,receive,18841412614,1021736
18842477203,64,2,receive,18841413663,1063540
18842477645,126,4,receive,18841415105,1062540
18842478089,38,3,receive,18841415464,1062625
18842478534,96,5,receive,18841415720,1062814
18842479006,194,1,receive,18841415814,1063192
18842479448,200,1,receive,18841415786,1063662
18842479901,98,3,receive,18841416110,1063791
18842480413,158,4,receive,18841416244,1064169
18842480876,114,2,receive,18841417053,1063823
18842481376,66,3,receive,18841417220,1064156
18842481881,46,2,receive,18841417578,1064303
18842482333,120,8,receive,18841418274,1064059
18842524503,36,5,receive,18841418363,1106140
18842524952,136,5,receive,18841418779,1106173
18842525380,46,3,receive,18841419594,1105786
18842525829,56,4,receive,18841419746,1106083
18842526286,122,4,receive,18841419853,1106433
18842526731,188,2,receive,18841420914,1105817
18842527289,162,1,receive,18841420931,1106358
18842527723,152,2,receive,18841421553,1106170
18842528230,52,4,receive,18841421620,1106610
18842528807,102,3,receive,18841422110,1106697
18842566844,76,8,receive,18841422313,1144531
18842567303,26,4,receive,18841423914,1143389
18842567762,140,8,receive,18841424670,1143092
18842568209,176,1,receive,18841425565,1142644
18842568659,84,4,receive,18841425678,1142981
18842569108,164,2,receive,18841427217,1141891
18842569563,168,2,receive,18841427524,1142039
18842570013,172,1,receive,18841427625,1142388
18842570460,158,5,receive,18841428464,1141996
18842570937,132,2,receive,18841428579,1142358
18842619399,118,6,receive,18841429393,1190006
18842619869,150,3,receive,18841429975,1189894
18842620335,140,9,receive,18841430860,1189475
18842620776,140,10,receive,18841431015,1189761
18842621214,64,3,receive,18841431338,1189876
18842621658,28,5,receive,18841431670,1189988
18842622118,78,2,receive,18841433479,1188639
18842622562,186,1,receive,18841434160,1188402
18842623006,184,2,receive,18841434274,1188732
18842623452,106,2,receive,18841434815,1188637
18842623925,46,4,receive,18841435295,1188630
18842666565,6,6,receive,18841435479,1231086
18842667082,64,4,receive,18841435682,1231400
18842667607,30,2,receive,18841436304,1231303
18842668114,92,4,receive,18841436913,1231201
18842668698,132,3,receive,18841439057,1229641
18842669282,112,2,receive,18841439377,1229905
18842669849,60,2,receive,18841440018,1229831
18842670462,122,5,receive,18841440303,1230159
18842671031,110,2,receive,18841440292,1230739
18842671598,200,2,receive,18841440539,1231059
18842672203,102,4,receive,18841440645,1231558
18842672810,174,1,receive,18841441323,1231487
18842673350,22,1,receive,18841442093,1231257
18842720594,28,4,receive,18841391342,1329252
18842721078,168,3,receive,18841442346,1278732
18842721569,76,9,receive,18841442614,1278955
18842722038,180,3,receive,18841442729,1279309
18842722497,154,5,receive,18841442939,1279558
18842722968,194,2,receive,18841443033,1279935
18842723429,14,2,receive,18841444078,1279351
18842723888,84,5,receive,18841444999,1278889
18842724345,140,11,receive,18841445235,1279110
18842724799,170,2,receive,18841445630,1279169
18842772337,70,5,receive,18841447520,1324817
18842772802,94,2,receive,18841448245,1324557
18842773259,138,3,receive,18841448355,1324904
18842773713,152,3,receive,18841448425,1325288
18842774187,158,6,receive,18841449746,1324441
18842774640,156,4,receive,18841449772,1324868
18842775093,42,4,receive,18841450340,1324753
18842775567,26,5,receive,18841451198,1324369
18842776024,16,3,receive,18841451391,1324633
18842776480,80,6,receive,18841452503,1323977
18842818301,66,4,receive,18841453576,1364725
18842818763,66,5,receive,18841453741,1365022
18842819231,24,2,receive,18841448067,1371164
18842819684,158,7,receive,18841453944,1365740
18842820135,88,2,receive,18841453971,1366164
18842820591,54,4,receive,18841454004,1366587
18842821053,104,2,receive,18841454291,1366762
18842821501,178,2,receive,18841454596,1366905
18842821945,48,3,receive,18841454817,1367128
18842822443,4,1,receive,18841455267,1367176
18842822903,162,2,receive,18841455911,1366992
18842823358,136,6,receive,18841456378,1366980
18842823838,132,4,receive,18841458545,1365293
18842868997,116,1,receive,18841458675,1410322
18842869460,80,7,receive,18841458793,1410667
18842869917,38,4,receive,18841459804,1410113
18842870392,114,3,receive,18841460010,1410382
18842870859,80,8,receive,18841460010,1410849
18842871346,30,3,receive,18841460014,1411332
18842871807,46,5,receive,18841460061,1411746
18842872256,124,2,receive,18841460306,1411950
18842872718,144,3,receive,18841460404,1412314
18842873157,86,9,receive,18841460496,1412661
18842914628,36,6,receive,18841460778,1453850
18842915105,36,7,receive,18841460926,1454179
18842915564,102,5,receive,18841460907,1454657
18842916034,34,6,receive,18841461034,1455000
18842916503,92,5,receive,18841461229,1455274
18842916963,76,10,receive,18841461908,1455055
18842917410,142,3,receive,18841462051,1455359
18842917889,40,5,receive,18841462518,1455371
18842918337,96,6,receive,18841462581,1455756
18842918790,146,3,receive,18841445866,1472924
18842960835,56,5,receive,18841464548,1496287
18842961332,186,2,receive,18841464273,1497059
18842961804,52,5,receive,18841465177,1496627
18842962256,142,4,receive,18841465292,1496964
18842962717,146,4,receive,18841465413,1497304
18842963162,70,6,receive,18841465807,1497355
18842963629,164,3,receive,18841466073,1497556
18842964095,56,6,receive,18841466766,1497329
18842964614,120,9,receive,18841467642,1496972
18842965065,118,7,receive,18841467833,1497232
18843008660,116,2,receive,18841468028,1540632
18843009216,48,4,receive,18841469240,1539976
18843009777,150,4,receive,18841469460,1540317
18843010300,114,4,receive,18841470010,1540290
18843010805,122,6,receive,18841470009,1540796
18843011315,24,3,receive,18841470696,1540619
18843011797,14,3,receive,18841472058,1539739
18843012255,164,4,receive,18841472296,1539959
18843012716,106,3,receive,18841472359,1540357
18843013226,64,5,receive,18841473159,1540067
18843058865,66,6,receive,18841473980,1584885
18843059338,4,2,receive,18841474744,1584594
18843059838,76,11,receive,18841475188,1584650
18843060309,184,3,receive,18841475362,1584947
18843060815,14,4,receive,18841475441,1585374
18843061336,88,3,receive,18841475477,1585859
18843061802,28,6,receive,18841475984,1585818
18843062312,58,1,receive,18841477068,1585244
18843062804,12,3,receive,18841477429,1585375
18843063266,168,4,receive,18841477870,1585396
18843110023,112,3,receive,18841478966,1631057
18843110503,188,3,receive,18841480010,1630493
18843110969,94,3,receive,18841480009,1630960
18843111430,176,2,receive,18841480316,1631114
18843111885,38,5,receive,18841482074,1629811
18843112347,156,5,receive,18841482489,1629858
18843112849,106,4,receive,18841482810,1630039
18843113310,180,4,receive,18841483696,1629614
18843113765,134,2,receive,18841454589,1659176
18843114216,172,2,receive,18841484065,1630151
18843114677,180,5,receive,18841484890,1629787
18843115128,102,6,receive,18841485708,1629420
18843115577,78,3,receive,18841485852,1629725
18843162845,134,3,receive,18841485922,1676923
18843163310,106,5,receive,18841486074,1677236
18843163771,38,6,receive,18841486237,1677534
18843164240,92,6,receive,18841486565,1677675
18843164707,26,6,receive,18841486611,1678096
18843165158,92,7,receive,18841486773,1678385
18843165614,36,8,receive,18841487170,1678444
18843166071,124,3,receive,18841487563,1678508
18843166548,24,4,receive,18841487568,1678980
18843167063,16,4,receive,18841490023,1677040
18843213055,150,5,receive,18841490256,1722799
18843213545,48,5,receive,18841490373,1723172
18843214033,118,8,receive,18841490458,1723575
18843214532,84,6,receive,18841491411,1723121
18843215009,48,6,receive,18841491606,1723403
18843215479,146,5,receive,18841491771,1723708
18843215956,162,3,receive,18841492037,1723919
18843216415,28,7,receive,18841493230,1723185
18843216866,34,7,receive,18841493323,1723543
18843217346,154,6,receive,18841493365,1723981
18843260388,76,12,receive,18841493501,1766887
18843260903,186,3,receive,18841493599,1767304
18843261474,140,12,receive,18841493723,1767751
18843261965,40,6,receive,18841493863,1768102
18843262422,4,3,receive,18841494259,1768163
18843262867,38,7,receive,18841494423,1768444
18843263336,40,7,receive,18841495035,1768301
18843263804,54,5,receive,18841495395,1768409
18843264278,96,7,receive,18841496054,1768224
18843264737,42,5,receive,18841496142,1768595
18843265191,134,4,receive,18841497883,1767308
18843313818,12,4,receive,18841498154,1815664
18843314289,174,2,receive,18841498346,1815943
18843314749,48,7,receive,18841498843,1815906
18843315229,136,7,receive,18841498920,1816309
18843315688,132,5,receive,18841499405,1816283
18843316189,186,4,receive,18841499788,1816401
18843316645,120,10,receive,18841499893,1816752
18843317165,178,3,receive,18841500596,1816569
18843317620,26,7,receive,18841500840,1816780
18843318138,124,4,receive,18841500880,1817258
18843318620,140,13,receive,18841500933,1817687
18843319154,74,2,receive,18841471475,1847679
18843366636,96,8,receive,18841501222,1865414
18843367108,192,4,receive,18841466300,1900808
18843367576,178,4,receive,18841501778,1865798
18843368047,86,10,receive,18841501849,1866198
18843368506,138,4,receive,18841502033,1866473
18843368953,172,3,receive,18841502322,1866631
18843369486,158,8,receive,18841502289,1867197
18843370032,12,2,receive,18841474171,1895861
18843370495,134,5,receive,18841503120,1867375
18843371021,122,7,receive,18841504033,1866988
18843413383,70,7,receive,18841505238,1908145
18843413968,96,9,receive,18841505408,1908560
18843414499,128,2,receive,18841451092,1963407
18843415009,14,5,receive,18841506824,1908185
18843415483,80,9,receive,18841507479,1908004
18843416018,128,3,receive,18841508148,1907870
18843416522,28,8,receive,18841508538,1907984
18843416984,2,2,receive,18841478221,1938763
18843417504,64,6,receive,18841510539,1906965
18843417963,26,8,receive,18841511030,1906933
18843418421,154,7,receive,18841511583,1906838
18843466185,4,4,receive,18841511611,1954574
18843466651,118,9,receive,18841511777,1954874
18843467158,30,4,receive,18841512035,1955123
18843467694,94,4,receive,18841512680,1955014
18843468160,114,5,receive,18841512876,1955284
18843468670,46,6,receive,18841514651,1954019
18843469189,88,4,receive,18841514878,1954311
18843469649,124,5,receive,18841514983,1954666
18843470109,8,2,receive,18841515097,1955012
18843470564,8,3,receive,18841515283,1955281
18843471045,184,4,receive,18841515603,1955442
18843471511,114,6,receive,18841516092,1955419
18843524444,116,3,receive,18841508921,2015523
18843524925,128,4,receive,18841516592,2008333
18843525396,114,7,receive,18841517257,2008139
18843525852,122,8,receive,18841518240,2007612
18843526314,24,5,receive,18841518855,2007459
18843526770,140,14,receive,18841519145,2007625
18843527242,162,4,receive,18841520028,2007214
18843527700,86,11,receive,18841520079,2007621
18843528159,76,13,receive,18841520782,2007377
18843528620,64,7,receive,18841520789,2007831
18843529098,180,6,receive,18841521117,2007981
18843577646,48,8,receive,18841521129,2056517
18843578176,96,10,receive,18841521628,2056548
18843578680,174,3,receive,18841522068,2056612
18843579258,70,8,receive,18841522470,2056788
18843579814,136,8,receive,18841524167,2055647
18843580294,164,5,receive,18841524328,2055966
18843580759,42,6,receive,18841524508,2056251
18843581223,192,5,receive,18841524910,2056313
18843581691,156,6,receive,18841525765,2055926
18843582166,128,5,receive,18841526827,2055339
18843619803,178,5,receive,18841526988,2092815
18843620324,118,10,receive,18841528989,2091335
18843620785,84,7,receive,18841529671,2091114
18843621238,150,6,receive,18841531116,2090122
18843621694,40,8,receive,18841531365,2090329
18843622150,146,6,receive,18841531387,2090763
18843622630,38,8,receive,18841531695,2090935
18843623096,188,4,receive,18841531881,2091215
18843623559,42,7,receive,18841532761,2090798
18843624027,120,11,receive,18841533253,2090774
18843624484,188,5,receive,18841534140,2090344
18843624944,78,4,receive,18841535175,2089769
18843670553,114,8,receive,18841535472,2135081
18843670989,24,6,receive,18841536082,2134907
18843671553,76,14,receive,18841537023,2134530
18843672274,150,7,receive,18841537333,2134941
18843672717,148,1,receive,18841537877,2134840
18843673141,96,11,receive,18841537926,2135215
18843673563,168,6,receive,18841538653,2134910
18843674002,154,8,receive,18841538835,2135167
18843674469,134,6,receive,18841539377,2135092
18843674900,134,7,receive,18841539530,2135370
18843717990,34,8,receive,18841539584,2178406
18843718477,106,6,receive,18841537066,2181411
18843718930,192,6,receive,18841540292,2178638
18843719390,70,9,receive,18841540685,2178705
18843719838,128,6,receive,18841542078,2177760
18843720294,172,4,receive,18841542152,2178142
18843720761,46,7,receive,18841543130,2177631
18843721224,34,9,receive,18841543855,2177369
18843721669,28,9,receive,18841543860,2177809
18843722120,84,8,receive,18841544085,2178035
18843722576,118,11,receive,18841544269,2178307
18843768982,162,5,receive,18841544304,2224678
18843769459,30,5,receive,18841544287,2225172
18843769938,166,2,receive,18841389871,2380067
18843770413,158,9,receive,18841544666,2225747
18843770878,134,8,receive,18841544681,2226197
18843771335,54,6,receive,18841545284,2226051
18843771812,158,10,receive,18841545832,2225980
18843772279,164,6,receive,18841546640,2225639
18843772746,180,7,receive,18841547371,2225375
18843773221,108,1,receive,18841548209,2225012
18843823187,138,5,receive,18841549309,2273878
18843823664,14,6,receive,18841549873,2273791
18843824148,20,4,receive,18841411866,2412282
18843824626,64,8,receive,18841550149,2274477
18843825136,44,1,receive,18841550178,2274958
18843825616,120,12,receive,18841551474,2274142
18843826098,192,7,receive,18841551593,2274505
18843826556,70,10,receive,18841551916,2274640
18843827013,28,10,receive,18841552038,2274975
18843827468,122,9,receive,18841554838,2272630
18843874953,80,10,receive,18841555980,2318973
18843875488,116,4,receive,18841556215,2319273
18843876007,28,11,receive,18841556211,2319796
18843876513,84,9,receive,18841556371,2320142
18843877027,2,3,receive,18841557184,2319843
18843877529,82,1,receive,18841558026,2319503
18843878073,76,15,receive,18841558303,2319770
18843878577,26,9,receive,18841558407,2320170
18843879090,24,7,receive,18841559341,2319749
18843879594,46,8,receive,18841559425,2320169
18843880066,164,7,receive,18841559861,2320205
18843922610,8,4,receive,18841561406,2361204
18843923154,184,5,receive,18841562656,2360498
18843923657,132,6,receive,18841562754,2360903
18843924116,140,15,receive,18841563520,2360596
18843924641,42,8,receive,18841564149,2360492
18843925160,70,11,receive,18841565166,2359994
18843925633,146,7,receive,18841565743,2359890
18843926097,154,9,receive,18841566112,2359985
18843926578,4,5,receive,18841566381,2360197
18843927049,10,2,receive,18841418508,2508541
18843927508,150,8,receive,18841566586,2360922
18843975134,48,9,receive,18841566973,2408161
18843975624,174,4,receive,18841567347,2408277
18843976094,44,2,receive,18841568500,2407594
18843976561,128,7,receive,18841569375,2407186
18843977042,26,10,receive,18841569620,2407422
18843977522,38,9,receive,18841569937,2407585
18843977987,182,1,receive,18841570033,2407954
18843978451,106,7,receive,18841571337,2407114
18843978931,178,6,receive,18841571376,2407555
18843979409,136,9,receive,18841572649,2406760
18843979867,40,9,receive,18841572703,2407164
18843980332,56,7,receive,18841517272,2463060
18844029538,144,4,receive,18841520012,2509526
18844030074,118,12,receive,18841573531,2456543
18844030638,46,9,receive,18841573738,2456900
18844031100,158,11,receive,18841574102,2456998
18844031618,90,1,receive,18841574373,2457245
18844032133,4,6,receive,18841574591,2457542
18844032611,26,11,receive,18841574804,2457807
18844033084,78,5,receive,18841576557,2456527
18844033555,10,3,receive,18841576599,2456956
18844034030,30,6,receive,18841576676,2457354
18844034518,98,4,receive,18841456372,2578146
18844077538,98,5,receive,18841576897,2500641
18844078011,118,13,receive,18841577732,2500279
18844078488,48,10,receive,18841578237,2500251
18844078959,96,12,receive,18841578330,2500629
18844079428,2,4,receive,18841579521,2499907
18844079886,154,10,receive,18841580007,2499879
18844080377,190,2,receive,18841510019,2570358
18844080847,174,5,receive,18841580547,2500300
18844081314,120,13,receive,18841580710,2500604
18844081781,42,9,receive,18841582362,2499419
18844124545,162,6,receive,18841584118,2540427
18844125026,154,11,receive,18841585203,2539823
18844125576,2,5,receive,18841585782,2539794
18844126059,46,10,receive,18841586072,2539987
18844126525,132,7,receive,18841586073,2540452
18844126994,80,11,receive,18841586319,2540675
18844127460,64,9,receive,18841587566,2539894
18844127938,94,5,receive,18841557061,2570877
18844128390,168,7,receive,18841588195,2540195
18844128881,34,10,receive,18841588292,2540589
18844170727,114,9,receive,18841577858,2592869
18844171186,82,2,receive,18841589429,2581757
18844171703,82,3,receive,18841589609,2582094
18844172148,112,4,receive,18841493445,2678703
18844172668,54,7,receive,18841590647,2582021
18844173119,150,9,receive,18841591095,2582024
18844173631,96,13,receive,18841591578,2582053
18844174085,82,4,receive,18841591844,2582241
18844174587,196,1,receive,18841591887,2582700
18844175032,162,7,receive,18841592278,2582754
18844221839,178,7,receive,18841592466,2629373
18844222351,162,8,receive,18841593439,2628912
18844222919,166,3,receive,18841593950,2628969
18844223436,38,10,receive,18841594243,2629193
18844223994,112,5,receive,18841594477,2629517
18844224512,174,6,receive,18841594750,2629762
18844224998,70,12,receive,18841595721,2629277
18844225471,174,7,receive,18841596903,2628568
18844225936,60,3,receive,18841488048,2737888
18844226455,130,2,receive,18841332370,2894085
18844273562,134,9,receive,18841598435,2675127
18844274038,116,5,receive,18841598645,2675393
18844274517,14,7,receive,18841599297,2675220
18844274990,28,12,receive,18841599498,2675492
18844275456,28,13,receive,18841599654,2675802
18844275937,138,6,receive,18841599874,2676063
18844276402,146,8,receive,18841599885,2676517
18844276845,146,9,receive,18841600075,2676770
18844277301,140,16,receive,18841600882,2676419
18844277752,122,10,receive,18841601136,2676616
18844321098,14,8,receive,18841601473,2719625
18844321563,76,16,receive,18841601874,2719689
18844322066,26,12,receive,18841601983,2720083
18844322537,192,8,receive,18841602249,2720288
18844323079,128,8,receive,18841602719,2720360
18844323603,96,14,receive,18841602857,2720746
18844324116,128,9,receive,18841602922,2721194
18844324604,150,10,receive,18841603277,2721327
18844325128,122,11,receive,18841603429,2721699
18844325594,116,6,receive,18841603814,2721780
18844326069,56,8,receive,18841604020,2722049
18844326531,140,17,receive,18841604135,2722396
18844373298,24,8,receive,18841605910,2767388
18844373832,122,12,receive,18841607661,2766171
18844374347,186,5,receive,18841524036,2850311
18844374860,184,6,receive,18841608202,2766658
18844375372,132,8,receive,18841608378,2766994
18844376023,36,9,receive,18841535781,2840242
18844376534,64,10,receive,18841609526,2767008
18844376983,112,6,receive,18841609804,2767179
18844377535,142,5,receive,18841499817,2877718
18844378047,44,3,receive,18841609890,2768157
18844378502,104,3,receive,18841509649,2868853
18844379023,8,5,receive,18841611055,2767968
18844379495,146,10,receive,18841611300,2768195
18844428583,8,6,receive,18841612305,2816278
18844429060,44,4,receive,18841613081,2815979
18844429600,120,14,receive,18841613134,2816466
18844430133,6,7,receive,18841467879,2962254
18844430598,78,6,receive,18841613968,2816630
18844431128,68,1,receive,18841614228,2816900
18844431611,146,11,receive,18841615470,2816141
18844432080,24,9,receive,18841616099,2815981
18844432549,140,18,receive,18841616320,2816229
18844433016,134,10,receive,18841616670,2816346
18844433511,54,8,receive,18841616954,2816557
18844477447,194,3,receive,18841492562,2984885
18844477930,136,10,receive,18841619025,2858905
18844478398,46,11,receive,18841619468,2858930
18844478856,126,5,receive,18841433446,3045410
18844479335,158,12,receive,18841621580,2857755
18844479800,78,7,receive,18841622119,2857681
18844480284,166,4,receive,18841622271,2858013
18844480773,130,3,receive,18841622963,2857810
18844481251,98,6,receive,18841623227,2858024
18844481721,30,7,receive,18841624208,2857513
18844529036,132,9,receive,18841624692,2904344
18844529517,190,3,receive,18841625080,2904437
18844530012,96,15,receive,18841625129,2904883
18844530486,118,14,receive,18841625155,2905331
18844530942,124,6,receive,18841544081,2986861
18844531399,168,8,receive,18841625747,2905652
18844531866,106,8,receive,18841626172,2905694
18844532324,104,4,receive,18841626236,2906088
18844532782,184,7,receive,18841626464,2906318
18844533242,14,9,receive,18841626725,2906517
18844576076,38,11,receive,18841627627,2948449
18844576565,178,8,receive,18841627759,2948806
18844577043,42,10,receive,18841629756,2947287
18844577517,10,4,receive,18841630008,2947509
18844577992,162,9,receive,18841630808,2947184
18844578465,14,10,receive,18841630907,2947558
18844578925,138,7,receive,18841631178,2947747
18844579374,44,5,receive,18841631384,2947990
18844579824,154,12,receive,18841631539,2948285
18844580311,192,9,receive,18841633530,2946781
18844624180,34,11,receive,18841633706,2990474
18844624660,38,12,receive,18841635776,2988884
18844625153,80,12,receive,18841635817,2989336
18844625644,132,10,receive,18841635962,2989682
18844626243,14,11,receive,18841636058,2990185
18844626928,158,13,receive,18841636768,2990160
18844627546,26,13,receive,18841637182,2990364
18844628331,114,10,receive,18841637372,2990959
18844628823,102,7,receive,18841537843,3090980
18844677567,96,16,receive,18841638378,3039189
18844678053,96,17,receive,18841638584,3039469
18844678580,36,10,receive,18841638591,3039989
18844679049,60,4,receive,18841638825,3040224
18844679510,64,11,receive,18841638839,3040671
18844680018,48,11,receive,18841639009,3041009
18844680534,82,5,receive,18841639206,3041328
18844680998,160,1,receive,18841639352,3041646
18844681472,30,8,receive,18841639485,3041987
18844681964,140,19,receive,18841639526,3042438
18844682458,22,2,receive,18841524382,3158076
18844729138,170,3,receive,18841477321,3251817
18844729673,8,7,receive,18841640654,3089019
18844730207,166,5,receive,18841641497,3088710
18844730676,154,13,receive,18841641715,3088961
18844731202,112,7,receive,18841642235,3088967
18844731681,146,12,receive,18841642736,3088945
18844732204,30,9,receive,18841643674,3088530
18844732803,116,7,receive,18841643883,3088920
18844733348,122,13,receive,18841644032,3089316
18844733875,130,4,receive,18841644181,3089694
18844734407,114,11,receive,18841645541,3088866
18844734924,150,11,receive,18841645893,3089031
18844735482,142,6,receive,18841646053,3089429
18844736015,74,3,receive,18841544086,3191929
18844736519,54,9,receive,18841646286,3090233
18844737029,52,6,receive,18841512631,3224398
18844737602,166,6,receive,18841646753,3090849
18844738072,158,14,receive,18841646942,3091130
18844738542,76,17,receive,18841647204,3091338
18844739000,132,11,receive,18841648242,3090758
18844739476,28,14,receive,18841649052,3090424
18844739949,22,3,receive,18841649886,3090063
18844740804,100,2,receive,18841369790,3371014
18844741263,86,12,receive,18841549382,3191881
18844741721,104,5,receive,18841650583,3091138
18844742270,142,7,receive,18841651232,3091038
18844742763,120,15,receive,18841651893,3090870
18844743248,118,15,receive,18841652429,3090819
18844743710,136,11,receive,18841653291,3090419
18844744174,140,20,receive,18841653792,3090382
18844744653,126,6,receive,18841653949,3090704
18844745110,28,15,receive,18841654258,3090852
18844745592,48,12,receive,18841655293,3090299
18844746053,116,8,receive,18841656211,3089842
18844746524,194,4,receive,18841656437,3090087
18844747002,44,6,receive,18841656647,3090355
18844747628,48,13,receive,18841657511,3090117
18844748122,158,15,receive,18841658145,3089977
18844748591,46,12,receive,18841659816,3088775
18844749046,36,11,receive,18841660988,3088058
18844749502,6,8,receive,18841661968,3087534
18844749954,190,4,receive,18841662468,3087486
18844750427,118,16,receive,18841662614,3087813
18844750881,102,8,receive,18841664379,3086502
18844751333,106,9,receive,18841664534,3086799
18844751794,112,8,receive,18841665521,3086273
18844752256,154,14,receive,18841665902,3086354
18844752716,60,5,receive,18841666202,3086514
18844753207,80,13,receive,18841666381,3086826
18844753678,162,10,receive,18841667086,3086592
18844754143,100,3,receive,18841667245,3086898
18844754617,184,8,receive,18841667787,3086830
18844755075,104,6,receive,18841667833,3087242
18844755534,184,9,receive,18841667983,3087551
18844756005,42,11,receive,18841668104,3087901
18844756532,112,9,receive,18841668761,3087771
18844756991,118,17,receive,18841669760,3087231
18844757454,168,5,receive,18841502511,3254943
18844757907,96,18,receive,18841670935,3086972
18844758392,96,19,receive,18841671119,3087273
18844758908,10,5,receive,18841671389,3087519
18844759500,106,10,receive,18841671696,3087804
18844759960,98,7,receive,18841672527,3087433
18844760451,118,18,receive,18841673931,3086520
18844760907,34,12,receive,18841674075,3086832
18844761427,102,9,receive,18841674644,3086783
18844761890,190,5,receive,18841674718,3087172
18844762442,120,16,receive,18841675074,3087368
18844762896,30,10,receive,18841675063,3087833
18844763354,100,4,receive,18841675452,3087902
18844763814,80,14,receive,18841676143,3087671
18844764322,118,19,receive,18841677132,3087190
18844764766,150,12,receive,18841677171,3087595
18844765230,48,14,receive,18841677371,3087859
18844765703,76,18,receive,18841677472,3088231
18844766220,170,4,receive,18841677614,3088606
18844766681,184,10,receive,18841678197,3088484
18844767142,64,12,receive,18841678270,3088872
18844767607,28,16,receive,18841678595,3089012
18844768085,18,1,receive,18841679593,3088492
18844768551,68,2,receive,18841641526,3127025
18844769014,134,11,receive,18841646934,3122080
18844769493,6,9,receive,18841680190,3089303
18844769970,36,12,receive,18841680327,3089643
18844770446,198,1,receive,18841680913,3089533
18844770911,112,10,receive,18841681015,3089896
18844771378,34,13,receive,18841681236,3090142
18844771864,26,14,receive,18841681561,3090303
18844772328,10,6,receive,18841681583,3090745
18844772792,132,12,receive,18841681666,3091126
18844773258,36,13,receive,18841683581,3089677
18844773737,100,5,receive,18841683659,3090078
18844774228,54,10,receive,18841683696,3090532
18844774737,8,8,receive,18841684301,3090436
18844775365,162,11,receive,18841684373,3090992
18844775955,200,3,receive,18841478907,3297048
18844776508,126,7,receive,18841684580,3091928
18844777009,98,8,receive,18841684736,3092273
18844777465,140,21,receive,18841685036,3092429
18844777920,32,1,receive,18841685113,3092807
18844778389,38,13,receive,18841685203,3093186
18844778871,114,12,receive,18841685903,3092968
18844779342,190,6,receive,18841685999,3093343
18844779802,80,15,receive,18841686387,3093415
18844780284,66,7,receive,18841513223,3267061
18844780766,96,20,receive,18841686434,3094332
18844781226,162,12,receive,18841686521,3094705
18844781690,114,13,receive,18841687084,3094606
18844782155,128,10,receive,18841626169,3155986
18844782644,34,14,receive,18841687437,3095207
18844783111,128,11,receive,18841689253,3093858
18844783568,108,2,receive,18841587673,3195895
18844784024,176,3,receive,18841512925,3271099
18844784494,68,3,receive,18841690190,3094304
18844784944,154,15,receive,18841690334,3094610
18844785394,136,12,receive,18841690573,3094821
18844785859,130,5,receive,18841690581,3095278
18844786331,96,21,receive,18841690695,3095636
18844786799,76,19,receive,18841690725,3096074
18844787261,36,14,receive,18841690817,3096444
18844787727,74,4,receive,18841691162,3096565
18844788193,52,7,receive,18841692736,3095457
18844788667,26,15,receive,18841692795,3095872
18844789119,200,4,receive,18841693632,3095487
18844789581,152,4,receive,18841495786,3293795
18844790060,122,14,receive,18841694742,3095318
18844790531,86,13,receive,18841695423,3095108
18844790997,112,11,receive,18841696330,3094667
18844791455,80,16,receive,18841697724,3093731
18844791916,22,4,receive,18841698228,3093688
18844792388,58,2,receive,18841486358,3306030
18844792838,118,20,receive,18841698422,3094416
18844793293,140,22,receive,18841699260,3094033
18844793745,142,8,receive,18841699541,3094204
18844794207,46,13,receive,18841701724,3092483
18844794663,122,15,receive,18841701954,3092709
18844795132,102,10,receive,18841702147,3092985
18844795616,116,9,receive,18841702450,3093166
18844796100,96,22,receive,18841702967,3093133
18844796568,112,12,receive,18841703541,3093027
18844797032,194,5,receive,18841703772,3093260
18844797501,126,8,receive,18841703854,3093647
18844797978,10,7,receive,18841704865,3093113
18844798440,138,9,receive,18841704952,3093488
18844798897,80,17,receive,18841704966,3093931
18844799357,82,6,receive,18841650553,3148804
18844799845,76,20,receive,18841705945,3093900
18844800341,36,15,receive,18841706053,3094288
18844800808,190,7,receive,18841706312,3094496
18844801270,158,16,receive,18841707381,3093889
18844801751,8,9,receive,18841707674,3094077
18844802216,132,13,receive,18841707996,3094220
18844802669,134,12,receive,18841708339,3094330
18844803129,114,14,receive,18841708365,3094764
18844803611,150,13,receive,18841708481,3095130
18844804087,42,12,receive,18841709497,3094590
18844804552,42,13,receive,18841709631,3094921
18844805031,198,2,receive,18841710279,3094752
18844805509,40,10,receive,18841601946,3203563
18844805977,190,8,receive,18841710529,3095448
18844806451,2,6,receive,18841609282,3197169
18844806918,106,11,receive,18841711902,3095016
18844807397,98,9,receive,18841712041,3095356
18844807858,28,17,receive,18841712963,3094895
18844808326,68,4,receive,18841713591,3094735
18844808794,42,14,receive,18841713797,3094997
18844809259,98,10,receive,18841714181,3095078
18844809742,188,6,receive,18841546511,3263231
18844810224,60,6,receive,18841714757,3095467
18844810684,52,8,receive,18841715162,3095522
18844811163,140,23,receive,18841715378,3095785
18844811630,10,8,receive,18841717063,3094567
18844812089,120,17,receive,18841717389,3094700
18844812549,158,17,receive,18841717525,3095024
18844813010,134,13,receive,18841717575,3095435
18844813472,28,18,receive,18841719195,3094277
18844813925,10,9,receive,18841719213,3094712
18844814380,142,9,receive,18841719787,3094593
18844814845,106,12,receive,18841720126,3094719
18844815331,12,5,receive,18841561216,3254115
18844815800,188,7,receive,18841720410,3095390
18844816269,32,2,receive,18841720548,3095721
18844816739,164,8,receive,18841601252,3215487
18844817208,36,16,receive,18841721332,3095876
18844817669,172,5,receive,18841569369,3248300
18844818126,86,14,receive,18841722727,3095399
18844818594,152,5,receive,18841722927,3095667
18844819057,142,10,receive,18841723022,3096035
18844819507,54,11,receive,18841723017,3096490
18844819965,64,13,receive,18841723318,3096647
18844820426,160,2,receive,18841678903,3141523
18844820906,184,11,receive,18841723641,3097265
18844821369,170,5,receive,18841723934,3097435
18844821831,88,5,receive,18841544227,3277604
18844822293,114,15,receive,18841725565,3096728
18844822758,158,18,receive,18841725698,3097060
18844823239,106,13,receive,18841726329,3096910
18844823706,130,6,receive,18841726878,3096828
18844824171,46,14,receive,18841727030,3097141
18844824636,100,6,receive,18841727108,3097528
18844825119,38,14,receive,18841727476,3097643
18844825582,136,13,receive,18841727885,3097697
18844826038,130,7,receive,18841728050,3097988
18844826498,128,12,receive,18841728580,3097918
18844826969,154,16,receive,18841728638,3098331
18844827424,120,18,receive,18841729573,3097851
18844827901,182,2,receive,18841597197,3230704
18844828361,72,1,receive,18841730066,3098295
18844828834,66,8,receive,18841730855,3097979
18844829295,8,10,receive,18841730015,3099280
18844829759,60,7,receive,18841732018,3097741
18844830227,70,13,receive,18841613963,3216264
18844830690,28,19,receive,18841733323,3097367
18844831142,94,6,receive,18841636130,3195012
18844831591,22,5,receive,18841733772,3097819
18844832042,184,12,receive,18841733892,3098150
18844832514,84,10,receive,18841601736,3230778
18844832971,118,21,receive,18841734778,3098193
18844833457,34,15,receive,18841734828,3098629
18844833921,152,6,receive,18841735194,3098727
18844834394,134,14,receive,18841735797,3098597
18844834859,60,8,receive,18841736232,3098627
18844835339,122,17,receive,18841774795,3060544
18844835805,80,20,receive,18841774838,3060967
18844836273,56,11,receive,18841775020,3061253
18844836756,118,24,receive,18841775424,3061332
18844837228,198,4,receive,18841775833,3061395
18844837694,140,26,receive,18841776021,3061673
18844838164,158,19,receive,18841776064,3062100
18844838644,186,7,receive,18841776432,3062212
18844839105,46,15,receive,18841776504,3062601
18844839570,136,14,receive,18841777287,3062283
18845934137,96,24,receive,18841777676,4156461
18845934484,102,12,receive,18841779002,4155482
18845934959,152,7,receive,18841779502,4155457
18845935385,30,11,receive,18841708602,4226783
18845935724,52,10,receive,18841781709,4154015
18845936062,68,6,receive,18841781988,4154074
18845936389,186,8,receive,18841782606,4153783
18845936715,182,4,receive,18841782657,4154058
18845937074,186,9,receive,18841783766,4153308
18845937407,186,10,receive,18841783886,4153521
18845937731,8,12,receive,18841785508,4152223
18845938056,156,8,receive,18841785524,4152532
18845938371,82,7,receive,18841711636,4226735
18845938687,148,2,receive,18841574296,4364391
18845939032,74,8,receive,18841788111,4150921
18845939424,120,22,receive,18841788415,4151009
18845939775,76,22,receive,18841788601,4151174
18846008273,46,16,receive,18841788733,4219540
18846008623,180,8,receive,18841572803,4435820
18846009095,186,11,receive,18841789019,4220076
18846009477,110,7,receive,18841789210,4220267
18846009893,120,23,receive,18841790597,4219296
18846010255,80,21,receive,18841781050,4229205
18846010605,4,7,receive,18841603874,4406731
18846011039,90,3,receive,18841792901,4218138
18846011450,116,11,receive,18841793037,4218413
18846012183,36,18,receive,18841793156,4219027
18846012548,48,15,receive,18841720731,4291817
18846012921,190,10,receive,18841794878,4218043
18846013264,52,11,receive,18841797002,4216262
18846013605,136,15,receive,18841797441,4216164
18846013942,88,7,receive,18841797956,4215986
18846014279,68,7,receive,18841798193,4216086
18846014661,34,18,receive,18841798535,4216126
18846015005,42,17,receive,18841798872,4216133
18846015354,100,8,receive,18841799816,4215538
18846015708,170,9,receive,18841799852,4215856
18846016034,196,2,receive,18841600169,4415865
18846016399,78,8,receive,18841636304,4380095
18846016796,96,25,receive,18841800192,4216604
18846017134,68,8,receive,18841800365,4216769
18846017461,166,7,receive,18841676492,4340969
18846017787,66,11,receive,18841800892,4216895
18846018112,108,3,receive,18841727853,4290259
18846018465,182,5,receive,18841802918,4215547
18846018822,180,9,receive,18841804194,4214628
18846019167,168,10,receive,18841805096,4214071
18846126758,144,9,receive,18841805106,4321652
18846127067,116,12,receive,18841805200,4321867
18846127373,144,10,receive,18841805309,4322064
18846127677,136,16,receive,18841805682,4321995
18846127987,42,18,receive,18841806058,4321929
18846128382,86,16,receive,18841807179,4321203
18846128724,114,17,receive,18841807187,4321537
18846129858,22,9,receive,18841807576,4322282
18846170946,42,19,receive,18841809249,4361697
18846171303,130,9,receive,18841809656,4361647
18846171653,122,18,receive,18841811199,4360454
18846172000,186,12,receive,18841811246,4360754
18846172395,100,9,receive,18841811997,4360398
18846172737,118,25,receive,18841812705,4360032
18846173064,116,13,receive,18841813388,4359676
18846173397,56,12,receive,18841813357,4360040
18846173737,96,26,receive,18841813572,4360165
18846174496,152,8,receive,18841813765,4360731
18846174841,170,10,receive,18841814060,4360781
18846175161,34,19,receive,18841814778,4360383
18846175562,198,5,receive,18841815174,4360388
18846175903,162,13,receive,18841727344,4448559
18846176233,74,9,receive,18841815425,4360808
18846176620,140,27,receive,18841815698,4360922
18846176965,56,13,receive,18841816624,4360341
18846177303,90,4,receive,18841817159,4360144
18846177642,140,28,receive,18841817899,4359743
18846177986,8,13,receive,18841818877,4359109
18846178400,126,9,receive,18841739219,4439181
18846178733,140,29,receive,18841820599,4358134
18846179047,158,20,receive,18841822474,4356573
18846179356,28,21,receive,18841822963,4356393
18846179719,78,9,receive,18841824553,4355166
18846286251,104,7,receive,18841699199,4587052
18846286554,104,8,receive,18841825131,4461423
18846286905,68,9,receive,18841825431,4461474
18846287267,118,26,receive,18841825919,4461348
18846287603,24,10,receive,18841641426,4646177
18846287930,110,8,receive,18841826548,4461382
18846288262,20,5,receive,18841591400,4696862
18846288588,34,20,receive,18841828009,4460579
18846289115,126,10,receive,18841828263,4460852
18846289459,180,10,receive,18841828478,4460981
18846289870,116,14,receive,18841828612,4461258
18846290270,4,8,receive,18841829214,4461056
18846291321,58,3,receive,18841742824,4548497
18846291822,68,10,receive,18841829569,4462253
18846292157,150,14,receive,18841717712,4574445
18846292481,100,10,receive,18841831174,4461307
18846292796,86,17,receive,18841831453,4461343
18846293118,96,27,receive,18841831797,4461321
18846293743,22,10,receive,18841832777,4460966
18846294100,78,10,receive,18841832985,4461115
18846294446,8,14,receive,18841833097,4461349
18846294782,182,6,receive,18841833287,4461495
18846295298,186,13,receive,18841833436,4461862
18846295735,22,11,receive,18841834911,4460824
18846296091,120,24,receive,18841835026,4461065
18846296993,136,17,receive,18841835073,4461920
18846297537,16,7,receive,18841797629,4499908
18846297900,36,19,receive,18841835547,4462353
18846298257,36,20,receive,18841836746,4461511
18846298602,76,23,receive,18841837003,4461599
18846298955,22,12,receive,18841837036,4461919
18846299308,138,8,receive,18841670480,4628828
18846299720,162,14,receive,18841838645,4461075
18846396165,130,10,receive,18841839909,4556256
18846396545,200,5,receive,18841716123,4680422
18846396943,24,11,receive,18841841688,4555255
18846397308,96,28,receive,18841842009,4555299
18846398051,136,18,receive,18841842201,4555850
18846398439,88,8,receive,18841842303,4556136
18846398806,80,22,receive,18841842369,4556437
18846399178,132,14,receive,18841742394,4656784
18846399553,110,9,receive,18841843747,4555806
18846399957,78,11,receive,18841845258,4554699
18846400361,42,20,receive,18841846483,4553878
18846400776,24,12,receive,18841846908,4553868
18846434130,52,12,receive,18841847466,4586664
18846434675,106,14,receive,18841775725,4658950
18846435060,16,8,receive,18841848527,4586533
18846435457,12,6,receive,18841758587,4676870
18846435827,56,14,receive,18841851139,4584688
18846436192,168,11,receive,18841851474,4584718
18846436585,150,15,receive,18841852376,4584209
18846436975,18,2,receive,18841716566,4720409
18846437486,76,24,receive,18841853240,4584246
18846437957,112,13,receive,18841741906,4696051
18846438331,58,4,receive,18841853767,4584564
18846468965,56,15,receive,18841854322,4614643
18846469507,114,18,receive,18841854476,4615031
18846469981,92,9,receive,18841790465,4679516
18846470440,104,9,receive,18841826314,4644126
18846471269,104,10,receive,18841855826,4615443
18846472140,34,21,receive,18841856310,4615830
18846472510,100,11,receive,18841856360,4616150
18846472881,22,13,receive,18841857182,4615699
18846473347,2,7,receive,18841734112,4739235
18846502712,164,9,receive,18841770008,4732704
18846503101,106,15,receive,18841857940,4645161
18846503481,18,3,receive,18841858967,4644514
18846503849,170,11,receive,18841859452,4644397
18846504219,52,13,receive,18841859733,4644486
18846504640,140,30,receive,18841859882,4644758
18846505015,124,7,receive,18841638543,4866472
18846505380,28,22,receive,18841860356,4645024
18846505823,76,25,receive,18841861458,4644365
18846506206,44,7,receive,18841664818,4841388
18846506648,180,11,receive,18841861815,4644833
18846507026,22,14,receive,18841862321,4644705
18846540495,90,5,receive,18841862532,4677963
18846541140,114,19,receive,18841862664,4678476
18846541796,162,15,receive,18841862907,4678889
18846542259,70,14,receive,18841741386,4800873
18846542687,56,16,receive,18841864536,4678151
18846543112,140,31,receive,18841866056,4677056
18846543558,186,14,receive,18841866754,4676804
18846543926,98,12,receive,18841757659,4786267
18846544291,52,14,receive,18841866993,4677298
18846544655,130,11,receive,18841867196,4677459
18846545146,186,15,receive,18841867934,4677212
18846580412,176,4,receive,18841726486,4853926
18846580901,182,7,receive,18841868675,4712226
18846581383,126,11,receive,18841869873,4711510
18846581813,194,7,receive,18841779767,4802046
18846582223,14,12,receive,18841677104,4905119
18846582632,4,9,receive,18841870013,4712619
18846583162,36,21,receive,18841870187,4712975
18846583717,118,27,receive,18841870297,4713420
18846584238,68,11,receive,18841870850,4713388
18846585038,92,10,receive,18841871691,4713347
18846623357,178,10,receive,18841769258,4854099
18846623845,104,11,receive,18841873111,4750734
18846624242,162,16,receive,18841873247,4750995
18846624731,120,25,receive,18841873381,4751350
18846625250,104,12,receive,18841876316,4748934
18846625678,100,12,receive,18841876909,4748769
18846626046,116,15,receive,18841878871,4747175
18846626441,56,17,receive,18841879822,4746619
18846626831,132,15,receive,18841880793,4746038
18846628680,114,20,receive,18841880878,4747802
18846629207,176,5,receive,18841882205,4747002
18846630272,64,15,receive,18841741873,4888399
18846630675,182,8,receive,18841883918,4746757
18846675772,6,10,receive,18841730601,4945171
18846676234,148,3,receive,18841813422,4862812
18846676644,34,22,receive,18841885618,4791026
18846677025,54,14,receive,18841801463,4875562
18846677391,126,12,receive,18841886251,4791140
18846677765,36,22,receive,18841886464,4791301
18846678125,6,11,receive,18841885753,4792372
18846678516,100,13,receive,18841888136,4790380
18846678984,148,4,receive,18841888404,4790580
18846679357,88,9,receive,18841889644,4789713
18846679726,52,15,receive,18841890310,4789416
18846680108,96,29,receive,18841890307,4789801
18846680507,68,12,receive,18841892079,4788428
18846720064,100,14,receive,18841892273,4827791
18846720477,62,2,receive,18841595400,5125077
18846720858,78,12,receive,18841892579,4828279
18846721226,114,21,receive,18841893077,4828149
18846721594,90,6,receive,18841893144,4828450
18846721974,52,16,receive,18841893528,4828446
18846760729,42,21,receive,18841895933,4864796
18846761123,32,3,receive,18841744069,5017054
18846761571,170,12,receive,18841896667,4864904
18846761947,168,12,receive,18841896843,4865104
18846815188,172,6,receive,18841763313,5051875
18846815565,150,16,receive,18841898735,4916830
18846815969,138,10,receive,18841743273,5072696
18846816361,16,9,receive,18841898916,4917445
18846816798,180,12,receive,18841899050,4917748
18846817180,192,11,receive,18841761948,5055232
18846817560,100,15,receive,18841894435,4923125
18846817935,12,7,receive,18841900457,4917478
18846818304,164,10,receive,18841900596,4917708
18846818744,58,5,receive,18841902202,4916542
18846819116,164,11,receive,18841902772,4916344
18846819477,132,16,receive,18841904107,4915370
18846858804,130,12,receive,18841904524,4954280
18846859222,162,17,receive,18841905507,4953715
18846859586,22,15,receive,18841905643,4953943
18846859941,162,18,receive,18841906681,4953260
18846860346,100,16,receive,18841907616,4952730
18846860813,2,8,receive,18841907671,4953142
18846861234,144,11,receive,18841810524,5050710
18846861605,178,11,receive,18841881295,4980310
18846861967,4,10,receive,18841909463,4952504
18846862482,158,21,receive,18841866882,4995600
18846862873,28,23,receive,18841910751,4952122
18846863262,174,9,receive,18841789335,5073927
18846863705,172,7,receive,18841912888,4950817
18846902600,196,3,receive,18841826348,5076252
18846903029,186,16,receive,18841914304,4988725
18846903434,62,3,receive,18841914678,4988756
18846903810,62,4,receive,18841914806,4989004
18846904175,138,11,receive,18841915164,4989011
18846904540,52,17,receive,18841915836,4988704
18846904938,68,13,receive,18841916290,4988648
18846905317,140,32,receive,18841916447,4988870
18846905684,2,9,receive,18841916839,4988845
18846906047,8,15,receive,18841881443,5024604
18846948946,34,23,receive,18841910912,5038034
18846949332,54,15,receive,18841917542,5031790
18846949695,12,8,receive,18841917746,5031949
18846950168,82,8,receive,18841804222,5145946
18846950551,146,13,receive,18841690013,5260538
18846950947,184,14,receive,18841759384,5191563
18846951333,186,17,receive,18841920480,5030853
18846951709,104,13,receive,18841921651,5030058
18846952082,88,10,receive,18841921925,5030157
18846952451,154,17,receive,18841779115,5173336
18846952845,22,16,receive,18841923861,5028984
18846953242,28,24,receive,18841924003,5029239
18846990404,164,12,receive,18841924079,5066325
18846990795,170,13,receive,18841925074,5065721
18846992713,28,25,receive,18841925189,5067524
18846993094,66,12,receive,18841805163,5187931
18846993467,38,16,receive,18841767319,5226148
18846993839,48,16,receive,18841839857,5153982
18846994638,68,14,receive,18841928502,5066136
18846995045,6,12,receive,18841928914,5066131
18847034441,62,5,receive,18841928968,5105473
18847034828,134,17,receive,18841806614,5228214
18847035209,90,7,receive,18841929458,5105751
18847035766,112,14,receive,18841894212,5141554
18847036261,126,13,receive,18841932687,5103574
18847037415,78,13,receive,18841932952,5104463
18847037987,38,17,receive,18841933099,5104888
18847038452,130,13,receive,18841933824,5104628
18847038844,22,17,receive,18841934048,5104796
18847039236,140,33,receive,18841934679,5104557
18847081135,100,17,receive,18841934846,5146289
18847082455,142,13,receive,18841802956,5279499
18847082889,150,17,receive,18841935325,5147564
18847083345,28,26,receive,18841935378,5147967
18847083714,180,13,receive,18841935399,5148315
18847084209,100,18,receive,18841937017,5147192
18847084623,42,22,receive,18841937219,5147404
18847085021,148,5,receive,18841938793,5146228
18847085388,12,9,receive,18841939167,5146221
18847085769,22,18,receive,18841939231,5146538
18847086161,112,15,receive,18841934229,5151932
18847086527,146,14,receive,18841939530,5146997
18847125803,190,11,receive,18841819219,5306584
18847126251,44,8,receive,18841889027,5237224
18847127841,52,18,receive,18841942063,5185778
18847128217,76,26,receive,18841887689,5240528
18847128587,38,18,receive,18841943352,5185235
18847128995,186,18,receive,18841943761,5185234
18847129375,140,34,receive,18841943857,5185518
18847129747,162,19,receive,18841944112,5185635
18847130132,6,13,receive,18841944127,5186005
18847130522,30,12,receive,18841821043,5309479
18847130943,50,3,receive,18841784636,5346307
18847170495,188,8,receive,18841757738,5412757
18847170936,72,3,receive,18841785908,5385028
18847171317,6,14,receive,18841946277,5225040
18847171680,16,10,receive,18841947390,5224290
18847172103,128,14,receive,18841786169,5385934
18847172471,188,9,receive,18841947552,5224919
18847172836,26,17,receive,18841773744,5399092
18847173203,116,16,receive,18841904096,5269107
18847173564,172,8,receive,18841948306,5225258
18847173969,70,15,receive,18841883243,5290726
18847174346,98,13,receive,18841917288,5257058
18847174714,88,11,receive,18841950132,5224582
18847175100,52,19,receive,18841951238,5223862
18847175520,4,11,receive,18841951826,5223694
18847211097,60,10,receive,18841806130,5404967
18847211557,130,14,receive,18841953077,5258480
18847211921,132,17,receive,18841954537,5257384
18847212286,62,6,receive,18841956192,5256094
18847212643,60,11,receive,18841956270,5256373
18847213001,172,9,receive,18841957488,5255513
18847213456,196,4,receive,18841957891,5255565
18847216504,14,13,receive,18841883395,5333109
18847216898,174,10,receive,18841958425,5258473
18847217276,16,11,receive,18841958671,5258605
18847217656,186,19,receive,18841957004,5260652
18847218172,146,15,receive,18841959733,5258439
18847218544,104,14,receive,18841959906,5258638
18847260145,198,6,receive,18841848604,5411541
18847260538,124,8,receive,18841907816,5352722
18847260924,130,15,receive,18841962226,5298698
18847261294,24,13,receive,18841874235,5387059
18847261694,138,12,receive,18841962676,5299018
18847262070,170,14,receive,18841963328,5298742
18847262438,112,16,receive,18841963720,5298718
18847262808,48,17,receive,18841964016,5298792
18847263177,68,15,receive,18841949742,5313435
18847263569,164,13,receive,18841965431,5298138
18847263944,64,16,receive,18841887714,5376230
18847264883,172,10,receive,18841967672,5297211
18847293902,52,20,receive,18841968422,5325480
18847294293,40,11,receive,18841737806,5556487
18847294748,52,21,receive,18841969590,5325158
18847295155,152,9,receive,18841862166,5432989
18847295518,4,12,receive,18841970998,5324520
18847295907,88,12,receive,18841972420,5323487
18847296371,126,14,receive,18841973129,5323242
18847296804,174,11,receive,18841973682,5323122
18847297174,28,27,receive,18841973737,5323437
18847297540,64,17,receive,18841969402,5328138
18847297911,174,12,receive,18841973807,5324104
18847298271,16,12,receive,18841973907,5324364
18847338062,40,12,receive,18841971741,5366321
18847338475,180,14,receive,18841975754,5362721
18847338862,176,6,receive,18841923452,5415410
18847339230,186,20,receive,18841975955,5363275
18847339590,152,10,receive,18841976026,5363564
18847339961,136,19,receive,18841976058,5363903
18847340449,22,19,receive,18841976516,5363933
18847340946,24,14,receive,18841976500,5364446
18847341342,78,14,receive,18841977426,5363916
18847341707,86,18,receive,18841861644,5480063
18847342067,10,11,receive,18841798950,5543117
18847342471,128,15,receive,18841963775,5378696
18847342830,126,15,receive,18841979385,5363445
18847384191,90,8,receive,18841979739,5404452
18847384569,156,9,receive,18841813878,5570691
18847385007,108,4,receive,18841823105,5561902
18847385365,68,16,receive,18841980359,5405006
18847385725,12,10,receive,18841980627,5405098
18847386115,44,9,receive,18841980989,5405126
18847386492,148,6,receive,18841981399,5405093
18847386859,114,22,receive,18841917464,5469395
18847387221,46,17,receive,18841832161,5555060
18847387573,190,12,receive,18841982763,5404810
18847387935,94,7,receive,18841774087,5613848
18847388546,106,16,receive,18841894231,5494315
18847423220,188,10,receive,18841984118,5439102
18847423631,36,23,receive,18841913838,5509793
18847424082,190,13,receive,18841985915,5438167
18847424499,48,18,receive,18841986280,5438219
18847425638,6,15,receive,18841986517,5439121
18847426206,90,9,receive,18841986924,5439282
18847426672,138,13,receive,18841986964,5439708
18847427108,132,18,receive,18841987019,5440089
18847427590,100,19,receive,18841987357,5440233
18847462292,50,4,receive,18841987374,5474918
18847462809,42,23,receive,18841987589,5475220
18847463269,146,16,receive,18841987946,5475323
18847463768,94,8,receive,18841987959,5475809
18847464152,120,26,receive,18841903620,5560532
18847464525,4,13,receive,18841989223,5475302
18847464997,134,18,receive,18841944476,5520521
18847465394,150,18,receive,18841976805,5488589
18847465780,40,13,receive,18841990873,5474907
18847466161,140,35,receive,18841991214,5474947
18847466610,160,3,receive,18841743791,5722819
18847467034,84,12,receive,18841759423,5707611
18847467404,84,13,receive,18841992797,5474607
18847467763,162,20,receive,18841985481,5482282
18847468630,186,21,receive,18841993217,5475413
18847468995,140,36,receive,18841993442,5475553
18847469403,80,23,receive,18841878655,5590748
18847469777,108,5,receive,18841995215,5474562
18847503812,24,15,receive,18841995226,5508586
18847504238,152,11,receive,18841995355,5508883
18847504661,124,9,receive,18841995498,5509163
18847505033,90,10,receive,18841996109,5508924
18847505467,198,7,receive,18841973122,5532345
18847505837,100,20,receive,18841996537,5509300
18847506268,172,11,receive,18841996887,5509381
18847506631,94,9,receive,18841997204,5509427
18847507062,102,13,receive,18841828324,5678738
18847507496,60,12,receive,18841998629,5508867
18847507868,50,5,receive,18841999588,5508280
18847508301,68,17,receive,18842001610,5506691
18847508673,162,21,receive,18842002017,5506656
18847544503,174,13,receive,18842002047,5542456
18847544879,160,4,receive,18842002156,5542723
18847591440,196,5,receive,18842003331,5588109
18847591836,94,10,receive,18842003381,5588455
18847592261,104,15,receive,18842005314,5586947
18847592654,62,7,receive,18842005510,5587144
18847593036,38,19,receive,18841962549,5630487
18847593408,186,22,receive,18842006460,5586948
18847593779,20,6,receive,18841876902,5716877
18847594175,94,11,receive,18842009612,5584563
18847594554,50,6,receive,18842009819,5584735
18847594909,4,14,receive,18842010095,5584814
18847595268,132,19,receive,18842011272,5583996
18847595626,4,15,receive,18842011345,5584281
18847596146,84,14,receive,18842011960,5584186
18847596530,2,10,receive,18841963236,5633294
18847630259,78,15,receive,18842012766,5617493
18847630717,72,4,receive,18841959900,5670817
18847631115,112,17,receive,18842013105,5618010
18847631492,146,17,receive,18842013241,5618251
18847631992,122,19,receive,18841857583,5774409
18847632398,62,8,receive,18842014702,5617696
18847632835,172,12,receive,18842017098,5615737
18847670438,44,10,receive,18842017745,5652693
18847670900,72,5,receive,18842018272,5652628
18847671733,188,11,receive,18842018314,5653419
18847672201,16,13,receive,18842019359,5652842
18847672597,72,6,receive,18842019470,5653127
18847672968,52,22,receive,18842019979,5652989
18847673328,110,10,receive,18841882018,5791310
18847673689,26,18,receive,18841981500,5692189
18847674045,60,13,receive,18842020905,5653140
18847674405,112,18,receive,18842021300,5653105
18847720701,124,10,receive,18842021845,5698856
18847721074,176,7,receive,18842023241,5697833
18847721436,180,15,receive,18841992620,5728816
18847721838,184,15,receive,18841949221,5772617
18847722211,148,7,receive,18842026790,5695421
18847722609,146,18,receive,18842027440,5695169
18847723030,30,13,receive,18841978635,5744395
18847723406,34,24,receive,18841948481,5774925
18847723820,44,11,receive,18842028953,5694867
18847724199,40,14,receive,18842029305,5694894
18847724614,188,12,receive,18842029520,5695094
18847725066,152,12,receive,18842029700,5695366
18847758191,12,11,receive,18842030011,5728180
18847758584,100,21,receive,18842030833,5727751
18847758951,140,37,receive,18842030863,5728088
18847759309,48,19,receive,18842014582,5744727
18847759667,192,12,receive,18841919388,5840279
18847760057,148,8,receive,18842034028,5726029
18847760520,176,8,receive,18842034494,5726026
18847760900,110,11,receive,18842035224,5725676
18847761282,94,12,receive,18842035968,5725314
18847761718,90,11,receive,18842036368,5725350
18847762130,172,13,receive,18842037236,5724894
18847762547,82,9,receive,18841955472,5807075
18847762919,92,11,receive,18841886940,5875979
18847763286,50,7,receive,18842039188,5724098
18847763652,40,15,receive,18842039545,5724107
18847798325,4,16,receive,18842039619,5758706
18847801484,64,18,receive,18842023171,5778313
18847801957,152,13,receive,18842039860,5762097
18847802427,78,16,receive,18842040012,5762415
18847802905,178,12,receive,18841959571,5843334
18847803330,74,10,receive,18841831719,5971611
18847803740,62,9,receive,18842040972,5762768
18847804118,46,18,receive,18842022205,5781913
18847804487,146,19,receive,18842041619,5762868
18847804952,20,7,receive,18842043029,5761923
18847805331,124,11,receive,18842043101,5762230
18847847388,102,14,receive,18842045763,5801625
18847847757,178,13,receive,18842046481,5801276
18847848146,10,12,receive,18842012552,5835594
18847848538,196,6,receive,18842046828,5801710
18847848915,172,14,receive,18842047380,5801535
18847849288,90,12,receive,18842047580,5801708
18847849663,86,19,receive,18842016336,5833327
18847850089,192,13,receive,18842048999,5801090
18847850476,44,12,receive,18842049152,5801324
18847850836,194,8,receive,18841905352,5945484
18847851190,78,17,receive,18842050009,5801181
18847851544,60,14,receive,18842050166,5801378
18847851904,50,8,receive,18842082678,5769226
18847899543,134,19,receive,18842000078,5899465
18847899968,110,13,receive,18842083699,5816269
18847900419,190,14,receive,18842034219,5866200
18847900813,126,16,receive,18842015725,5885088
18847901194,166,10,receive,18842097238,5803956
18847901569,84,15,receive,18842046216,5855353
18847902005,156,10,receive,18842001057,5900948
18847902383,166,11,receive,18842100437,5801946
18847902758,88,13,receive,18842003710,5899048
18847903132,144,12,receive,18841928389,5974743
18847903670,6,16,receive,18842027864,5875806
18847904064,72,7,receive,18842053919,5850145
18847904483,112,21,receive,18842103271,5801212
18847904859,162,23,receive,18842098750,5806109
18847933351,110,14,receive,18842106916,5826435
18847933734,162,24,receive,18842106505,5827229
18847934106,170,16,receive,18842110188,5823918
18847934485,104,17,receive,18842117426,5817059
18847934942,106,17,receive,18842036356,5898586
18847935322,90,17,receive,18842154760,5780562
18847935692,38,21,receive,18842089403,5846289
18847936061,94,14,receive,18842098581,5837480
18847936428,62,13,receive,18842158094,5778334
18847936868,148,11,receive,18842175307,5761561
18847937246,28,29,receive,18842118391,5818855
18847972889,52,28,receive,18842134623,5838266
18847973271,18,6,receive,18842177125,5796146
18847973631,188,15,receive,18842177631,5796000
18847974047,174,15,receive,18842152617,5821430
18847978386,196,8,receive,18842133182,5845204
18847978869,36,27,receive,18842205977,5772892
18848013308,106,18,receive,18842160224,5853084
18848013950,34,27,receive,18842226227,5787723
18848014720,136,23,receive,18842193681,5821039
18848015106,46,23,receive,18842227686,5787420
18848015538,194,12,receive,18842235773,5779765
18848015949,122,23,receive,18842213833,5802116
18848016326,60,17,receive,18842097984,5918342
18848016689,42,26,receive,18842209178,5807511
18848017081,30,16,receive,18842218738,5798343
18848017472,10,15,receive,18842232857,5784615
18848017891,40,19,receive,18842236607,5781284
18848046456,182,13,receive,18842243721,5802735
18848046877,110,17,receive,18842236010,5810867
18848047246,88,15,receive,18842203358,5843888
18848047609,68,21,receive,18842199912,5847697
18848048023,92,13,receive,18842229919,5818104
18848048406,188,17,receive,18842262316,5786090
18848048800,60,18,receive,18842264768,5784032
18848049172,34,28,receive,18842244684,5804488
18848049846,124,14,receive,18842185236,5864610
18848050372,86,24,receive,18842249969,5800403
18848050760,8,19,receive,18842232382,5818378
18848051186,166,15,receive,18842237768,5813418
18848086076,166,16,receive,18842293467,5792609
18848086473,42,28,receive,18842292424,5794049
18848086853,170,18,receive,18842257515,5829338
18848087229,182,15,receive,18842316074,5771155
18848087749,170,19,receive,18842336352,5751397
18848088203,138,19,receive,18842287898,5800305
18848088590,196,11,receive,18842307108,5781482
18848088974,60,20,receive,18842342233,5746741
18848089384,78,21,receive,18842293852,5795532
18848089796,64,22,receive,18842305836,5783960
18848090187,40,22,receive,18842315542,5774645
18848090562,188,18,receive,18842325448,5765114
18848090929,34,29,receive,18842339159,5751770
18848091291,112,26,receive,18842364911,5726380
18848091757,44,19,receive,18842350906,5740851
18848125839,42,30,receive,18842356322,5769517
18848126243,174,18,receive,18842360262,5765981
18848126622,84,20,receive,18842372545,5754077
18848127055,84,21,receive,18842385690,5741365
18848127460,16,18,receive,18842336807,5790653
18848127842,146,23,receive,18842347273,5780569
18848128208,134,25,receive,18842385451,5742757
18848128571,176,13,receive,18842257086,5871485
18848128931,74,15,receive,18842417351,5711580
18848129288,84,22,receive,18842402883,5726405
18848129736,180,22,receive,18842383544,5746192
18848130175,82,16,receive,18842382326,5747849
18848130546,184,21,receive,18842376860,5753686
18848163899,172,22,receive,18842412568,5751331
18848164312,124,17,receive,18842395175,5769137
18848164726,44,20,receive,18842421374,5743352
18848165242,196,13,receive,18842417382,5747860
18848165714,156,18,receive,18842410593,5755121
18848166118,52,34,receive,18842432177,5733941
18848166728,42,32,receive,18842471960,5694768
18848167103,156,19,receive,18842462234,5704869
18848167502,196,14,receive,18842446308,5721194
18848167918,12,21,receive,18842479614,5688304
18848168289,180,23,receive,18842451418,5716871
18848202308,66,18,receive,18842436972,5765336
18848202729,82,17,receive,18842474767,5727962
18848203112,32,8,receive,18842444514,5758598
18848203485,154,24,receive,18842435703,5767782
18848203904,100,28,receive,18842455910,5747994
18848204272,44,21,receive,18842460752,5743520
18848204730,160,14,receive,18842479036,5725694
18848205099,108,14,receive,18842500237,5704862
18848205973,86,28,receive,18842505370,5700603
18848206562,108,15,receive,18842526112,5680450
18848241893,52,35,receive,18842493431,5748462
18848242312,18,10,receive,18842426201,5816111
18848242799,96,39,receive,18842513105,5729694
18848243220,28,35,receive,18842477412,5765808
18848247738,192,23,receive,18842520539,5727199
18848248277,186,32,receive,18842512721,5735556
18848286186,174,21,receive,18842565770,5720416
18848286635,90,24,receive,18842545295,5741340
18848287002,94,23,receive,18842526437,5760565
18848287399,46,29,receive,18842558896,5728503
18848287793,176,16,receive,18842500979,5786814
18848288172,196,16,receive,18842552043,5736129
18848288542,188,22,receive,18842539425,5749117
18848288911,118,36,receive,18842565169,5723742
18848289301,130,27,receive,18842554443,5734858
18848289698,168,23,receive,18842527296,5762402
18848290093,46,30,receive,18842571487,5718606
18848290482,122,30,receive,18842587029,5703453
18848290860,136,30,receive,18842597450,5693410
18848314606,8,25,receive,18842600640,5713966
18848315419,46,32,receive,18842621520,5693899
18848316207,168,24,receive,18842578157,5738050
18848317265,176,17,receive,18842613236,5704029
18848318084,76,38,receive,18842577890,5740194
18848321263,116,28,receive,18842599908,5721355
18848322415,192,25,receive,18842619401,5703014
18848324579,12,24,receive,18842597430,5727149
18848327399,74,18,receive,18842624452,5702947
18848329072,108,17,receive,18842648025,5681047
18848332224,178,24,receive,18842659675,5672549
18848335555,12,25,receive,18842641223,5694332
18848339645,18,13,receive,18842649692,5689953
18848341761,90,26,receive,18842657552,5684209
18848343857,92,23,receive,18842669782,5674075
18848346421,30,24,receive,18842665162,5681259
18848349294,66,22,receive,18842669849,5679445
18848350769,130,29,receive,18842662724,5688045
18848354302,168,25,receive,18842654714,5699588
18848356719,116,29,receive,18842635254,5721465
18848358365,76,39,receive,18842667335,5691030
18848360124,74,20,receive,18842691655,5668469
18848361682,66,23,receive,18842718371,5643311
18848363730,104,28,receive,18842673358,5690372
18848367328,104,29,receive,18842722498,5644830
18848368903,64,29,receive,18842705315,5663588
18848372217,190,22,receive,18842686583,5685634
18848374431,126,28,receive,18842683969,5690462
18848376934,130,30,receive,18842697513,5679421
18848378914,6,27,receive,18842669793,5709121
18848380996,42,37,receive,18842685042,5695954
18848382807,54,29,receive,18842724630,5658177
18848384735,42,38,receive,18842738781,5645954
18848388976,64,30,receive,18842773256,5615720
18848390946,88,26,receive,18842773590,5617356
18848393174,10,26,receive,18842754114,5639060
18848394335,30,26,receive,18842755755,5638580
18848395992,76,41,receive,18842752259,5643733
18848399360,192,28,receive,18842745491,5653869
18848404161,46,35,receive,18842750020,5654141
18848405408,160,21,receive,18842737878,5667530
18848407355,46,36,receive,18842777070,5630285
18848409102,172,29,receive,18842798658,5610444
18848411667,196,21,receive,18842793953,5617714
18848413564,130,32,receive,18842814562,5599002
18848415561,152,28,receive,18842801506,5614055
18848418628,12,28,receive,18842795957,5622671
18848421118,92,26,receive,18842792874,5628244
18848423378,168,28,receive,18842810722,5612656
18848425489,146,31,receive,18842777798,5647691
18848427361,108,20,receive,18842822162,5605199
18848428726,186,38,receive,18842811094,5617632
18848431779,64,31,receive,18842800671,5631108
18848434488,12,29,receive,18842823877,5610611
18848437120,92,27,receive,18842824085,5613035
18848439579,4,34,receive,18842868617,5570962
18848442435,130,33,receive,18842862038,5580397
18848444493,172,30,receive,18842849962,5594531
18848446113,92,28,receive,18842854432,5591681
18848460849,152,29,receive,18842833107,5627742
18848462468,178,29,receive,18842871359,5591109
18848464050,56,36,receive,18842845534,5618516
18848467818,26,33,receive,18842863216,5604602
18848470434,38,35,receive,18842849564,5620870
18848474244,186,39,receive,18842865497,5608747
18848474985,16,26,receive,18842827986,5646999
18848476538,196,23,receive,18842911213,5565325
18848478337,124,28,receive,18842913169,5565168
18848479886,74,24,receive,18842873511,5606375
18848481832,108,22,receive,18842905422,5576410
18848502011,42,42,receive,18842893579,5608432
18848503637,178,30,receive,18842886787,5616850
18848505817,156,29,receive,18842916634,5589183
18848507176,100,36,receive,18842883282,5623894
18848508769,130,34,receive,18842920508,5588261
18848515153,106,35,receive,18842923458,5591695
18848517589,144,28,receive,18842920859,5596730
18848519890,32,17,receive,18842916382,5603508
18848523953,4,36,receive,18842954738,5569215
18848526007,118,43,receive,18842953343,5572664
18848527685,4,37,receive,18842964252,5563433
18848529135,174,29,receive,18842923834,5605301
18848532216,106,36,receive,18842963589,5568627
18848533833,78,32,receive,18842953766,5580067
18848536362,90,32,receive,18842918517,5617845
18848537718,136,37,receive,18842993069,5544649
18848541859,34,42,receive,18842962265,5579594
18848543822,4,38,receive,18843008616,5535206
18848545822,198,23,receive,18842978375,5567447
18848548112,32,18,receive,18842991215,5556897
18848549689,90,33,receive,18842969484,5580205
18848551700,166,29,receive,18843008699,5543001
18848553758,122,37,receive,18843005387,5548371
18848556148,114,41,receive,18842974086,5582062
18848558226,24,39,receive,18843013809,5544417
18848560440,66,32,receive,18843058128,5502312
18848562525,34,43,receive,18843029201,5533324
18848564907,188,33,receive,18843060502,5504405
18848567106,166,30,receive,18843045875,5521231
18848569003,106,38,receive,18843050882,5518121
18848571152,72,25,receive,18843061521,5509631
18848573118,16,28,receive,18842985695,5587423
18848574548,198,24,receive,18843048565,5525983
18848576565,144,30,receive,18843021312,5555253
18848579944,114,42,receive,18843025752,5554192
18848582099,34,44,receive,18843066306,5515793
18848584084,106,39,receive,18843082286,5501798
18848585726,4,40,receive,18843082938,5502788
18848588025,166,31,receive,18843099180,5488845
18848589970,114,43,receive,18843067046,5522924
18848591531,114,44,receive,18843114034,5477497
18848594564,108,26,receive,18843092098,5502466
18848596258,16,29,receive,18843082341,5513917
18848613771,90,35,receive,18843089571,5524200
18848617618,126,34,receive,18843080967,5536651
18848619415,32,20,receive,18843105047,5514368
18848621149,100,41,receive,18843112812,5508337
18848623125,194,29,receive,18843080389,5542736
18848625176,166,32,receive,18843161228,5463948
18848627245,30,33,receive,18843135523,5491722
18848634742,72,27,receive,18843125271,5509471
18848636484,4,41,receive,18843142949,5493535
18848643319,188,35,receive,18843150156,5493163
18848644866,164,27,receive,18843086423,5558443
18848646165,88,34,receive,18843149109,5497056
18848648231,114,45,receive,18843118449,5529782
18848649951,100,42,receive,18843121523,5528428
18848652471,32,21,receive,18843134180,5518291
18848655130,148,31,receive,18843190855,5464275
18848656226,134,40,receive,18843186238,5469988
18848657595,166,33,receive,18843208999,5448596
18848659222,8,36,receive,18843163274,5495948
18848660715,72,28,receive,18843187528,5473187
18848663253,98,32,receive,18843180889,5482364
18848664596,128,41,receive,18843184562,5480034
18848665803,104,39,receive,18843175045,5490758
18848667034,114,46,receive,18843189675,5477359
18848669363,38,44,receive,18843205568,5463795
18848670772,10,36,receive,18843241842,5428930
18848672170,26,42,receive,18843260941,5411229
18848672947,34,48,receive,18843242973,5429974
18848674190,106,42,receive,18843256056,5418134
18848675449,166,34,receive,18843254924,5420525
18848676211,174,35,receive,18843216577,5459634
18848677333,146,39,receive,18843223115,5454218
18848678554,148,32,receive,18843227380,5451174
18848686963,78,37,receive,18843228485,5458478
18848687913,38,45,receive,18843254802,5433111
18848688744,128,42,receive,18843240161,5448583
18848689428,46,48,receive,18843281768,5407660
18848691426,106,43,receive,18843277241,5414185
18848692685,98,34,receive,18843298749,5393936
18848698087,16,33,receive,18843261289,5436798
18848698952,78,38,receive,18843308027,5390925
18848700604,38,46,receive,18843302263,5398341
18848702333,146,40,receive,18843302342,5399991
18848703776,90,39,receive,18843281961,5421815
18848704576,154,40,receive,18843289117,5415459
18848705616,100,45,receive,18843319836,5385780
18848706728,148,33,receive,18843308905,5397823
18848708090,148,34,receive,18843323409,5384681
18848709266,26,44,receive,18843334864,5374402
18848711366,28,50,receive,18843355750,5355616
18848712499,78,39,receive,18843343130,5369369
18848714246,154,41,receive,18843327958,5386288
18848718535,148,35,receive,18843361705,5356830
18848720199,100,46,receive,18843369127,5351072
18848722163,146,41,receive,18843324530,5397633
18848724796,132,44,receive,18843372766,5352030
18848726413,178,39,receive,18843345525,5380888
18848727983,68,43,receive,18843332731,5395252
18848730320,174,38,receive,18843407364,5322956
18848731374,34,51,receive,18843390451,5340923
18848732737,94,41,receive,18843389087,5343650
18848747314,186,50,receive,18843375368,5371946
18848748463,82,37,receive,18843415421,5333042
18848749969,106,45,receive,18843392181,5357788
18848751149,200,30,receive,18843374443,5376706
18848752907,90,41,receive,18843394142,5358765
18848753706,24,47,receive,18843372012,5381694
18848754498,186,51,receive,18843417696,5336802
18848755670,180,40,receive,18843373021,5382649
18848757589,176,33,receive,18843424915,5332674
18848758913,24,48,receive,18843460862,5298051
18848760242,166,38,receive,18843467664,5292578
18848761895,136,45,receive,18843427436,5334459
18848763471,90,42,receive,18843458673,5304798
18848764654,200,31,receive,18843450065,5314589
18848765855,186,52,receive,18843437187,5328668
18848767016,100,48,receive,18843440112,5326904
18848768118,180,41,receive,18843447670,5320448
18848770245,180,42,receive,18843473920,5296325
18848770635,2,37,receive,18843465706,5304929
18848771767,144,39,receive,18843458649,5313118
18848772932,178,43,receive,18843519277,5253655
18848774140,186,53,receive,18843478323,5295817
18848775264,194,38,receive,18843498228,5277036
18848776448,148,38,receive,18843485651,5290797
18848779473,2,38,receive,18843489316,5290157
18848780304,12,44,receive,18843507540,5272764
18848781118,180,43,receive,18843494173,5286945
18848782196,120,57,receive,18843510313,5271883
18848783421,28,53,receive,18843529728,5253693
18848784493,154,44,receive,18843504810,5279683
18848790615,10,41,receive,18843489210,5301405
18848793431,148,39,receive,18843541358,5252073
18848795055,136,47,receive,18843548467,5246588
18848799511,196,37,receive,18843553398,5246113
18848801281,12,45,receive,18843579285,5221996
18848805810,28,54,receive,18843543239,5262571
18848807091,172,43,receive,18843523893,5283198
18848808272,20,40,receive,18843580949,5227323
18848809437,144,41,receive,18843555266,5254171
18848810690,108,34,receive,18843549621,5261069
18848811830,180,44,receive,18843533043,5278787
18848813075,198,35,receive,18843593761,5219314
18848814673,196,38,receive,18843607911,5206762
18848818465,58,38,receive,18843581408,5237057
18848820203,58,39,receive,18843623831,5196372
18848824733,166,41,receive,18843589263,5235470
18848826609,28,55,receive,18843605769,5220840
18848827822,196,39,receive,18843624366,5203456
18848829147,4,52,receive,18843587754,5241393
18848830439,178,45,receive,18843602550,5227889
18848832178,108,35,receive,18843611031,5221147
18848835977,162,52,receive,18843592691,5243286
18848838171,24,51,receive,18843608434,5229737
18848840549,28,56,receive,18843630296,5210253
18848855981,82,44,receive,18843665895,5190086
18848857258,164,35,receive,18843620159,5237099
18848862476,86,49,receive,18843659862,5202614
18848864461,178,46,receive,18843662366,5202095
18848866082,166,42,receive,18843663884,5202198
18848867662,30,43,receive,18843646584,5221078
18848869332,54,49,receive,18843637821,5231511
18848872256,48,47,receive,18843659117,5213139
18848873789,162,53,receive,18843658918,5214871
18848876548,92,44,receive,18843677785,5198763
18848878515,64,48,receive,18843685475,5193040
18848880875,64,49,receive,18843719412,5161463
18848882897,174,44,receive,18843693875,5189022
18848884540,94,47,receive,18843693492,5191048
18848886149,114,55,receive,18843689407,5196742
18848888166,200,36,receive,18843689559,5198607
18848892419,22,54,receive,18843694458,5197961
18848893703,8,45,receive,18843692275,5201428
18848895337,70,49,receive,18843717628,5177709
18848898070,82,45,receive,18843722130,5175940
18848899290,184,46,receive,18843769548,5129742
18848900538,174,45,receive,18843763237,5137301
18848901706,110,49,receive,18843758619,5143087
18848903749,114,56,receive,18843748244,5155505
18848905725,104,50,receive,18843733118,5172607
18848908533,70,50,receive,18843725669,5182864
18848910141,200,37,receive,18843752692,5157449
18848911867,188,45,receive,18843751700,5160167
18848914322,196,42,receive,18843754152,5160170
18848916687,100,53,receive,18843746223,5170464
18848919026,200,38,receive,18843786918,5132108
18848921060,174,46,receive,18843784906,5136154
18848923167,146,51,receive,18843824534,5098633
18848925134,70,52,receive,18843825034,5100100
18848928434,70,53,receive,18843826384,5102050
18848932740,178,49,receive,18843824019,5108721
18848934379,104,52,receive,18843806831,5127548
18848936339,54,52,receive,18843793855,5142484
18848938290,184,47,receive,18843774820,5163470
18848940243,124,47,receive,18843825013,5115230
18848947502,174,47,receive,18843831316,5116186
18848949779,54,53,receive,18843874840,5074939
18848951740,184,48,receive,18843859838,5091902
18848953677,90,50,receive,18843838157,5115520
18848955580,178,50,receive,18843834193,5121387
18848957100,146,52,receive,18843845991,5111109
18848961268,188,47,receive,18843850779,5110489
18848962877,82,48,receive,18843862517,5100360
18848964423,124,48,receive,18843858656,5105767
18848969041,94,50,receive,18843843317,5125724
18848971142,166,46,receive,18843850557,5120585
18848973126,54,54,receive,18843891917,5081209
18848976329,114,59,receive,18843877263,5099066
18848977906,70,55,receive,18843878907,5098999
18848983202,90,51,receive,18843923935,5059267
18848984939,186,60,receive,18843895463,5089476
18848986491,36,63,receive,18843887883,5098608
18848988103,196,45,receive,18843909619,5078484
18848989573,178,51,receive,18843918032,5071541
18848991302,194,46,receive,18843910635,5080667
18849001680,196,46,receive,18843927685,5073995
18849003702,166,47,receive,18843888725,5114977
18849005919,70,57,receive,18843974714,5031205
18849008894,36,64,receive,18843937068,5071826
18849010470,54,55,receive,18843944694,5065776
18849012040,178,52,receive,18843949911,5062129
18849015450,180,52,receive,18843941949,5073501
18849017129,4,59,receive,18843938935,5078194
18849018827,116,54,receive,18843960928,5057899
18849020368,54,56,receive,18843980160,5040208
18849021985,196,47,receive,18843938660,5083325
18849023929,178,53,receive,18843979838,5044091
18849025893,94,52,receive,18843944646,5081247
18849028958,120,66,receive,18843957610,5071348
18849031133,56,62,receive,18844029617,5001516
18849035608,100,60,receive,18844031166,5004442
18849036872,4,60,receive,18844011465,5025407
18849038882,196,48,receive,18844021556,5017326
18849040064,82,51,receive,18844025887,5014177
18849041904,172,51,receive,18843978415,5063489
18849043486,168,52,receive,18844004511,5038975
18849046043,6,53,receive,18844022002,5024041
18849049689,186,62,receive,18844000774,5048915
18849051472,154,56,receive,18844011769,5039703
18849052234,94,54,receive,18844010161,5042073
18849053900,70,59,receive,18844066927,4986973
18849055652,20,49,receive,18844025556,5030096
18849056866,178,55,receive,18844046800,5010066
18849059380,118,63,receive,18844030264,5029116
18849061006,10,52,receive,18844070360,4990646
18849068671,32,41,receive,18844080089,4988582
18849070064,166,49,receive,18844042254,5027810
18849072256,36,66,receive,18844044865,5027391
18849073836,196,49,receive,18844076434,4997402
18849075511,82,52,receive,18844080517,4994994
18849078472,158,67,receive,18844122457,4956015
18849081050,116,57,receive,18844107556,4973494
18849082264,122,60,receive,18844119854,4962410
18849083932,64,57,receive,18844119690,4964242
18849085911,144,51,receive,18844075660,5010251
18849087990,196,50,receive,18844096904,4991086
18849090065,36,67,receive,18844085509,5004556
18849091828,70,60,receive,18844094231,4997597
18849093862,178,56,receive,18844086802,5007060
18849096386,120,69,receive,18844101331,4995055
18849097388,34,70,receive,18844139032,4958356
18849099318,140,79,receive,18844170899,4928419
18849106677,90,56,receive,18844153026,4953651
18849108204,36,68,receive,18844139229,4968975
18849109325,144,52,receive,18844172780,4936545
18849113227,86,59,receive,18844127597,4985630
18849114905,64,58,receive,18844157311,4957594
18849117263,116,58,receive,18844174812,4942451
18849119338,106,59,receive,18844152298,4967040
18849132535,196,51,receive,18844167076,4965459
18849134410,34,71,receive,18844193312,4941098
18849135652,90,57,receive,18844186580,4949072
18849137250,36,69,receive,18844209641,4927609
18849139654,64,59,receive,18844216811,4922843
18849141684,88,53,receive,18844192317,4949367
18849151978,132,62,receive,18844195784,4956194
18849153570,78,55,receive,18844185648,4967922
18849155419,106,60,receive,18844214481,4940938
18849157643,142,55,receive,18844196936,4960707
18849160971,178,58,receive,18844226684,4934287
18849170615,94,58,receive,18844241088,4929527
18849172571,160,50,receive,18844253865,4918706
18849175083,22,66,receive,18844252807,4922276
18849176655,156,55,receive,18844233802,4942853
18849178615,106,61,receive,18844234656,4943959
18849180724,178,59,receive,18844241339,4939385
18849182782,68,59,receive,18844268565,4914217
18849184925,142,56,receive,18844251880,4933045
18849186861,198,48,receive,18844261522,4925339
18849188885,20,53,receive,18844254595,4934290
18849190912,146,61,receive,18844280497,4910415
18849192819,44,59,receive,18844281475,4911344
18849194696,46,69,receive,18844274534,4920162
18849196862,114,68,receive,18844322726,4874136
18849198854,22,67,receive,18844323573,4875281
18849200850,160,51,receive,18844286753,4914097
18849203347,34,73,receive,18844319223,4884124
18849205988,188,55,receive,18844288196,4917792
18849207534,24,63,receive,18844292583,4914951
18849209203,8,57,receive,18844289703,4919500
18849210919,104,61,receive,18844304495,4906424
18849213352,44,60,receive,18844345089,4868263
18849215701,24,64,receive,18844337444,4878257
18849217675,180,60,receive,18844338768,4878907
18849218929,34,74,receive,18844332028,4886901
18849221006,140,83,receive,18844368640,4852366
18849222499,160,52,receive,18844365206,4857293
18849224916,90,60,receive,18844374884,4850032
18849227299,96,75,receive,18844340317,4886982
18849228500,106,63,receive,18844340864,4887636
18849232191,4,68,receive,18844364862,4867329
18849235384,178,61,receive,18844351083,4884301
18849238523,146,62,receive,18844326747,4911776
18849239418,72,50,receive,18844345244,4894174
18849240325,36,73,receive,18844372419,4867906
18849242002,46,72,receive,18844428244,4813758
18849244555,148,56,receive,18844409347,4835208
18849246699,178,62,receive,18844415153,4831546
18849248815,100,68,receive,18844387936,4860879
18849251027,160,53,receive,18844390468,4860559
18849254760,8,59,receive,18844421447,4833313
18849256793,158,73,receive,18844389105,4867688
18849258446,72,51,receive,18844393650,4864796
18849260486,188,57,receive,18844405012,4855474
18849261634,180,61,receive,18844423140,4838494
18849264908,20,56,receive,18844398603,4866305
18849266258,36,75,receive,18844470832,4795426
18849268515,96,77,receive,18844447945,4820570
18849271006,174,59,receive,18844437487,4833519
18849272959,90,62,receive,18844457350,4815609
18849274502,178,63,receive,18844459341,4815161
18849276309,146,64,receive,18844467520,4808789
18849279524,142,60,receive,18844445035,4834489
18849281638,72,52,receive,18844463371,4818267
18849283718,20,57,receive,18844452465,4831253
18849285669,100,69,receive,18844467252,4818417
18849289714,178,64,receive,18844487924,4801790
18849290540,148,58,receive,18844519979,4770561
18849293272,42,77,receive,18844527633,4765639
18849295816,142,61,receive,18844488282,4807534
18849298789,174,60,receive,18844516660,4782129
18849300538,96,78,receive,18844497821,4802717
18849302667,72,53,receive,18844502589,4800078
18849304894,4,72,receive,18844522560,4782334
18849310892,20,58,receive,18844497793,4813099
18849313476,44,63,receive,18844524752,4788724
18849314685,98,61,receive,18844563487,4751198
18849317537,70,70,receive,18844569641,4747896
18849319068,46,75,receive,18844553259,4765809
18849319837,96,79,receive,18844547032,4772805
18849321427,114,73,receive,18844558634,4762793
18849323091,148,59,receive,18844541646,4781445
18849324335,14,62,receive,18844574838,4749497
18849325979,178,66,receive,18844563432,4762547
18849328656,126,55,receive,18844567356,4761300
18849330673,112,72,receive,18844541830,4788843
