receive_timestamp,source_vehicle,message_id,event_type,send_timestamp,latency_us
18841375567,140,2,receive,18841322159,53408
18841375943,84,1,receive,18841323743,52200
18841376270,66,1,receive,18841324019,52251
18841376585,70,1,receive,18841326788,49797
18841376903,70,2,receive,18841327272,49631
18841377266,34,2,receive,18841328992,48274
18841377574,100,1,receive,18841329814,47760
18841377880,136,1,receive,18841330056,47824
18841378190,126,1,receive,18841330084,48106
18841378497,96,1,receive,18841331263,47234
18841378812,96,2,receive,18841331899,46913
18841379197,140,3,receive,18841332856,46341
18841379521,102,1,receive,18841332884,46637
18841379877,122,1,receive,18841333860,46017
18841624376,76,2,receive,18841334009,290367
18841624716,120,2,receive,18841334414,290302
18841625038,118,1,receive,18841335105,289933
18841625724,118,2,receive,18841335873,289851
18841626045,140,4,receive,18841337258,288787
18841626441,138,1,receive,18841338523,287918
18841626775,120,3,receive,18841338815,287960
18841627098,56,2,receive,18841339254,287844
18841627420,28,2,receive,18841340023,287397
18841627793,80,2,receive,18841341130,286663
18841628147,6,1,receive,18841341213,286934
18841628490,34,3,receive,18841341509,286981
18841628829,86,3,receive,18841341639,287190
18841629161,38,1,receive,18841341795,287366
18841629495,86,4,receive,18841342029,287466
18841629822,118,3,receive,18841342899,286923
18841867448,140,5,receive,18841345630,521818
18841867776,76,3,receive,18841345913,521863
18841868091,64,1,receive,18841346302,521789
18841868435,10,1,receive,18841346504,521931
18841868786,92,2,receive,18841347742,521044
18841869130,52,2,receive,18841348572,520558
18841870347,140,6,receive,18841348951,521396
18841870693,142,1,receive,18841349378,521315
18841871008,54,2,receive,18841349713,521295
18841871328,120,4,receive,18841350221,521107
18841871704,16,1,receive,18841352218,519486
18841872039,48,1,receive,18841352766,519273
18841872371,8,1,receive,18841353060,519311
18841872730,110,1,receive,18841353267,519463
18841873068,86,5,receive,18841353353,519715
18841873403,158,2,receive,18841354631,518772
18841873821,50,1,receive,18841354700,519121
18841874186,36,2,receive,18841354783,519403
18841874539,154,2,receive,18841355166,519373
18841874880,76,4,receive,18841355306,519574
18841875221,156,1,receive,18841356683,518538
18841875601,20,2,receive,18841357182,518419
18841875950,40,2,receive,18841357689,518261
18841876294,24,1,receive,18841357913,518381
18841876636,192,1,receive,18841358295,518341
18841876971,26,2,receive,18841359280,517691
18841877314,66,2,receive,18841359433,517881
18841877718,30,1,receive,18841360804,516914
18841878067,150,1,receive,18841360895,517172
18841878411,96,3,receive,18841361211,517200
18841878747,132,1,receive,18841361305,517442
18841879160,42,2,receive,18841362809,516351
18842034911,46,1,receive,18841362920,671991
18842035259,114,1,receive,18841364200,671059
18842035585,88,1,receive,18841364557,671028
18842035916,20,3,receive,18841365456,670460
18842036246,96,4,receive,18841365704,670542
18842036576,84,2,receive,18841366799,669777
18842036927,40,3,receive,18841366904,670023
18842037256,120,5,receive,18841367514,669742
18842037582,136,2,receive,18841367664,669918
18842037901,2,1,receive,18841369372,668529
18842038217,80,3,receive,18841369642,668575
18842038532,34,4,receive,18841370016,668516
18842038880,112,1,receive,18841370738,668142
18842039216,78,1,receive,18841372617,666599
18842039627,104,1,receive,18841373015,666612
18842160254,98,2,receive,18841373202,787052
18842160564,184,1,receive,18841373484,787080
18842161218,180,1,receive,18841374003,787215
18842161539,86,6,receive,18841374688,786851
18842161841,60,1,receive,18841375025,786816
18842162141,12,1,receive,18841375431,786710
18842162442,128,1,receive,18841376126,786316
18842162748,136,3,receive,18841376934,785814
18842163052,80,4,receive,18841377901,785151
18842163419,154,3,receive,18841378095,785324
18842163755,126,2,receive,18841378314,785441
18842164083,192,2,receive,18841378700,785383
18842164408,190,1,receive,18841380050,784358
18842164734,6,2,receive,18841380910,783824
18842165064,28,3,receive,18841381006,784058
18842165475,146,1,receive,18841381406,784069
18842165811,166,1,receive,18841381576,784235
18842166140,144,1,receive,18841381709,784431
18842166471,62,1,receive,18841382102,784369
18842166792,134,1,receive,18841382195,784597
18842167133,140,7,receive,18841382284,784849
18842167489,164,1,receive,18841382545,784944
18842167811,36,3,receive,18841383315,784496
18842168133,76,5,receive,18841383766,784367
18842168452,76,6,receive,18841383973,784479
18842290539,106,1,receive,18841384342,906197
18842291025,38,2,receive,18841384942,906083
18842291388,102,2,receive,18841385390,905998
18842291836,122,2,receive,18841385759,906077
18842292206,188,1,receive,18841385938,906268
18842292624,92,3,receive,18841386262,906362
18842292992,170,1,receive,18841388448,904544
18842293352,52,3,receive,18841389199,904153
18842293778,6,3,receive,18841390009,903769
18842294150,152,1,receive,18841390024,904126
18842294511,28,4,receive,18841391342,903169
18842294870,156,2,receive,18841392769,902101
18842295227,168,1,receive,18841393182,902045
18842295650,14,1,receive,18841394788,900862
18842337931,56,3,receive,18841394879,943052
18842338326,154,4,receive,18841395438,942888
18842338702,6,4,receive,18841396300,942402
18842339254,86,7,receive,18841396895,942359
18842339622,54,3,receive,18841397175,942447
18842340006,126,3,receive,18841398254,941752
18842340378,156,3,receive,18841398552,941826
18842340742,120,6,receive,18841398863,941879
18842341176,36,4,receive,18841399133,942043
18842341558,42,3,receive,18841399372,942186
18842341962,70,3,receive,18841399851,942111
18842342342,48,2,receive,18841400154,942188
18842342712,118,4,receive,18841400269,942443
18842343186,158,3,receive,18841402023,941163
18842380827,178,1,receive,18841402480,978347
18842381261,70,4,receive,18841404117,977144
18842381644,84,3,receive,18841404244,977400
18842382115,146,2,receive,18841404704,977411
18842382478,138,2,receive,18841405178,977300
18842382842,26,3,receive,18841405602,977240
18842383265,120,7,receive,18841406062,977203
18842383634,76,7,receive,18841406334,977300
18842384032,80,5,receive,18841407310,976722
18842384405,136,4,receive,18841408450,975955
18842384768,118,5,receive,18841409639,975129
18842385177,74,1,receive,18841409941,975236
18842385543,34,5,receive,18841409983,975560
18842433014,192,3,receive,18841410163,1022851
18842433488,40,4,receive,18841410392,1023096
18842433868,122,3,receive,18841410490,1023378
18842434353,142,2,receive,18841410654,1023699
18842434717,86,8,receive,18841411176,1023541
18842435101,6,5,receive,18841411424,1023677
18842435485,144,2,receive,18841411857,1023628
18842435849,16,2,receive,18841412216,1023633
18842436212,180,2,receive,18841412571,1023641
18842436613,150,2,receive,18841412613,1024000
18842437127,94,1,receive,18841412614,1024513
18842437774,64,2,receive,18841413663,1024111
18842438148,126,4,receive,18841415105,1023043
18842486640,38,3,receive,18841415464,1071176
18842487003,96,5,receive,18841415720,1071283
18842487574,194,1,receive,18841415814,1071760
18842487947,200,1,receive,18841415786,1072161
18842488308,98,3,receive,18841416110,1072198
18842488669,158,4,receive,18841416244,1072425
18842489031,114,2,receive,18841417053,1071978
18842489461,66,3,receive,18841417220,1072241
18842489824,46,2,receive,18841417578,1072246
18842490199,120,8,receive,18841418274,1071925
18842490557,36,5,receive,18841418363,1072194
18842490921,136,5,receive,18841418779,1072142
18842491356,46,3,receive,18841419594,1071762
18842540842,56,4,receive,18841419746,1121096
18842541270,122,4,receive,18841419853,1121417
18842541637,188,2,receive,18841420914,1120723
18842542312,162,1,receive,18841420931,1121381
18842542690,152,2,receive,18841421553,1121137
18842543054,52,4,receive,18841421620,1121434
18842543468,102,3,receive,18841422110,1121358
18842543835,76,8,receive,18841422313,1121522
18842544199,26,4,receive,18841423914,1120285
18842544581,140,8,receive,18841424670,1119911
18842544970,176,1,receive,18841425565,1119405
18842545383,84,4,receive,18841425678,1119705
18842545757,164,2,receive,18841427217,1118540
18842546123,168,2,receive,18841427524,1118599
18842546501,172,1,receive,18841427625,1118876
18842546864,158,5,receive,18841428464,1118400
18842547275,132,2,receive,18841428579,1118696
18842595573,118,6,receive,18841429393,1166180
18842595950,150,3,receive,18841429975,1165975
18842596342,140,9,receive,18841430860,1165482
18842596835,140,10,receive,18841431015,1165820
18842597211,64,3,receive,18841431338,1165873
18842597583,28,5,receive,18841431670,1165913
18842597949,78,2,receive,18841433479,1164470
18842598312,186,1,receive,18841434160,1164152
18842598673,184,2,receive,18841434274,1164399
18842599138,106,2,receive,18841434815,1164323
18842599536,46,4,receive,18841435295,1164241
18842599959,6,6,receive,18841435479,1164480
18842600396,64,4,receive,18841435682,1164714
18842649113,30,2,receive,18841436304,1212809
18842649499,92,4,receive,18841436913,1212586
18842649909,132,3,receive,18841439057,1210852
18842650408,112,2,receive,18841439377,1211031
18842650778,60,2,receive,18841440018,1210760
18842651144,122,5,receive,18841440303,1210841
18842651510,110,2,receive,18841440292,1211218
18842651923,200,2,receive,18841440539,1211384
18842652305,102,4,receive,18841440645,1211660
18842652729,174,1,receive,18841441323,1211406
18842653184,22,1,receive,18841442093,1211091
18842653588,168,3,receive,18841442346,1211242
18842653957,76,9,receive,18841442614,1211343
18842702879,180,3,receive,18841442729,1260150
18842703270,154,5,receive,18841442939,1260331
18842703742,194,2,receive,18841443033,1260709
18842704222,14,2,receive,18841444078,1260144
18842704583,84,5,receive,18841444999,1259584
18842704946,140,11,receive,18841445235,1259711
18842705302,170,2,receive,18841445630,1259672
18842705687,70,5,receive,18841447520,1258167
18842706154,94,2,receive,18841448245,1257909
18842706557,138,3,receive,18841448355,1258202
18842706937,152,3,receive,18841448425,1258512
18842707309,158,6,receive,18841449746,1257563
18842707752,156,4,receive,18841449772,1257980
18842756010,42,4,receive,18841450340,1305670
18842756373,26,5,receive,18841451198,1305175
18842757002,16,3,receive,18841451391,1305611
18842757427,80,6,receive,18841452503,1304924
18842757808,66,4,receive,18841453576,1304232
18842758269,66,5,receive,18841453741,1304528
18842758648,24,2,receive,18841448067,1310581
18842759022,158,7,receive,18841453944,1305078
18842759396,88,2,receive,18841453971,1305425
18842759768,54,4,receive,18841454004,1305764
18842760239,104,2,receive,18841454291,1305948
18842760609,178,2,receive,18841454596,1306013
18842809215,48,3,receive,18841454817,1354398
18842809602,4,1,receive,18841455267,1354335
18842810029,162,2,receive,18841455911,1354118
18842810514,136,6,receive,18841456378,1354136
18842810885,132,4,receive,18841458545,1352340
18842811246,116,1,receive,18841458675,1352571
18842811601,80,7,receive,18841458793,1352808
18842812032,38,4,receive,18841459804,1352228
18842812512,114,3,receive,18841460010,1352502
18842812895,80,8,receive,18841460010,1352885
18842813265,30,3,receive,18841460014,1353251
18842813640,46,5,receive,18841460061,1353579
18842814053,144,3,receive,18841460404,1353649
18842814434,86,9,receive,18841460496,1353938
18842862513,36,6,receive,18841460778,1401735
18842862949,36,7,receive,18841460926,1402023
18842863397,102,5,receive,18841460907,1402490
18842864045,34,6,receive,18841461034,1403011
18842864434,92,5,receive,18841461229,1403205
18842864899,76,10,receive,18841461908,1402991
18842865288,142,3,receive,18841462051,1403237
18842865826,40,5,receive,18841462518,1403308
18842866211,96,6,receive,18841462581,1403630
18842866696,146,3,receive,18841445866,1420830
18842867067,186,2,receive,18841464273,1402794
18842867435,56,5,receive,18841464548,1402887
18842867847,52,5,receive,18841465177,1402670
18842916114,142,4,receive,18841465292,1450822
18842916614,146,4,receive,18841465413,1451201
18842917114,70,6,receive,18841465807,1451307
18842917481,164,3,receive,18841466073,1451408
18842917837,56,6,receive,18841466766,1451071
18842918203,120,9,receive,18841467642,1450561
18842918562,118,7,receive,18841467833,1450729
18842918917,116,2,receive,18841468028,1450889
18842919357,48,4,receive,18841469240,1450117
18842919723,150,4,receive,18841469460,1450263
18842920103,114,4,receive,18841470010,1450093
18842920466,122,6,receive,18841470009,1450457
18842967694,24,3,receive,18841470696,1496998
18842968100,14,3,receive,18841472058,1496042
18842968485,164,4,receive,18841472296,1496189
18842968963,106,3,receive,18841472359,1496604
18842969344,64,5,receive,18841473159,1496185
18842969807,66,6,receive,18841473980,1495827
18842970764,12,2,receive,18841474171,1496593
18842971283,4,2,receive,18841474744,1496539
18842971766,76,11,receive,18841475188,1496578
18842972208,184,3,receive,18841475362,1496846
18842972663,14,4,receive,18841475441,1497222
18843021095,88,3,receive,18841475477,1545618
18843021568,28,6,receive,18841475984,1545584
18843021955,58,1,receive,18841477068,1544887
18843022428,12,3,receive,18841477429,1544999
18843022792,168,4,receive,18841477870,1544922
18843023186,112,3,receive,18841478966,1544220
18843023610,188,3,receive,18841480010,1543600
18843023979,94,3,receive,18841480009,1543970
18843024430,176,2,receive,18841480316,1544114
18843024876,38,5,receive,18841482074,1542802
18843025345,156,5,receive,18841482489,1542856
18843025715,106,4,receive,18841482810,1542905
18843026119,180,4,receive,18841483696,1542423
18843026490,134,2,receive,18841454589,1571901
18843074520,172,2,receive,18841484065,1590455
18843074892,180,5,receive,18841484890,1590002
18843075274,102,6,receive,18841485708,1589566
18843075727,78,3,receive,18841485852,1589875
18843076109,134,3,receive,18841485922,1590187
18843076486,106,5,receive,18841486074,1590412
18843076850,38,6,receive,18841486237,1590613
18843077295,92,6,receive,18841486565,1590730
18843077757,26,6,receive,18841486611,1591146
18843078219,92,7,receive,18841486773,1591446
18843078627,36,8,receive,18841487170,1591457
18843079094,24,4,receive,18841487568,1591526
18843079488,16,4,receive,18841490023,1589465
18843126725,150,5,receive,18841490256,1636469
18843127142,48,5,receive,18841490373,1636769
18843127535,118,8,receive,18841490458,1637077
18843128009,84,6,receive,18841491411,1636598
18843128383,48,6,receive,18841491606,1636777
18843128756,146,5,receive,18841491771,1636985
18843129287,162,3,receive,18841492037,1637250
18843129686,28,7,receive,18841493230,1636456
18843130268,34,7,receive,18841493323,1636945
18843130654,154,6,receive,18841493365,1637289
18843131119,76,12,receive,18841493501,1637618
18843131502,186,3,receive,18841493599,1637903
18843184302,140,12,receive,18841493723,1690579
18843184842,40,6,receive,18841493863,1690979
18843185288,4,3,receive,18841494259,1691029
18843185779,38,7,receive,18841494423,1691356
18843186189,40,7,receive,18841495035,1691154
18843186558,54,5,receive,18841495395,1691163
18843186920,96,7,receive,18841496054,1690866
18843187280,42,5,receive,18841496142,1691138
18843187699,134,4,receive,18841497883,1689816
18843188115,12,4,receive,18841498154,1689961
18843188623,174,2,receive,18841498346,1690277
18843188993,48,7,receive,18841498843,1690150
18843189359,136,7,receive,18841498920,1690439
18843237384,132,5,receive,18841499405,1737979
18843237829,186,4,receive,18841499788,1738041
18843238220,120,10,receive,18841499893,1738327
18843238706,178,3,receive,18841500596,1738110
18843239199,26,7,receive,18841500840,1738359
18843239590,140,13,receive,18841500933,1738657
18843290649,74,2,receive,18841471475,1819174
18843291134,96,8,receive,18841501222,1789912
18843291626,192,4,receive,18841466300,1825326
18843292121,178,4,receive,18841501778,1790343
18843293222,86,10,receive,18841501849,1791373
18843293586,138,4,receive,18841502033,1791553
18843294057,172,3,receive,18841502322,1791735
18843294424,158,8,receive,18841502289,1792135
18843294784,168,5,receive,18841502511,1792273
18843295267,134,5,receive,18841503120,1792147
18843295634,122,7,receive,18841504033,1791601
18843343583,70,7,receive,18841505238,1838345
18843343979,96,9,receive,18841505408,1838571
18843344355,128,2,receive,18841451092,1893263
18843344824,14,5,receive,18841506824,1838000
18843345198,80,9,receive,18841507479,1837719
18843345637,128,3,receive,18841508148,1837489
18843346002,28,8,receive,18841508538,1837464
18843346409,2,2,receive,18841478221,1868188
18843346799,64,6,receive,18841510539,1836260
18843347161,26,8,receive,18841511030,1836131
18843347613,154,7,receive,18841511583,1836030
18843347977,4,4,receive,18841511611,1836366
18843348341,118,9,receive,18841511777,1836564
18843401296,30,4,receive,18841512035,1889261
18843401706,94,4,receive,18841512680,1889026
18843402082,114,5,receive,18841512876,1889206
18843402563,46,6,receive,18841514651,1887912
18843403007,88,4,receive,18841514878,1888129
18843403405,8,2,receive,18841515097,1888308
18843403856,8,3,receive,18841515283,1888573
18843404273,184,4,receive,18841515603,1888670
18843404666,114,6,receive,18841516092,1888574
18843405047,116,3,receive,18841508921,1896126
18843405422,128,4,receive,18841516592,1888830
18843405800,114,7,receive,18841517257,1888543
18843406295,122,8,receive,18841518240,1888055
18843406674,24,5,receive,18841518855,1887819
18843407060,140,14,receive,18841519145,1887915
18843455575,162,4,receive,18841520028,1935547
18843456029,86,11,receive,18841520079,1935950
18843456406,76,13,receive,18841520782,1935624
18843456890,64,7,receive,18841520789,1936101
18843457269,180,6,receive,18841521117,1936152
18843457685,48,8,receive,18841521129,1936556
18843458116,96,10,receive,18841521628,1936488
18843458557,174,3,receive,18841522068,1936489
18843458929,70,8,receive,18841522470,1936459
18843459297,136,8,receive,18841524167,1935130
18843459678,164,5,receive,18841524328,1935350
18843460074,42,6,receive,18841524508,1935566
18843508506,192,5,receive,18841524910,1983596
18843508939,156,6,receive,18841525765,1983174
18843509346,128,5,receive,18841526827,1982519
18843509836,178,5,receive,18841526988,1982848
18843510233,118,10,receive,18841528989,1981244
18843510614,84,7,receive,18841529671,1980943
18843510992,150,6,receive,18841531116,1979876
18843511419,40,8,receive,18841531365,1980054
18843511796,146,6,receive,18841531387,1980409
18843512162,38,8,receive,18841531695,1980467
18843512566,188,4,receive,18841531881,1980685
18843512929,42,7,receive,18841532761,1980168
18843513373,120,11,receive,18841533253,1980120
18843513785,188,5,receive,18841534140,1979645
18843561468,78,4,receive,18841535175,2026293
18843561919,114,8,receive,18841535472,2026447
18843562403,24,6,receive,18841536082,2026321
18843562776,76,14,receive,18841537023,2025753
18843563172,150,7,receive,18841537333,2025839
18843563568,148,1,receive,18841537877,2025691
18843563936,96,11,receive,18841537926,2026010
18843564310,168,6,receive,18841538653,2025657
18843564682,154,8,receive,18841538835,2025847
18843565050,134,6,receive,18841539377,2025673
18843565489,134,7,receive,18841539530,2025959
18843565871,34,8,receive,18841539584,2026287
18843566296,106,6,receive,18841537066,2029230
18843614285,192,6,receive,18841540292,2073993
18843614712,70,9,receive,18841540685,2074027
18843615107,128,6,receive,18841542078,2073029
18843615581,172,4,receive,18841542152,2073429
18843616044,46,7,receive,18841543130,2072914
18843616440,34,9,receive,18841543855,2072585
18843616889,28,9,receive,18841543860,2073029
18843617257,84,8,receive,18841544085,2073172
18843617621,118,11,receive,18841544269,2073352
18843617989,162,5,receive,18841544304,2073685
18843618355,30,5,receive,18841544287,2074068
18843618836,166,2,receive,18841389871,2228965
18843619224,158,9,receive,18841544666,2074558
18843667466,134,8,receive,18841544681,2122785
18843667842,54,6,receive,18841545284,2122558
18843668334,158,10,receive,18841545832,2122502
18843668713,164,6,receive,18841546640,2122073
18843669078,180,7,receive,18841547371,2121707
18843669538,108,1,receive,18841548209,2121329
18843669927,138,5,receive,18841549309,2120618
18843670333,14,6,receive,18841549873,2120460
18843670712,20,4,receive,18841411866,2258846
18843671101,64,8,receive,18841550149,2120952
18843671492,44,1,receive,18841550178,2121314
18843671860,120,12,receive,18841551474,2120386
18843672219,192,7,receive,18841551593,2120626
18843722618,70,10,receive,18841551916,2170702
18843723010,28,10,receive,18841552038,2170972
18843723392,122,9,receive,18841554838,2168554
18843723872,80,10,receive,18841555980,2167892
18843724282,116,4,receive,18841556215,2168067
18843724669,28,11,receive,18841556211,2168458
18843725041,84,9,receive,18841556371,2168670
18843725468,2,3,receive,18841557184,2168284
18843725857,82,1,receive,18841558026,2167831
18843726266,76,15,receive,18841558303,2167963
18843726659,26,9,receive,18841558407,2168252
18843727044,24,7,receive,18841559341,2167703
18843774429,46,8,receive,18841559425,2215004
18843774821,164,7,receive,18841559861,2214960
18843775232,8,4,receive,18841561406,2213826
18843775739,184,5,receive,18841562656,2213083
18843776131,132,6,receive,18841562754,2213377
18843776572,140,15,receive,18841563520,2213052
18843776951,42,8,receive,18841564149,2212802
18843777410,70,11,receive,18841565166,2212244
18843777782,146,7,receive,18841565743,2212039
18843778155,154,9,receive,18841566112,2212043
18843778524,4,5,receive,18841566381,2212143
18843778891,10,2,receive,18841418508,2360383
18843779323,150,8,receive,18841566586,2212737
18843827314,48,9,receive,18841566973,2260341
18843827700,174,4,receive,18841567347,2260353
18843828067,44,2,receive,18841568500,2259567
18843828543,128,7,receive,18841569375,2259168
18843828939,26,10,receive,18841569620,2259319
18843829328,38,9,receive,18841569937,2259391
18843829702,182,1,receive,18841570033,2259669
18843830088,106,7,receive,18841571337,2258751
18843830460,178,6,receive,18841571376,2259084
18843830905,136,9,receive,18841572649,2258256
18843831289,40,9,receive,18841572703,2258586
18843831663,56,7,receive,18841517272,2314391
18843832039,144,4,receive,18841520012,2312027
18843832427,118,12,receive,18841573531,2258896
18843832846,46,9,receive,18841573738,2259108
18843879943,158,11,receive,18841574102,2305841
18843880362,90,1,receive,18841574373,2305989
18843880755,4,6,receive,18841574591,2306164
18843881234,26,11,receive,18841574804,2306430
18843881626,78,5,receive,18841576557,2305069
18843882028,10,3,receive,18841576599,2305429
18843882448,30,6,receive,18841576676,2305772
18843882843,98,4,receive,18841456372,2426471
18843883223,98,5,receive,18841576897,2306326
18843883599,118,13,receive,18841577732,2305867
18843883984,48,10,receive,18841578237,2305747
18843884403,96,12,receive,18841578330,2306073
18843884792,2,4,receive,18841579521,2305271
18843932551,154,10,receive,18841580007,2352544
18843933405,190,2,receive,18841510019,2423386
18843933855,174,5,receive,18841580547,2353308
18843934486,120,13,receive,18841580710,2353776
18843934873,42,9,receive,18841582362,2352511
18843935313,154,11,receive,18841585203,2350110
18843935700,2,5,receive,18841585782,2349918
18843936069,46,10,receive,18841586072,2349997
18843936524,132,7,receive,18841586073,2350451
18843936984,80,11,receive,18841586319,2350665
18843937480,64,9,receive,18841587566,2349914
18843985998,94,5,receive,18841557061,2428937
18843986397,168,7,receive,18841588195,2398202
18843986768,34,10,receive,18841588292,2398476
18843987319,114,9,receive,18841577858,2409461
18843987693,82,2,receive,18841589429,2398264
18843988069,82,3,receive,18841589609,2398460
18843988437,112,4,receive,18841493445,2494992
18843988803,54,7,receive,18841590647,2398156
18843989222,150,9,receive,18841591095,2398127
18843989652,96,13,receive,18841591578,2398074
18843990041,82,4,receive,18841591844,2398197
18843990416,196,1,receive,18841591887,2398529
18843990814,162,7,receive,18841592278,2398536
18844038847,178,7,receive,18841592466,2446381
18844039242,162,8,receive,18841593439,2445803
18844039746,166,3,receive,18841593950,2445796
18844040300,38,10,receive,18841594243,2446057
18844040703,112,5,receive,18841594477,2446226
18844041070,174,6,receive,18841594750,2446320
18844041434,70,12,receive,18841595721,2445713
18844041798,174,7,receive,18841596903,2444895
18844042221,60,3,receive,18841488048,2554173
18844042708,130,2,receive,18841332370,2710338
18844043080,134,9,receive,18841598435,2444645
18844043449,116,5,receive,18841598645,2444804
18844043818,14,7,receive,18841599297,2444521
18844044223,28,12,receive,18841599498,2444725
18844044695,28,13,receive,18841599654,2445041
18844093947,138,6,receive,18841599874,2494073
18844094341,146,8,receive,18841599885,2494456
18844094720,146,9,receive,18841600075,2494645
18844095229,140,16,receive,18841600882,2494347
18844095614,122,10,receive,18841601136,2494478
18844095975,14,8,receive,18841601473,2494502
18844096330,76,16,receive,18841601874,2494456
18844096690,26,12,receive,18841601983,2494707
18844097072,192,8,receive,18841602249,2494823
18844097556,128,8,receive,18841602719,2494837
18844097934,96,14,receive,18841602857,2495077
18844098411,128,9,receive,18841602922,2495489
18844098826,150,10,receive,18841603277,2495549
18844146828,122,11,receive,18841603429,2543399
18844147213,116,6,receive,18841603814,2543399
18844147661,56,8,receive,18841604020,2543641
18844148148,140,17,receive,18841604135,2544013
18844148531,24,8,receive,18841605910,2542621
18844149040,122,12,receive,18841607661,2541379
18844149426,186,5,receive,18841524036,2625390
18844149802,184,6,receive,18841608202,2541600
18844150203,132,8,receive,18841608378,2541825
18844150575,36,9,receive,18841535781,2614794
18844151048,64,10,receive,18841609526,2541522
18844151434,112,6,receive,18841609804,2541630
18844199235,142,5,receive,18841499817,2699418
18844199635,44,3,receive,18841609890,2589745
18844200035,104,3,receive,18841509649,2690386
18844200519,8,5,receive,18841611055,2589464
18844200920,146,10,receive,18841611300,2589620
18844201346,8,6,receive,18841612305,2589041
18844201746,44,4,receive,18841613081,2588665
18844202130,120,14,receive,18841613134,2588996
18844202523,6,7,receive,18841467879,2734644
18844202953,78,6,receive,18841613968,2588985
18844203340,68,1,receive,18841614228,2589112
18844203709,146,11,receive,18841615470,2588239
18844248040,24,9,receive,18841616099,2631941
18844248471,140,18,receive,18841616320,2632151
18844248989,134,10,receive,18841616670,2632319
18844249419,54,8,receive,18841616954,2632465
18844249804,194,3,receive,18841492562,2757242
18844250200,136,10,receive,18841619025,2631175
18844250573,46,11,receive,18841619468,2631105
18844250937,126,5,receive,18841433446,2817491
18844251367,158,12,receive,18841621580,2629787
18844251743,78,7,receive,18841622119,2629624
18844252134,166,4,receive,18841622271,2629863
18844252540,130,3,receive,18841622963,2629577
18844295204,98,6,receive,18841623227,2671977
18844295646,30,7,receive,18841624208,2671438
18844296018,132,9,receive,18841624692,2671326
18844296523,190,3,receive,18841625080,2671443
18844296904,96,15,receive,18841625129,2671775
18844297272,118,14,receive,18841625155,2672117
18844297634,168,8,receive,18841625747,2671887
18844297989,106,8,receive,18841626172,2671817
18844298353,104,4,receive,18841626236,2672117
18844298815,184,7,receive,18841626464,2672351
18844299259,14,9,receive,18841626725,2672534
18844299682,38,11,receive,18841627627,2672055
18844342291,178,8,receive,18841627759,2714532
18844342669,42,10,receive,18841629756,2712913
18844343214,10,4,receive,18841630008,2713206
18844343593,162,9,receive,18841630808,2712785
18844343972,14,10,receive,18841630907,2713065
18844344348,138,7,receive,18841631178,2713170
18844344749,44,5,receive,18841631384,2713365
18844345154,154,12,receive,18841631539,2713615
18844345604,192,9,receive,18841633530,2712074
18844346056,34,11,receive,18841633706,2712350
18844346457,38,12,receive,18841635776,2710681
18844390020,80,12,receive,18841635817,2754203
18844390420,132,10,receive,18841635962,2754458
18844390827,14,11,receive,18841636058,2754769
18844391380,158,13,receive,18841636768,2754612
18844391811,26,13,receive,18841637182,2754629
18844392204,114,10,receive,18841637372,2754832
18844392581,102,7,receive,18841537843,2854738
18844392954,96,16,receive,18841638378,2754576
18844393795,96,17,receive,18841638584,2755211
18844394403,36,10,receive,18841638591,2755812
18844437814,60,4,receive,18841638825,2798989
18844438276,64,11,receive,18841638839,2799437
18844438666,48,11,receive,18841639009,2799657
18844439371,82,5,receive,18841639206,2800165
18844439794,160,1,receive,18841639352,2800442
18844440272,30,8,receive,18841639485,2800787
18844440640,140,19,receive,18841639526,2801114
18844441003,22,2,receive,18841524382,2916621
18844441373,170,3,receive,18841477321,2964052
18844441842,8,7,receive,18841640654,2801188
18844442254,166,5,receive,18841641497,2800757
18844442627,154,13,receive,18841641715,2800912
18844494988,112,7,receive,18841642235,2852753
18844495373,146,12,receive,18841642736,2852637
18844495738,30,9,receive,18841643674,2852064
18844496196,116,7,receive,18841643883,2852313
18844496583,122,13,receive,18841644032,2852551
18844497016,130,4,receive,18841644181,2852835
18844497372,114,11,receive,18841645541,2851831
18844497737,150,11,receive,18841645893,2851844
18844498141,142,6,receive,18841646053,2852088
18844498552,74,3,receive,18841544086,2954466
18844498943,54,9,receive,18841646286,2852657
18844499330,52,6,receive,18841512631,2986699
18844499709,166,6,receive,18841646753,2852956
18844500101,158,14,receive,18841646942,2853159
18844500561,76,17,receive,18841647204,2853357
18844548785,132,11,receive,18841648242,2900543
18844549186,28,14,receive,18841649052,2900134
18844549555,22,3,receive,18841649886,2899669
18844550049,100,2,receive,18841369790,3180259
18844550435,86,12,receive,18841549382,3001053
18844550851,104,5,receive,18841650583,2900268
18844551287,142,7,receive,18841651232,2900055
18844552063,120,15,receive,18841651893,2900170
18844552838,118,15,receive,18841652429,2900409
18844553351,136,11,receive,18841653291,2900060
18844600623,140,20,receive,18841653792,2946831
18844601042,126,6,receive,18841653949,2947093
18844601436,28,15,receive,18841654258,2947178
18844601943,48,12,receive,18841655293,2946650
18844602364,116,8,receive,18841656211,2946153
18844602732,194,4,receive,18841656437,2946295
18844603113,44,6,receive,18841656647,2946466
18844603489,48,13,receive,18841657511,2945978
18844603869,158,15,receive,18841658145,2945724
18844604283,46,12,receive,18841659816,2944467
18844604728,36,11,receive,18841660988,2943740
18844605137,6,8,receive,18841661968,2943169
18844605519,190,4,receive,18841662468,2943051
18844654763,118,16,receive,18841662614,2992149
18844655143,102,8,receive,18841664379,2990764
18844655553,106,9,receive,18841664534,2991019
18844656026,112,8,receive,18841665521,2990505
18844656435,154,14,receive,18841665902,2990533
18844656804,60,5,receive,18841666202,2990602
18844657248,80,13,receive,18841666381,2990867
18844657631,162,10,receive,18841667086,2990545
18844658002,100,3,receive,18841667245,2990757
18844658432,184,8,receive,18841667787,2990645
18844658804,104,6,receive,18841667833,2990971
18844659168,184,9,receive,18841667983,2991185
18844659569,42,11,receive,18841668104,2991465
18844659976,112,9,receive,18841668761,2991215
18844707562,118,17,receive,18841669760,3037802
18844707963,138,8,receive,18841670480,3037483
18844708381,96,18,receive,18841670935,3037446
18844708859,96,19,receive,18841671119,3037740
18844709227,10,5,receive,18841671389,3037838
18844709675,106,10,receive,18841671696,3037979
18844710172,98,7,receive,18841672527,3037645
18844710931,118,18,receive,18841673931,3037000
18844711473,34,12,receive,18841674075,3037398
18844712244,102,9,receive,18841674644,3037600
18844712783,190,5,receive,18841674718,3038065
18844713356,120,16,receive,18841675074,3038282
18844761391,30,10,receive,18841675063,3086328
18844761792,100,4,receive,18841675452,3086340
18844762170,80,14,receive,18841676143,3086027
18844762652,118,19,receive,18841677132,3085520
18844763016,150,12,receive,18841677171,3085845
18844763426,48,14,receive,18841677371,3086055
18844763802,76,18,receive,18841677472,3086330
18844764174,170,4,receive,18841677614,3086560
18844764714,184,10,receive,18841678197,3086517
18844765305,64,12,receive,18841678270,3087035
18844765775,28,16,receive,18841678595,3087180
18844766172,18,1,receive,18841679593,3086579
18844813711,68,2,receive,18841641526,3172185
18844814114,134,11,receive,18841646934,3167180
18844814540,6,9,receive,18841680190,3134350
18844815043,36,12,receive,18841680327,3134716
18844815417,162,6,receive,18841584118,3231299
18844815790,112,10,receive,18841681015,3134775
18844816202,34,13,receive,18841681236,3134966
18844816589,26,14,receive,18841681561,3135028
18844816968,10,6,receive,18841681583,3135385
18844817351,132,12,receive,18841681666,3135685
18844817728,36,13,receive,18841683581,3134147
18844818148,100,5,receive,18841683659,3134489
18844818546,54,10,receive,18841683696,3134850
18844866206,8,8,receive,18841684301,3181905
18844866617,162,11,receive,18841684373,3182244
18844867087,200,3,receive,18841478907,3388180
18844867581,126,7,receive,18841684580,3183001
18844867959,98,8,receive,18841684736,3183223
18844868353,140,21,receive,18841685036,3183317
18844868762,32,1,receive,18841685113,3183649
18844869144,38,13,receive,18841685203,3183941
18844869520,114,12,receive,18841685903,3183617
18844869943,190,6,receive,18841685999,3183944
18844870327,80,15,receive,18841686387,3183940
18844870732,66,7,receive,18841513223,3357509
18844871119,96,20,receive,18841686434,3184685
18844921440,162,12,receive,18841686521,3234919
18844921862,114,13,receive,18841687084,3234778
18844922381,128,10,receive,18841626169,3296212
18844922778,34,14,receive,18841687437,3235341
18844923253,128,11,receive,18841689253,3234000
18844923679,108,2,receive,18841587673,3336006
18844924369,176,3,receive,18841512925,3411444
18844924968,68,3,receive,18841690190,3234778
18844925788,154,15,receive,18841690334,3235454
18844969335,136,12,receive,18841690573,3278762
18844969745,130,5,receive,18841690581,3279164
18844970166,96,21,receive,18841690695,3279471
18844970720,76,19,receive,18841690725,3279995
18844971094,36,14,receive,18841690817,3280277
18844971464,74,4,receive,18841691162,3280302
18844971891,52,7,receive,18841692736,3279155
18844972283,26,15,receive,18841692795,3279488
18844972729,200,4,receive,18841693632,3279097
18844973109,152,4,receive,18841495786,3477323
18844973485,122,14,receive,18841694742,3278743
18844973858,86,13,receive,18841695423,3278435
18845017377,112,11,receive,18841696330,3321047
18845017805,80,16,receive,18841697724,3320081
18845018538,22,4,receive,18841698228,3320310
18845019289,58,2,receive,18841486358,3532931
18845020203,118,20,receive,18841698422,3321781
18845020611,140,22,receive,18841699260,3321351
18845021124,142,8,receive,18841699541,3321583
18845021516,46,13,receive,18841701724,3319792
18845021953,122,15,receive,18841701954,3319999
18845022363,102,10,receive,18841702147,3320216
18845070827,116,9,receive,18841702450,3368377
18845071283,96,22,receive,18841702967,3368316
18845071742,112,12,receive,18841703541,3368201
18845072235,194,5,receive,18841703772,3368463
18845072673,126,8,receive,18841703854,3368819
18845073115,10,7,receive,18841704865,3368250
18845073510,138,9,receive,18841704952,3368558
18845073905,80,17,receive,18841704966,3368939
18845074304,82,6,receive,18841650553,3423751
18845074701,76,20,receive,18841705945,3368756
18845075169,36,15,receive,18841706053,3369116
18845075705,190,7,receive,18841706312,3369393
18845124643,158,16,receive,18841707381,3417262
18845125056,8,9,receive,18841707674,3417382
18845125454,132,13,receive,18841707996,3417458
18845126112,134,12,receive,18841708339,3417773
18845126821,114,14,receive,18841708365,3418456
18845127373,76,25,receive,18841861458,3265915
18845128064,44,7,receive,18841664818,3463246
18845128470,180,11,receive,18841861815,3266655
18845129184,22,14,receive,18841862321,3266863
18845181771,90,5,receive,18841862532,3319239
18845182201,114,19,receive,18841862664,3319537
18845182602,162,15,receive,18841862907,3319695
18845183278,70,14,receive,18841741386,3441892
18845183901,56,16,receive,18841864536,3319365
18845184346,140,31,receive,18841866056,3318290
18845184828,186,14,receive,18841866754,3318074
18845185217,98,12,receive,18841757659,3427558
18845185599,52,14,receive,18841866993,3318606
18845185977,130,11,receive,18841867196,3318781
18845186463,186,15,receive,18841867934,3318529
18845240800,176,4,receive,18841726486,3514314
18845241198,182,7,receive,18841868675,3372523
18845241573,126,11,receive,18841869873,3371700
18845242067,194,7,receive,18841779767,3462300
18845242430,14,12,receive,18841677104,3565326
18845242856,4,9,receive,18841870013,3372843
18845243228,36,21,receive,18841870187,3373041
18845243593,118,27,receive,18841870297,3373296
18845243965,68,11,receive,18841870850,3373115
18845244342,92,10,receive,18841871691,3372651
18845333455,178,10,receive,18841769258,3564197
18845333904,104,11,receive,18841873111,3460793
18845334300,162,16,receive,18841873247,3461053
18845334781,120,25,receive,18841873381,3461400
18845335153,104,12,receive,18841876316,3458837
18845335525,100,12,receive,18841876909,3458616
18845335930,116,15,receive,18841878871,3457059
18845336317,56,17,receive,18841879822,3456495
18845336688,132,15,receive,18841880793,3455895
18845337055,114,20,receive,18841880878,3456177
18845337424,176,5,receive,18841882205,3455219
18845337877,64,15,receive,18841741873,3596004
18845338284,182,8,receive,18841883918,3454366
18845388106,6,10,receive,18841730601,3657505
18845388526,148,3,receive,18841813422,3575104
18845388892,34,22,receive,18841885618,3503274
18845389347,54,14,receive,18841801463,3587884
18845389714,126,12,receive,18841886251,3503463
18845390115,36,22,receive,18841886464,3503651
18845390490,6,11,receive,18841885753,3504737
18845390861,100,13,receive,18841888136,3502725
18845391230,148,4,receive,18841888404,3502826
18845391639,88,9,receive,18841889644,3501995
18845392035,52,15,receive,18841890310,3501725
18845392486,96,29,receive,18841890307,3502179
18845392951,68,12,receive,18841892079,3500872
18845461111,100,14,receive,18841892273,3568838
18845461558,62,2,receive,18841595400,3866158
18845462126,78,12,receive,18841892579,3569547
18845462612,114,21,receive,18841893077,3569535
18845463202,90,6,receive,18841893144,3570058
18845463744,52,16,receive,18841893528,3570216
18845464529,100,15,receive,18841894435,3570094
18845465107,42,21,receive,18841895933,3569174
18845465527,32,3,receive,18841744069,3721458
18845465917,170,12,receive,18841896667,3569250
18845466293,168,12,receive,18841896843,3569450
18845466669,172,6,receive,18841763313,3703356
18845467044,150,16,receive,18841898735,3568309
18845467440,138,10,receive,18841743273,3724167
18845519623,16,9,receive,18841898916,3620707
18845520051,180,12,receive,18841899050,3621001
18845520468,192,11,receive,18841761948,3758520
18845520988,12,7,receive,18841900457,3620531
18845521365,164,10,receive,18841900596,3620769
18845521740,58,5,receive,18841902202,3619538
18845522162,164,11,receive,18841902772,3619390
18845522583,132,16,receive,18841904107,3618476
18845522989,130,12,receive,18841904524,3618465
18845523538,162,17,receive,18841905507,3618031
18845524030,22,15,receive,18841905643,3618387
18845577071,162,18,receive,18841906681,3670390
18845577611,100,16,receive,18841907616,3669995
18845578083,2,8,receive,18841907671,3670412
18845578447,144,11,receive,18841810524,3767923
18845578809,178,11,receive,18841881295,3697514
18845579212,4,10,receive,18841909463,3669749
18845579612,158,21,receive,18841866882,3712730
18845580011,28,23,receive,18841910751,3669260
18845580388,174,9,receive,18841789335,3791053
18845580822,172,7,receive,18841912888,3667934
18845581209,196,3,receive,18841826348,3754861
18845581613,186,16,receive,18841914304,3667309
18845582000,62,3,receive,18841914678,3667322
18845582377,62,4,receive,18841914806,3667571
18845635538,138,11,receive,18841915164,3720374
18845635927,198,1,receive,18841680913,3955014
18845636503,68,13,receive,18841916290,3720213
18845637113,140,32,receive,18841916447,3720666
18845637526,2,9,receive,18841916839,3720687
18845637915,34,23,receive,18841910912,3727003
18845638288,8,15,receive,18841881443,3756845
18845638660,54,15,receive,18841917542,3721118
18845639026,12,8,receive,18841917746,3721280
18845639392,82,8,receive,18841804222,3835170
18845639866,146,13,receive,18841690013,3949853
18845640264,184,14,receive,18841759384,3880880
18845688073,186,17,receive,18841920480,3767593
18845688466,104,13,receive,18841921651,3766815
18845688852,88,10,receive,18841921925,3766927
18845689371,154,17,receive,18841779115,3910256
18845689768,22,16,receive,18841923861,3765907
18845690175,28,24,receive,18841924003,3766172
18845690554,164,12,receive,18841924079,3766475
18845690923,170,13,receive,18841925074,3765849
18845691320,28,25,receive,18841925189,3766131
18845691704,66,12,receive,18841805163,3886541
18845692078,38,16,receive,18841767319,3924759
18845692444,48,16,receive,18841839857,3852587
18845692819,68,14,receive,18841928502,3764317
18845744447,6,12,receive,18841928914,3815533
18845744931,62,5,receive,18841928968,3815963
18845757722,134,17,receive,18841806614,3951108
18845758182,90,7,receive,18841929458,3828724
18845758571,112,14,receive,18841894212,3864359
18845758955,126,13,receive,18841932687,3826268
18845759342,78,13,receive,18841932952,3826390
18845759774,38,17,receive,18841933099,3826675
18845760200,130,13,receive,18841933824,3826376
18845760592,22,17,receive,18841934048,3826544
18845807959,140,33,receive,18841934679,3873280
18845808582,100,17,receive,18841934846,3873736
18845809042,142,13,receive,18841802956,4006086
18845809548,150,17,receive,18841935325,3874223
18845809948,28,26,receive,18841935378,3874570
18845810351,180,13,receive,18841935399,3874952
18845810734,100,18,receive,18841937017,3873717
18845811174,42,22,receive,18841937219,3873955
18845811557,148,5,receive,18841938793,3872764
18845811960,12,9,receive,18841939167,3872793
18845812360,22,18,receive,18841939231,3873129
18845812727,112,15,receive,18841934229,3878498
18845871862,146,14,receive,18841939530,3932332
18845872282,190,11,receive,18841819219,4053063
18845872657,44,8,receive,18841889027,3983630
18845908730,52,18,receive,18841942063,3966667
18845909119,76,26,receive,18841887689,4021430
18845909490,38,18,receive,18841943352,3966138
18845910033,186,18,receive,18841943761,3966272
18845910438,140,34,receive,18841943857,3966581
18845910802,162,19,receive,18841944112,3966690
18845911159,6,13,receive,18841944127,3967032
18845911517,30,12,receive,18841821043,4090474
18845911879,50,3,receive,18841784636,4127243
18845912712,188,8,receive,18841757738,4154974
18845913109,72,3,receive,18841785908,4127201
18845913492,6,14,receive,18841946277,3967215
18845972681,16,10,receive,18841947390,4025291
18845973111,128,14,receive,18841786169,4186942
18845973570,188,9,receive,18841947552,4026018
18845973936,26,17,receive,18841773744,4200192
18845974382,116,16,receive,18841904096,4070286
18845974761,172,8,receive,18841948306,4026455
18845975132,70,15,receive,18841883243,4091889
18845975509,98,13,receive,18841917288,4058221
18845975878,88,11,receive,18841950132,4025746
18845976299,52,19,receive,18841951238,4025061
18845976670,4,11,receive,18841951826,4024844
18845977040,60,10,receive,18841806130,4170910
18845977466,130,14,receive,18841953077,4024389
18845977839,132,17,receive,18841954537,4023302
18846030545,62,6,receive,18841956192,4074353
18846031014,60,11,receive,18841956270,4074744
18846031395,172,9,receive,18841957488,4073907
18846031907,196,4,receive,18841957891,4074016
18846032941,14,13,receive,18841883395,4149546
18846033362,174,10,receive,18841958425,4074937
18846033964,16,11,receive,18841958671,4075293
18846034374,186,19,receive,18841957004,4077370
18846034833,146,15,receive,18841959733,4075100
18846035198,104,14,receive,18841959906,4075292
18846035559,198,6,receive,18841848604,4186955
18846035949,130,15,receive,18841962226,4073723
18846036308,24,13,receive,18841874235,4162073
18846095363,138,12,receive,18841962676,4132687
18846095738,170,14,receive,18841963328,4132410
18846096094,112,16,receive,18841963720,4132374
18846096591,48,17,receive,18841964016,4132575
18846097024,68,15,receive,18841949742,4147282
18846097399,164,13,receive,18841965431,4131968
18846097764,64,16,receive,18841887714,4210050
18846098201,172,10,receive,18841967672,4130529
18846098671,52,17,receive,18841915836,4182835
18846099047,40,11,receive,18841737806,4361241
18846099416,52,21,receive,18841969590,4129826
18846099784,152,9,receive,18841862166,4237618
18846100161,4,12,receive,18841970998,4129163
18846149479,88,12,receive,18841972420,4177059
18846149888,126,14,receive,18841973129,4176759
18846150360,174,11,receive,18841973682,4176678
18846150889,28,27,receive,18841973737,4177152
18846151294,64,17,receive,18841969402,4181892
18846151656,174,12,receive,18841973807,4177849
18846152014,16,12,receive,18841973907,4178107
18846274297,40,12,receive,18841971741,4302556
18846274681,180,14,receive,18841975754,4298927
18846275284,176,6,receive,18841923452,4351832
18846275750,186,20,receive,18841975955,4299795
18846276352,152,10,receive,18841976026,4300326
18846276720,136,19,receive,18841976058,4300662
18846277568,22,19,receive,18841976516,4301052
18846277986,24,14,receive,18841976500,4301486
18846278434,78,14,receive,18841977426,4301008
18846278810,86,18,receive,18841861644,4417166
18846279183,10,11,receive,18841798950,4480233
18846326899,128,15,receive,18841963775,4363124
18846327283,126,15,receive,18841979385,4347898
18846327650,90,8,receive,18841979739,4347911
18846328142,156,9,receive,18841813878,4514264
18846328531,108,4,receive,18841823105,4505426
18846328883,68,16,receive,18841980359,4348524
18846330591,12,10,receive,18841980627,4349964
18846330977,44,9,receive,18841980989,4349988
18846331409,148,6,receive,18841981399,4350010
18846331973,114,22,receive,18841917464,4414509
18846379943,46,17,receive,18841832161,4547782
18846380376,190,12,receive,18841982763,4397613
18846380759,94,7,receive,18841774087,4606672
18846381229,106,16,receive,18841894231,4486998
18846381595,188,10,receive,18841984118,4397477
18846381945,36,23,receive,18841913838,4468107
18846382325,190,13,receive,18841985915,4396410
18846382714,48,18,receive,18841986280,4396434
18846383141,6,15,receive,18841986517,4396624
18846383609,90,9,receive,18841986924,4396685
18846383980,138,13,receive,18841986964,4397016
18846384344,132,18,receive,18841987019,4397325
18846384704,100,19,receive,18841987357,4397347
18846433390,50,4,receive,18841987374,4446016
18846433824,42,23,receive,18841987589,4446235
18846434216,146,16,receive,18841987946,4446270
18846434668,94,8,receive,18841987959,4446709
18846435028,120,26,receive,18841903620,4531408
18846435386,4,13,receive,18841989223,4446163
18846435767,134,18,receive,18841944476,4491291
18846436158,150,18,receive,18841976805,4459353
18846436524,40,13,receive,18841990873,4445651
18846436881,140,35,receive,18841991214,4445667
18846437236,160,3,receive,18841743791,4693445
18846437720,84,12,receive,18841759423,4678297
18846438126,84,13,receive,18841992797,4445329
18846482747,162,20,receive,18841985481,4497266
18846483265,186,21,receive,18841993217,4490048
18846483681,140,36,receive,18841993442,4490239
18846484166,80,23,receive,18841878655,4605511
18846484537,108,5,receive,18841995215,4489322
18846484958,24,15,receive,18841995226,4489732
18846485354,152,11,receive,18841995355,4489999
18846485739,90,10,receive,18841996109,4489630
18846486119,198,7,receive,18841973122,4512997
18846486493,100,20,receive,18841996537,4489956
18846486916,172,11,receive,18841996887,4490029
18846487286,94,9,receive,18841997204,4490082
18846526009,102,13,receive,18841828324,4697685
18846526487,60,12,receive,18841998629,4527858
18846526860,50,5,receive,18841999588,4527272
18846527335,68,17,receive,18842001610,4525725
18846527700,162,21,receive,18842002017,4525683
18846528077,174,13,receive,18842002047,4526030
18846528470,160,4,receive,18842002156,4526314
18846528838,196,5,receive,18842003331,4525507
18846529202,94,10,receive,18842003381,4525821
18846529568,104,15,receive,18842005314,4524254
18846529943,62,7,receive,18842005510,4524433
18846530506,38,19,receive,18841962549,4567957
18846573866,186,22,receive,18842006460,4567406
18846574337,20,6,receive,18841876902,4697435
18846574771,94,11,receive,18842009612,4565159
18846575260,50,6,receive,18842009819,4565441
18846575649,4,14,receive,18842010095,4565554
18846576025,132,19,receive,18842011272,4564753
18846576394,4,15,receive,18842011345,4565049
18846576840,84,14,receive,18842011960,4564880
18846577231,2,10,receive,18841963236,4613995
18846577604,78,15,receive,18842012766,4564838
18846577976,72,4,receive,18841959900,4618076
18846578366,112,17,receive,18842013105,4565261
18846578835,146,17,receive,18842013241,4565594
18846579215,122,19,receive,18841857583,4721632
18846641847,62,8,receive,18842014702,4627145
18846642240,172,12,receive,18842017098,4625142
18846644170,44,10,receive,18842017745,4626425
18846644682,72,5,receive,18842018272,4626410
18846645059,188,11,receive,18842018314,4626745
18846645422,16,13,receive,18842019359,4626063
18846645825,72,6,receive,18842019470,4626355
18846646198,52,22,receive,18842019979,4626219
18846646590,110,10,receive,18841882018,4764572
18846646969,26,18,receive,18841981500,4665469
18846647326,60,13,receive,18842020905,4626421
18846647681,112,18,receive,18842021300,4626381
18846648039,176,7,receive,18842023241,4624798
18846648397,180,15,receive,18841992620,4655777
18846687961,184,15,receive,18841949221,4738740
18846688358,148,7,receive,18842026790,4661568
18846688805,146,18,receive,18842027440,4661365
18846689338,30,13,receive,18841978635,4710703
18846689720,34,24,receive,18841948481,4741239
18846690170,44,11,receive,18842028953,4661217
18846690557,40,14,receive,18842029305,4661252
18846690937,188,12,receive,18842029520,4661417
18846691304,152,12,receive,18842029700,4661604
18846738652,12,11,receive,18842030011,4708641
18846739048,100,21,receive,18842030833,4708215
18846739433,140,37,receive,18842030863,4708570
18846740012,48,19,receive,18842014582,4725430
18846740463,192,12,receive,18841919388,4821075
18846740857,148,8,receive,18842034028,4706829
18846741231,176,8,receive,18842034494,4706737
18846741618,110,11,receive,18842035224,4706394
18846742731,52,20,receive,18841968422,4774309
18846743160,90,11,receive,18842036368,4706792
18846743557,172,13,receive,18842037236,4706321
18846744712,82,9,receive,18841955472,4789240
18846789957,92,11,receive,18841886940,4903017
18846790449,50,7,receive,18842039188,4751261
18846790806,40,15,receive,18842039545,4751261
18846791261,4,16,receive,18842039619,4751642
18846792075,64,18,receive,18842023171,4768904
18846792540,152,13,receive,18842039860,4752680
18846792925,78,16,receive,18842040012,4752913
18846793672,178,12,receive,18841959571,4834101
18846794149,74,10,receive,18841831719,4962430
18846794533,62,9,receive,18842040972,4753561
18846794920,46,18,receive,18842022205,4772715
18846795306,146,19,receive,18842041619,4753687
18846835280,20,7,receive,18842043029,4792251
18846835759,102,14,receive,18842045763,4789996
18846836154,178,13,receive,18842046481,4789673
18846836536,10,12,receive,18842012552,4823984
18846836916,196,6,receive,18842046828,4790088
18846837317,172,14,receive,18842047380,4789937
18846837719,90,12,receive,18842047580,4790139
18846838075,86,19,receive,18842016336,4821739
18846838719,192,13,receive,18842048999,4789720
18846839155,44,12,receive,18842049152,4790003
18846839525,194,8,receive,18841905352,4934173
18846839891,94,12,receive,18842035968,4803923
18846873960,78,17,receive,18842050009,4823951
18846875638,60,14,receive,18842050166,4825472
18846876182,86,20,receive,18842049936,4826246
18846876751,38,20,receive,18842048090,4828661
18846877116,176,9,receive,18842051692,4825424
18846877467,112,19,receive,18842052603,4824864
18846877815,58,6,receive,18841949451,4928364
18846878160,36,24,receive,18842020824,4857336
18846925990,128,16,receive,18841987381,4938609
18846926374,136,20,receive,18842020449,4905925
18846926749,90,13,receive,18842056761,4869988
18846927224,90,14,receive,18842056886,4870338
18846927663,108,6,receive,18842025514,4902149
18846928034,180,16,receive,18842036008,4892026
18846928402,116,17,receive,18841963456,4964946
18846928765,168,13,receive,18841929179,4999586
18846929129,176,10,receive,18842060906,4868223
18846930937,164,14,receive,18841982610,4948327
18846931322,162,22,receive,18842010187,4921135
18846931780,114,23,receive,18842029271,4902509
18846974393,182,9,receive,18841929410,5044983
18846974782,40,16,receive,18842063880,4910902
18846975147,56,18,receive,18841917436,5057711
18846975653,60,15,receive,18842065425,4910228
18846976044,110,12,receive,18842065508,4910536
18846976418,80,24,receive,18842038973,4937445
18846976785,192,14,receive,18842066252,4910533
18846977156,112,20,receive,18842067889,4909267
18846977592,120,27,receive,18842015735,4961857
18846977964,194,9,receive,18842069260,4908704
18846978403,166,8,receive,18841839168,5139235
18846978877,62,10,receive,18842070271,4908606
18846979252,52,23,receive,18842047317,4931935
18846979680,168,14,receive,18842070226,4909454
18846980063,22,20,receive,18841999764,4980299
18847025079,60,16,receive,18842074645,4950434
18847025518,2,11,receive,18842046072,4979446
18847026287,70,16,receive,18841983771,5042516
18847026810,102,15,receive,18842076090,4950720
18847027299,70,17,receive,18842077266,4950033
18847027696,130,16,receive,18841997449,5030247
18847028077,94,13,receive,18842078299,4949778
18847028455,172,15,receive,18842049544,4978911
18847028823,170,15,receive,18842008698,5020125
18847029241,76,27,receive,18841986718,5042523
18847029620,104,16,receive,18842030605,4999015
18847071283,102,16,receive,18842081299,4989984
18847071735,62,11,receive,18842081481,4990254
18847072129,52,24,receive,18842081899,4990230
18847072846,50,8,receive,18842082678,4990168
18847073204,134,19,receive,18842000078,5073126
18847073560,190,14,receive,18842034219,5039341
18847073909,110,13,receive,18842083699,4990210
18847074259,126,16,receive,18842015725,5058534
18847074610,52,25,receive,18842085076,4989534
18847075020,52,26,receive,18842085197,4989823
18847120249,22,21,receive,18842084881,5035368
18847120626,96,30,receive,18841932029,5188597
18847120992,82,10,receive,18842059329,5061663
18847121499,152,14,receive,18842072276,5049223
18847121968,68,18,receive,18842046043,5075925
18847122473,58,7,receive,18842084514,5037959
18847122866,52,27,receive,18842089359,5033507
18847123248,26,19,receive,18842049598,5073650
18847123623,8,16,receive,18841928395,5195228
18847124001,150,19,receive,18842011938,5112063
18847124436,128,17,receive,18842075624,5048812
18847124819,24,16,receive,18842044543,5080276
18847172974,28,28,receive,18842015290,5157684
18847173368,142,14,receive,18841939534,5233834
18847173742,122,20,receive,18842057190,5116552
18847174245,8,17,receive,18842093987,5080258
18847174625,12,12,receive,18842046293,5128332
18847174989,166,9,receive,18842096031,5078958
18847175409,166,10,receive,18842097238,5078171
18847175785,84,15,receive,18842046216,5129569
18847176167,156,10,receive,18842001057,5175110
18847242961,166,11,receive,18842100437,5142524
18847243357,88,13,receive,18842003710,5239647
18847243830,144,12,receive,18841928389,5315441
18847244193,6,16,receive,18842027864,5216329
18847244600,72,7,receive,18842053919,5190681
18847244976,112,21,receive,18842103271,5141705
18847245338,162,23,receive,18842098750,5146588
18847245698,110,14,receive,18842106916,5138782
18847246054,162,24,receive,18842106505,5139549
18847249595,102,17,receive,18842107624,5141971
18847250061,62,12,receive,18842107708,5142353
18847250588,138,14,receive,18842019260,5231328
18847250980,24,17,receive,18842107868,5143112
18847251365,56,19,receive,18842107559,5143806
18847251937,44,13,receive,18842098498,5153439
18847252345,120,28,receive,18842084177,5168168
18847290703,44,14,receive,18842109059,5181644
18847291074,20,8,receive,18842084257,5206817
18847291430,50,9,receive,18842110011,5181419
18847291913,158,22,receive,18841943034,5348879
18847292322,192,15,receive,18842113710,5178612
18847292688,166,12,receive,18842113719,5178969
18847293047,56,20,receive,18842113897,5179150
18847293401,42,24,receive,18842025843,5267558
18847293754,156,11,receive,18842115310,5178444
18847294206,160,5,receive,18842030467,5263739
18847294580,136,21,receive,18842101785,5192795
18847294944,78,18,receive,18842075349,5219595
18847295305,30,14,receive,18842033796,5261509
18847330783,86,21,receive,18842060789,5269994
18847331225,196,7,receive,18842086189,5245036
18847331595,18,4,receive,18841885549,5446046
18847332093,12,13,receive,18842120173,5211920
18847332472,186,23,receive,18842039804,5292668
18847332848,118,28,receive,18841913330,5419518
18847333282,18,5,receive,18842121219,5212063
18847334374,2,12,receive,18842084988,5249386
18847334866,178,14,receive,18842064726,5270140
18847335663,138,15,receive,18842123902,5211761
18847366841,34,25,receive,18842060768,5306073
18847367292,168,15,receive,18842077460,5289832
18847367674,114,24,receive,18842106993,5260681
18847368041,66,13,receive,18841971668,5396373
18847368473,192,16,receive,18842130993,5237480
18847368849,4,17,receive,18842071965,5296884
18847369388,184,16,receive,18842038374,5331014
18847370829,10,13,receive,18842063961,5306868
18847391907,156,12,receive,18842132549,5259358
18847393610,90,15,receive,18842105261,5288349
18847395561,122,21,receive,18842100453,5295108
18847397631,126,17,receive,18842133429,5264202
18847399532,130,17,receive,18842120107,5279425
18847401475,54,16,receive,18841933778,5467697
18847403432,128,18,receive,18842113550,5289882
18847405808,174,14,receive,18842056134,5349674
18847408195,180,17,receive,18842102665,5305530
18847410520,134,20,receive,18842103278,5307242
18847412863,172,16,receive,18842096480,5316383
18847415133,22,22,receive,18842125196,5289937
18847417523,140,38,receive,18842050074,5367449
18847420107,166,13,receive,18842138065,5282042
18847422099,170,16,receive,18842110188,5311911
18847424216,198,8,receive,18842035770,5388446
18847427008,104,17,receive,18842117426,5309582
18847431984,70,18,receive,18842122646,5309338
18847433678,194,10,receive,18842107557,5326121
18847438529,46,19,receive,18842062751,5375778
18847440973,40,17,receive,18842093259,5347714
18847443757,50,10,receive,18842148379,5295378
18847446249,36,25,receive,18842087217,5359032
18847448467,110,15,receive,18842149220,5299247
18847451382,192,17,receive,18842149246,5302136
18847453567,120,29,receive,18842147261,5306306
18847455746,116,18,receive,18842095070,5360676
18847458596,20,9,receive,18842149612,5308984
18847461377,148,9,receive,18842071389,5389988
18847465215,48,20,receive,18842072212,5393003
18847469096,188,13,receive,18842074935,5394161
18847471062,102,18,receive,18842153119,5317943
18847473961,152,15,receive,18842135410,5338551
18847476335,90,16,receive,18842138209,5338126
18847478777,106,17,receive,18842036356,5442421
18847481809,90,17,receive,18842154760,5327049
18847483978,38,21,receive,18842089403,5394575
18847486383,94,14,receive,18842098581,5387802
18847489221,62,13,receive,18842158094,5331127
18847491255,6,17,receive,18842139142,5352113
18847493612,58,8,receive,18842110384,5383228
18847496316,88,14,receive,18842136694,5359622
18847498382,154,18,receive,18841960272,5538110
18847500140,126,18,receive,18842159867,5340273
18847502451,146,20,receive,18842074867,5427584
18847504475,98,14,receive,18841999179,5505296
18847506458,82,11,receive,18842136037,5370421
18847508588,158,23,receive,18842133461,5375127
18847510565,12,14,receive,18842131441,5379124
18847512276,160,6,receive,18842164456,5347820
18847514369,100,22,receive,18842078289,5436080
18847517219,80,25,receive,18842072798,5444421
18847519964,126,19,receive,18842166122,5353842
18847521413,178,15,receive,18842131063,5390350
18847526798,188,14,receive,18842166424,5360374
18847528780,96,31,receive,18842122657,5406123
18847530862,108,7,receive,18842077978,5452884
18847534597,76,28,receive,18842127535,5407062
18847536324,24,18,receive,18842148280,5388044
18847538750,186,24,receive,18842133661,5405089
18847540439,68,19,receive,18842132982,5407457
18847542924,182,10,receive,18842091827,5451097
18847544936,148,10,receive,18842170108,5374828
18847546526,26,20,receive,18842116787,5429739
18847547679,30,15,receive,18842145287,5402392
18847551141,138,16,receive,18842137414,5413727
18847553029,102,19,receive,18842173413,5379616
18847555108,2,13,receive,18842156200,5398908
18847558262,168,16,receive,18842141678,5416584
18847560135,148,11,receive,18842175307,5384828
18847562094,28,29,receive,18842118391,5443703
18847565762,52,28,receive,18842134623,5431139
18847574618,18,6,receive,18842177125,5397493
18847576452,188,15,receive,18842177631,5398821
18847578088,62,14,receive,18842178311,5399777
18847579731,200,6,receive,18841872347,5707384
18847581285,64,19,receive,18842077130,5504155
18847587548,172,17,receive,18842167484,5420064
18847589565,20,10,receive,18842174303,5415262
18847590820,86,22,receive,18842155887,5434933
18847593157,182,11,receive,18842181240,5411917
18847594341,160,7,receive,18842181682,5412659
18847595520,156,13,receive,18842181973,5413547
18847597470,54,17,receive,18842150212,5447258
18847598782,128,19,receive,18842162325,5436457
18847614234,122,22,receive,18842182440,5431794
18847614673,136,22,receive,18842155916,5458757
18847615053,176,11,receive,18842109294,5505759
18847615473,10,14,receive,18842154669,5460804
18847615884,50,11,receive,18842186744,5429140
18847616267,150,20,receive,18842136338,5479929
18847616866,14,14,receive,18841988292,5628574
18847617243,194,11,receive,18842168603,5448640
18847617611,110,16,receive,18842187645,5429966
18847618010,114,25,receive,18842151866,5466144
18847618408,34,26,receive,18842163745,5454663
18847620915,44,15,receive,18842131242,5489673
18847650041,164,15,receive,18842106549,5543492
18847650502,46,20,receive,18842185891,5464611
18847650886,84,16,receive,18842138378,5512508
18847651272,184,17,receive,18842159531,5491741
18847651647,46,21,receive,18842191952,5459695
18847653094,50,12,receive,18842192940,5460154
18847653475,142,15,receive,18842118570,5534905
18847653940,68,20,receive,18842191349,5462591
18847654491,46,22,receive,18842194088,5460403
18847687018,14,15,receive,18842195627,5491391
18847687534,144,13,receive,18842102520,5585014
18847687917,132,20,receive,18842039625,5648292
18847688316,140,39,receive,18842148794,5539522
18847688664,58,9,receive,18842165789,5522875
18847689016,16,14,receive,18842060891,5628125
18847689904,116,19,receive,18842193122,5496782
18847690296,50,13,receive,18842199147,5491149
18847690975,50,14,receive,18842199299,5491676
18847691392,182,12,receive,18842198442,5492950
18847712699,116,20,receive,18842200183,5512516
18847714551,66,14,receive,18842178406,5536145
18847716645,42,25,receive,18842162170,5554475
18847718681,40,18,receive,18842177048,5541633
18847721298,130,18,receive,18842178806,5542492
18847723461,50,15,receive,18842204469,5518992
18847726923,36,26,receive,18842189221,5537702
18847729685,118,29,receive,18842163933,5565752
18847732230,174,15,receive,18842152617,5579613
18847733724,196,8,receive,18842133182,5600542
18847736597,36,27,receive,18842205977,5530620
18847740582,170,17,receive,18842166707,5573875
18847742754,106,18,receive,18842160224,5582530
18847744078,18,7,receive,18842209451,5534627
18847746930,198,9,receive,18842182011,5564919
18847748911,72,8,receive,18842123508,5625403
18847750963,104,18,receive,18842145147,5605816
18847753832,190,15,receive,18842115672,5638160
18847771773,128,20,receive,18842188682,5583091
18847773875,70,19,receive,18842168502,5605373
18847776820,94,15,receive,18842188726,5588094
18847779998,162,25,receive,18842156705,5623293
18847781971,180,18,receive,18842144014,5637957
18847784098,112,22,receive,18842127644,5656454
18847787784,134,21,receive,18842158021,5629763
18847790288,90,18,receive,18842167492,5622796
18847793045,102,20,receive,18842211782,5581263
18847794959,148,12,receive,18842211651,5583308
18847797636,92,12,receive,18842066160,5731476
18847800807,38,22,receive,18842199409,5601398
18847803581,56,21,receive,18842136158,5667423
18847808069,76,29,receive,18842207173,5600896
18847810524,158,24,receive,18842201422,5609102
18847812472,50,16,receive,18842219727,5592745
18847835036,152,16,receive,18842178505,5656531
18847837116,78,19,receive,18842157048,5680068
18847840748,26,21,receive,18842212871,5627877
18847845041,54,18,receive,18842186624,5658417
18847848815,34,28,receive,18842244684,5604131
18847850554,186,27,receive,18842274249,5576305
18847853010,86,24,receive,18842249969,5603041
18847855096,8,19,receive,18842232382,5622714
18847857513,150,22,receive,18842282900,5574613
18847874437,166,15,receive,18842237768,5636669
18847875133,166,16,receive,18842293467,5581666
18847875549,42,28,receive,18842292424,5583125
18847875949,170,18,receive,18842257515,5618434
18847876425,122,24,receive,18842278508,5597917
18847876854,200,8,receive,18842278823,5598031
18847877242,182,14,receive,18842291136,5586106
18847877684,110,18,receive,18842294835,5582849
18847878553,136,24,receive,18842277595,5600958
18847905559,40,20,receive,18842296050,5609509
18847905952,98,16,receive,18842293773,5612179
18847906331,6,20,receive,18842296739,5609592
18847906847,4,20,receive,18842318223,5588624
18847907223,60,19,receive,18842320453,5586770
18847907616,182,15,receive,18842316074,5591542
18847908062,170,19,receive,18842336352,5571710
18847908423,138,19,receive,18842287898,5620525
18847908974,196,11,receive,18842307108,5601866
18847909336,60,20,receive,18842342233,5567103
18847909695,78,21,receive,18842293852,5615843
18847910081,64,22,receive,18842305836,5604245
18847910438,40,22,receive,18842315542,5594896
18847941403,188,18,receive,18842325448,5615955
18847941781,34,29,receive,18842339159,5602622
18847942153,172,21,receive,18842334145,5608008
18847942545,26,24,receive,18842364745,5577800
18847942929,112,26,receive,18842364911,5578018
18847943288,52,33,receive,18842361952,5581336
18847943653,44,19,receive,18842350906,5592747
18847944010,134,24,receive,18842352952,5591058
18847944397,42,30,receive,18842356322,5588075
18847944797,174,18,receive,18842360262,5584535
18847945162,84,20,receive,18842372545,5572617
18847959905,84,21,receive,18842385690,5574215
18847963102,16,18,receive,18842336807,5626295
18847965312,146,23,receive,18842347273,5618039
18847968080,134,25,receive,18842385451,5582629
18847970162,172,22,receive,18842412568,5557594
18847972509,44,20,receive,18842421374,5551135
18847975774,196,13,receive,18842417382,5558392
18847978497,156,18,receive,18842410593,5567904
18847983969,100,27,receive,18842414778,5569191
18847985795,58,14,receive,18842404921,5580874
18847987780,26,25,receive,18842421172,5566608
18847989746,150,25,receive,18842392560,5597186
18847992691,162,29,receive,18842392979,5599712
18847994546,162,30,receive,18842438617,5555929
18847998060,176,14,receive,18842418280,5579780
18847999750,80,30,receive,18842409728,5590022
18848001656,142,21,receive,18842468212,5533444
18848002829,80,31,receive,18842467133,5535696
18848004849,58,15,receive,18842463932,5540917
18848007994,150,26,receive,18842452078,5555916
18848010429,132,25,receive,18842478014,5532415
18848013048,110,22,receive,18842452456,5560592
18848015677,172,23,receive,18842483089,5532588
18848018071,56,27,receive,18842476314,5541757
18848021376,104,24,receive,18842456478,5564898
18848025417,166,19,receive,18842452459,5572958
18848028379,182,18,receive,18842457100,5571279
18848031183,138,23,receive,18842474052,5557131
18848033135,176,15,receive,18842445500,5587635
18848035315,164,19,receive,18842416781,5618534
18848044222,66,19,receive,18842524108,5520114
18848045975,148,18,receive,18842511525,5534450
18848048029,132,26,receive,18842525578,5522451
18848050744,138,24,receive,18842526066,5524678
18848052718,34,33,receive,18842532984,5519734
18848054647,172,24,receive,18842523267,5531380
18848056290,200,13,receive,18842530666,5525624
18848060557,62,21,receive,18842541954,5518603
18848062478,104,25,receive,18842495078,5567400
18848067033,128,28,receive,18842511733,5555300
18848069316,36,35,receive,18842528568,5540748
18848072091,184,23,receive,18842533833,5538258
18848074040,6,24,receive,18842534393,5539647
18848077014,162,32,receive,18842507203,5569811
18848078931,20,18,receive,18842512358,5566573
18848082253,146,26,receive,18842545758,5536495
18848085538,106,25,receive,18842528552,5556986
18848088607,10,23,receive,18842559487,5529120
18848113980,26,28,receive,18842563682,5550298
18848114381,132,27,receive,18842546994,5567387
18848114750,62,22,receive,18842561636,5553114
18848115583,148,19,receive,18842575294,5540289
18848116057,22,31,receive,18842554911,5561146
18848116552,172,25,receive,18842595460,5521092
18848117581,166,21,receive,18842590212,5527369
18848118155,104,26,receive,18842588392,5529763
18848118654,20,19,receive,18842600860,5517794
18848119034,126,26,receive,18842556639,5562395
18848119406,140,47,receive,18842569360,5550046
18848119858,6,25,receive,18842597493,5522365
18848154805,184,25,receive,18842621405,5533400
18848155191,166,22,receive,18842640658,5514533
18848155734,172,26,receive,18842647763,5507971
18848156186,190,21,receive,18842618574,5537612
18848156574,10,24,receive,18842604061,5552513
18848156949,26,29,receive,18842646710,5510239
18848157324,40,28,receive,18842631174,5526150
18848157729,36,37,receive,18842626186,5531543
18848158172,140,48,receive,18842649801,5508371
18848158553,36,38,receive,18842654260,5504293
18848158934,20,20,receive,18842622740,5536194
18848159307,112,31,receive,18842650013,5509294
18848159714,88,23,receive,18842617735,5541979
18848160159,40,29,receive,18842685272,5474887
18848160519,166,23,receive,18842674373,5486146
18848160875,172,27,receive,18842672479,5488396
18848161225,186,36,receive,18842653021,5508204
18848161588,156,23,receive,18842701704,5459884
18848162048,24,32,receive,18842702643,5459405
18848218902,146,29,receive,18842679028,5539874
18848219249,60,28,receive,18842673535,5545714
18848219594,98,21,receive,18842691106,5528488
18848219953,70,29,receive,18842691135,5528818
18848220358,26,30,receive,18842669621,5550737
18848220732,10,25,receive,18842677650,5543082
18848221130,166,24,receive,18842723749,5497381
18848221518,70,30,receive,18842724694,5496824
18848221937,164,22,receive,18842700371,5521566
18848222312,180,28,receive,18842720087,5502225
18848222686,24,33,receive,18842753234,5469452
18848223064,106,30,receive,18842744288,5478776
18848223450,172,28,receive,18842751288,5472162
18848223933,158,37,receive,18842719938,5503995
18848224326,60,29,receive,18842737385,5486941
18848224723,156,24,receive,18842750724,5473999
18848225142,106,31,receive,18842760263,5464879
18848225628,90,28,receive,18842730911,5494717
18848226616,170,27,receive,18842723330,5503286
18848259317,170,28,receive,18842790428,5468889
18848259885,162,37,receive,18842767849,5492036
18848260373,36,41,receive,18842795551,5464822
18848260722,28,40,receive,18842757095,5503627
18848261311,66,25,receive,18842770593,5490718
18848261690,158,38,receive,18842764866,5496824
18848262100,60,30,receive,18842795353,5466747
18848262474,180,29,receive,18842807273,5455201
18848262898,170,29,receive,18842811933,5450965
18848263261,4,29,receive,18842773199,5490062
18848263619,4,30,receive,18842814506,5449113
18848297698,4,31,receive,18842814633,5483065
18848298078,66,26,receive,18842813473,5484605
18848298519,90,29,receive,18842810173,5488346
18848298858,66,27,receive,18842835950,5462908
18848299224,158,39,receive,18842849821,5449403
18848299590,100,35,receive,18842840353,5459237
18848299964,60,31,receive,18842829895,5470069
18848300476,90,30,receive,18842819898,5480578
18848300845,4,33,receive,18842819050,5481795
18848301200,36,42,receive,18842847043,5454157
18848301558,28,41,receive,18842858776,5442782
18848301912,196,22,receive,18842840509,5461403
18848302315,108,21,receive,18842855705,5446610
18848335643,180,30,receive,18842816846,5518797
18848336392,178,28,receive,18842863849,5472543
