receive_timestamp,source_vehicle,message_id,event_type,send_timestamp,latency_us
262798417558,108,1,receive,262794640838,3776720
262798418298,86,1,receive,262794641071,3777227
262798418977,234,1,receive,262794641428,3777549
262798419643,106,1,receive,262794641533,3778110
262798420299,428,1,receive,262794641957,3778342
262798420951,392,1,receive,262794641371,3779580
262798532491,422,1,receive,262794642630,3889861
262798533144,136,1,receive,262794642655,3890489
262798533800,142,1,receive,262794643116,3890684
262798558336,90,1,receive,262794644062,3914274
262798558987,278,1,receive,262794645016,3913971
262798624575,132,1,receive,262794645162,3979413
262798625249,96,1,receive,262794645700,3979549
262798630015,262,1,receive,262794646137,3983878
262798630668,82,1,receive,262794647666,3983002
262798730597,110,1,receive,262794648198,4082399
262798731273,12,1,receive,262794651507,4079766
262798731949,372,1,receive,262794651592,4080357
262798732627,156,1,receive,262794652107,4080520
262798733288,198,1,receive,262794652771,4080517
262798733911,186,1,receive,262794653417,4080494
262798845493,16,1,receive,262794654371,4191122
262798846135,376,1,receive,262794656043,4190092
262798846805,582,1,receive,262794656105,4190700
262798847484,380,1,receive,262794656620,4190864
262798944254,210,1,receive,262794657065,4287189
262798944925,580,1,receive,262794657773,4287152
262798945600,218,1,receive,262794659052,4286548
262798946267,596,1,receive,262794659861,4286406
262798987636,50,1,receive,262794660037,4327599
262799061459,76,1,receive,262794660045,4401414
262799062129,44,1,receive,262794661029,4401100
262799062784,592,1,receive,262794664405,4398379
262799063463,420,1,receive,262794665047,4398416
262799064167,588,1,receive,262794665889,4398278
262799064793,150,1,receive,262794668319,4396474
262799154332,632,1,receive,262794668908,4485424
262799155008,164,1,receive,262794669151,4485857
262799155677,384,1,receive,262794669749,4485928
262799156232,14,1,receive,262794650105,4506127
262799156744,542,1,receive,262794672968,4483776
262799253574,628,1,receive,262794676074,4577500
262799255193,52,1,receive,262794677035,4578158
262799273147,590,1,receive,262794679633,4593514
262799295290,170,1,receive,262794680405,4614885
262799368148,226,1,receive,262794680969,4687179
262799368708,364,1,receive,262794682340,4686368
262799369344,10,1,receive,262794651651,4717693
262799369984,88,1,receive,262794684352,4685632
262799370563,134,1,receive,262794684917,4685646
262799371131,358,1,receive,262794685038,4686093
262799371796,120,1,receive,262794685420,4686376
262799479423,758,1,receive,262794685979,4793444
262799480148,166,1,receive,262794688499,4791649
262799480843,208,1,receive,262794691855,4788988
262799481485,344,1,receive,262794693037,4788448
262799587121,832,1,receive,262794694048,4893073
262799587837,794,1,receive,262794695138,4892699
262799588513,442,1,receive,262794697452,4891061
262799589174,450,1,receive,262794698023,4891151
262799589845,162,1,receive,262794700773,4889072
262799700813,802,1,receive,262794702973,4997840
262799701516,812,1,receive,262794703956,4997560
262799702175,834,1,receive,262794704045,4998130
262799702824,126,1,receive,262794705053,4997771
262799703402,824,1,receive,262794709244,4994158
262799808572,818,1,receive,262794710825,5097747
262799809240,552,1,receive,262794712774,5096466
262799811238,752,1,receive,262794715035,5096203
262799832927,274,1,receive,262794718059,5114868
262799849930,830,1,receive,262794719284,5130646
262799916023,480,1,receive,262794719296,5196727
262799916616,822,1,receive,262794719860,5196756
262799917247,618,1,receive,262794721795,5195452
262799930037,520,1,receive,262794730338,5199699
262799930689,630,1,receive,262794730659,5200030
262800005294,500,1,receive,262794731099,5274195
262800005945,526,1,receive,262794732762,5273183
262800006607,348,1,receive,262794733707,5272900
262800007261,508,1,receive,262794734772,5272489
262800007910,836,1,receive,262794737218,5270692
262800096139,792,1,receive,262794738039,5358100
262800096727,762,1,receive,262794738054,5358673
262800097643,820,1,receive,262794738579,5359064
262800098342,168,1,receive,262794739068,5359274
262800099096,454,1,receive,262794739055,5360041
262800099747,354,1,receive,262794739204,5360543
262800200450,840,1,receive,262794739718,5460732
262800201141,388,1,receive,262794699467,5501674
262800201824,488,1,receive,262794741721,5460103
262800222607,92,1,receive,262794651844,5570763
262800223266,816,1,receive,262794745511,5477755
262800223915,202,1,receive,262794745539,5478376
262800313581,244,1,receive,262794745732,5567849
262800314261,212,1,receive,262794749217,5565044
262800314931,432,1,receive,262794657302,5657629
262800315696,178,1,receive,262794679202,5636494
262800378475,352,1,receive,262794747193,5631282
262800379066,610,1,receive,262794753207,5625859
262800379610,634,1,receive,262794756062,5623548
262800394075,540,1,receive,262794759061,5635014
262800394641,786,1,receive,262794759277,5635364
262800454834,494,1,receive,262794759442,5695392
262800455513,482,1,receive,262794759783,5695730
262800456166,838,1,receive,262794760973,5695193
262800456835,736,1,receive,262794761059,5695776
262800457475,712,1,receive,262794765916,5691559
262800538322,606,1,receive,262794767049,5771273
262800538993,594,1,receive,262794771037,5767956
262800539563,62,1,receive,262794771460,5768103
262800540190,236,1,receive,262794669024,5871166
262800572731,356,1,receive,262794775038,5797693
262800573388,724,1,receive,262794775084,5798304
262800652145,722,1,receive,262794775712,5876433
262800652807,788,1,receive,262794776734,5876073
262800653440,638,1,receive,262794777049,5876391
262800654019,466,1,receive,262794779063,5874956
262800654668,754,1,receive,262794779855,5874813
262800753040,744,1,receive,262794782098,5970942
262800753700,718,1,receive,262794784101,5969599
262800754370,58,1,receive,262794634580,6119790
262800755034,852,1,receive,262794785938,5969096
262800755664,842,1,receive,262794787098,5968566
262800756312,140,1,receive,262794705034,6051278
262800756978,874,1,receive,262794790712,5966266
262800878048,608,1,receive,262794791047,6087001
262800878733,740,1,receive,262794791185,6087548
262800879428,862,1,receive,262794791404,6088024
262800880123,586,1,receive,262794773034,6107089
262800880811,680,1,receive,262794800964,6079847
262800977758,556,1,receive,262794801210,6176548
262800978421,80,1,receive,262794753077,6225344
262800979105,810,1,receive,262794800687,6178418
262800979786,682,1,receive,262794803273,6176513
262800980446,848,1,receive,262794804357,6176089
262801096127,688,1,receive,262794805146,6290981
262801096777,670,1,receive,262794805425,6291352
262801097443,706,1,receive,262794805754,6291689
262801099864,532,1,receive,262794804039,6295825
262801100541,866,1,receive,262794807290,6293251
262801200308,846,1,receive,262794808433,6391875
262801200968,700,1,receive,262794808661,6392307
262801201656,666,1,receive,262794808832,6392824
262801202339,726,1,receive,262794809152,6393187
262801203025,886,1,receive,262794809654,6393371
262801274502,280,1,receive,262794804038,6470464
262801275192,534,1,receive,262794810019,6465173
262801275869,742,1,receive,262794810046,6465823
262801276556,734,1,receive,262794805975,6470581
262801277237,738,1,receive,262794804564,6472673
262801372967,578,1,receive,262794813571,6559396
262801373629,614,1,receive,262794818064,6555565
262801374301,766,1,receive,262794818592,6555709
262801374972,814,1,receive,262794819547,6555425
262801375658,760,1,receive,262794820818,6554840
262801479820,620,1,receive,262794817830,6661990
262801480366,864,1,receive,262794816273,6664093
262801481021,612,1,receive,262794824582,6656439
262801481702,768,1,receive,262794826059,6655643
262801482391,890,1,receive,262794828041,6654350
262801482990,472,1,receive,262794824203,6658787
262801577695,902,1,receive,262794828444,6749251
262801578342,878,1,receive,262794829373,6748969
262801579022,558,1,receive,262794826751,6752271
262801579688,882,1,receive,262794827769,6751919
262801681993,730,1,receive,262794831114,6850879
262801682673,780,1,receive,262794831798,6850875
262801683337,32,1,receive,262794664030,7019307
262801683993,174,1,receive,262794707028,6976965
262801691755,538,1,receive,262794831395,6860360
262801738261,774,1,receive,262794834551,6903710
262801738946,782,1,receive,262794831156,6907790
262801755786,636,1,receive,262794835757,6920029
262801772293,230,1,receive,262794836017,6936276
262801812564,568,1,receive,262794828903,6983661
262801813247,276,1,receive,262794718788,7094459
262801813925,184,1,receive,262794837518,6976407
262801814610,888,1,receive,262794838015,6976595
262801815273,708,1,receive,262794823509,6991764
262801815927,704,1,receive,262794836511,6979416
262801934649,536,1,receive,262794827439,7107210
262801935307,884,1,receive,262794818675,7116632
262801935982,880,1,receive,262794828803,7107179
262801936659,856,1,receive,262794841630,7095029
262801964756,674,1,receive,262794842731,7122025
262802018499,678,1,receive,262794849031,7169468
262802019178,868,1,receive,262794833809,7185369
262802019866,698,1,receive,262794848604,7171262
262802020555,806,1,receive,262794853081,7167474
262802119121,778,1,receive,262794855512,7263609
262802119814,720,1,receive,262794843242,7276572
262802120504,844,1,receive,262794842017,7278487
262802121209,900,1,receive,262794839300,7281909
262802121899,464,1,receive,262794827781,7294118
262802122547,804,1,receive,262794860983,7261564
262802238354,444,1,receive,262794861645,7376709
262802239048,790,1,receive,262794850137,7388911
262802239584,896,1,receive,262794858653,7380931
262802240214,870,1,receive,262794831029,7409185
262802240886,912,1,receive,262794858038,7382848
262802307695,116,1,receive,262794852130,7455565
262802308789,716,1,receive,262794853883,7454906
262802318747,876,1,receive,262794852260,7466487
262802337389,732,1,receive,262794852037,7485352
262802383727,854,1,receive,262794864460,7519267
262802384312,914,1,receive,262794874858,7509454
262802384987,828,1,receive,262794871988,7512999
262802385652,910,1,receive,262794873486,7512166
262802386318,892,1,receive,262794863422,7522896
262802386976,600,1,receive,262794874615,7512361
262802462903,924,1,receive,262794879157,7583746
262802463564,124,2,receive,262794780600,7682964
262802464221,918,1,receive,262794884191,7580030
262802464875,858,1,receive,262794875062,7589813
262802550024,628,2,receive,262794887482,7662542
262802550673,222,1,receive,262794858074,7692599
262802551341,826,1,receive,262794888886,7662455
262802551993,908,1,receive,262794887953,7664040
262802552649,916,1,receive,262794895909,7656740
262802553313,898,1,receive,262794897612,7655701
262802553970,206,1,receive,262794894084,7659886
262802637510,906,1,receive,262794896323,7741187
262802638178,176,1,receive,262794885163,7753015
262802646809,850,1,receive,262794880639,7766170
262802647475,702,1,receive,262794859037,7788438
262802716091,920,1,receive,262794906037,7810054
262802716747,904,1,receive,262794898967,7817780
262802717416,104,1,receive,262794693040,8024376
262802730679,894,1,receive,262794910035,7820644
262802746943,714,1,receive,262794869932,7877011
262802797061,432,2,receive,262794897567,7899494
262802797760,362,1,receive,262794890412,7907348
262802798450,74,2,receive,262794891949,7906501
262802813286,138,1,receive,262794906230,7907056
262802828068,872,1,receive,262794868647,7959421
262802873551,926,1,receive,262794922243,7951308
262802874213,860,1,receive,262794864783,8009430
262802874858,928,1,receive,262794926348,7948510
262802875520,922,1,receive,262794927383,7948137
262802897265,442,2,receive,262794921009,7976256
262802953326,172,1,receive,262794871811,8081515
262802953993,152,1,receive,262794921274,8032719
262802954657,820,2,receive,262794926445,8028212
262802955310,562,1,receive,262794948009,8007301
262802955933,378,1,receive,262794945663,8010270
262802956577,114,1,receive,262794899455,8057122
262803033417,758,2,receive,262794953280,8080137
262803034079,110,2,receive,262794921860,8112219
262803034723,148,1,receive,262794843310,8191413
262803035386,772,1,receive,262794960625,8074761
262803036044,212,2,receive,262794923249,8112795
262803096567,354,2,receive,262794884812,8211755
262803097232,938,1,receive,262794965518,8131714
262803097828,736,2,receive,262794901012,8196816
262803098350,934,1,receive,262794966837,8131513
262803098857,580,2,receive,262794955918,8142939
262803099426,888,2,receive,262794981489,8117937
262803173168,956,1,receive,262794984049,8189119
262803173826,508,2,receive,262794961472,8212354
262803174479,262,2,receive,262794986507,8187972
262803175135,962,1,receive,262794987230,8187905
262803175794,220,1,receive,262794979264,8196530
262803176405,838,2,receive,262794990251,8186154
262803237535,930,1,receive,262794990426,8247109
262803238148,700,2,receive,262794990760,8247388
262803238840,418,1,receive,262794895366,8343474
262803239479,12,2,receive,262794920545,8318934
262803240134,958,1,receive,262794999239,8240895
262803240806,964,1,receive,262795001085,8239721
262803315731,954,1,receive,262795002131,8313600
262803316648,948,1,receive,262795005276,8311372
262803323743,596,8,receive,262798469365,4854378
262803324429,594,7,receive,262798449535,4874894
262803387610,42,9,receive,262798483012,4904598
262803388175,590,9,receive,262798324401,5063774
262803388818,600,6,receive,262798502305,4886513
262803389471,352,7,receive,262798423214,4966257
262803389992,628,10,receive,262798522777,4867215
262803390634,356,8,receive,262798469360,4921274
262803448261,358,10,receive,262798520012,4928249
262803448905,592,8,receive,262798494468,4954437
262803449571,666,6,receive,262798563008,4886563
262803450230,212,9,receive,262798567651,4882579
262803450880,16,7,receive,262798543007,4907873
262803506072,500,6,receive,262798565588,4940484
262803506655,398,6,receive,262798503875,5002780
262803507330,120,12,receive,262798736604,4770726
262803508021,176,7,receive,262798685549,4822472
262803508706,132,7,receive,262798628994,4879712
262803576062,986,7,receive,262798720059,4856003
262803576742,92,7,receive,262798749253,4827489
262803577407,38,7,receive,262798750334,4827073
262803578069,704,8,receive,262798758498,4819571
262803578725,810,8,receive,262798795552,4783173
262803631656,372,11,receive,262798709006,4922650
262803632251,186,8,receive,262798851006,4781245
262803632831,582,7,receive,262798796950,4835881
262803645876,908,8,receive,262798934663,4711213
262803646555,208,7,receive,262798862410,4784145
262803696197,348,11,receive,262798895570,4800627
262803696844,604,5,receive,262798917683,4779161
262803697501,962,8,receive,262798950927,4746574
262803698045,886,7,receive,262799019522,4678523
262803698564,778,9,receive,262799015708,4682856
262803750265,618,7,receive,262799050614,4699651
262803750947,42,10,receive,262798987442,4763505
262803751619,722,9,receive,262799034016,4717603
262803752305,220,6,receive,262799161342,4590963
262803752983,640,8,receive,262799052005,4700978
262803753670,826,8,receive,262799141032,4612638
262803817066,830,8,receive,262799133388,4683678
262803817740,902,8,receive,262799175439,4642301
262803818427,376,7,receive,262799228925,4589502
262803819112,534,7,receive,262799242007,4577105
262803819779,738,8,receive,262799230195,4589584
262803860580,734,8,receive,262799269627,4590953
262803861148,480,8,receive,262799235009,4626139
262803861707,10,7,receive,262799359522,4502185
262803862362,886,8,receive,262799308752,4553610
262803863019,938,10,receive,262799371416,4491603
262803863690,844,7,receive,262799341990,4521700
262803906339,98,10,receive,262799315007,4591332
262803907184,146,7,receive,262799268006,4639178
262803915362,604,6,receive,262799473920,4441442
262803924479,962,9,receive,262799439080,4485399
262803945270,614,8,receive,262799396430,4548840
262803945935,612,8,receive,262799406256,4539679
262803947441,96,8,receive,262799574006,4373435
262803955281,660,5,receive,262799546011,4409270
262803964035,712,8,receive,262799595005,4369030
262803989662,586,10,receive,262799527184,4462478
262803990296,812,9,receive,262799600910,4389386
262803990942,118,8,receive,262799777707,4213235
262803991604,760,11,receive,262799747332,4244272
262803992265,902,9,receive,262799765621,4226644
262803992924,568,8,receive,262799794646,4198278
262804043863,132,8,receive,262799701266,4342597
262804044436,144,7,receive,262799805040,4239396
262804045079,362,8,receive,262799716407,4328672
262804045758,904,9,receive,262799821944,4223814
262804046448,830,10,receive,262799766261,4280187
262804098040,578,10,receive,262799826340,4271700
262804098722,930,9,receive,262799776768,4321954
262804099389,152,9,receive,262799914445,4184944
262804100059,958,9,receive,262799913931,4186128
262804121702,466,11,receive,262799915749,4205953
262804144879,682,9,receive,262799924562,4220317
262804147670,814,10,receive,262799927536,4220134
262804152826,166,10,receive,262799970913,4181913
262804153527,142,9,receive,262799994085,4159442
262804154183,202,10,receive,262800010024,4144159
262804203443,224,10,receive,262799930851,4272592
262804204126,126,9,receive,262800023280,4180846
262804204808,714,10,receive,262800070398,4134410
262804212264,744,9,receive,262800088037,4124227
262804248917,154,5,receive,262799972044,4276873
262804249597,520,10,receive,262800061167,4188430
262804250187,22,9,receive,262800035712,4214475
262804250813,806,8,receive,262800110928,4139885
262804251464,962,10,receive,262800202006,4049458
262804300664,678,10,receive,262800175559,4125105
262804301354,788,12,receive,262800206010,4095344
262804302045,62,10,receive,262800158081,4143964
262804302746,390,8,receive,262800179792,4122954
262804303431,654,8,receive,262800317711,3985720
262804349486,622,8,receive,262800335133,4014353
262804350209,638,9,receive,262800326074,4024135
262804350816,30,9,receive,262800303792,4047024
262804355232,72,9,receive,262800233226,4122006
262804365976,272,2,receive,262800379424,3986552
262804366635,706,8,receive,262800390999,3975636
262804406751,606,9,receive,262800399736,4007015
262804407435,792,9,receive,262800308010,4099425
262804408123,604,7,receive,262800437097,3971026
262804408786,772,12,receive,262800437442,3971344
262804409440,758,12,receive,262800404005,4005435
262804450711,174,11,receive,262800409141,4041570
262804451373,840,12,receive,262800465006,3986367
262804452031,818,11,receive,262800542930,3909101
262804452680,952,12,receive,262800489286,3963394
262804468376,278,12,receive,262800425418,4042958
262804502080,636,8,receive,262800536065,3966015
262804502753,210,9,receive,262800567127,3935626
262804503420,18,10,receive,262800625396,3878024
262804504077,434,9,receive,262800602009,3902068
262804504694,754,10,receive,262800574127,3930567
262804505355,582,11,receive,262800636469,3868886
262804505979,632,11,receive,262800594646,3911333
262804566391,948,9,receive,262800619872,3946519
262804566812,908,13,receive,262800684758,3882054
262804567246,194,5,receive,262800772469,3794777
262804567683,864,11,receive,262800613613,3954070
262804568129,976,12,receive,262800732938,3835191
262804568561,58,12,receive,262800696130,3872431
262804609378,248,5,receive,262800780684,3828694
262804609809,356,12,receive,262800702158,3907651
262804610272,362,11,receive,262800835462,3774810
262804610755,722,13,receive,262800836016,3774739
262804611210,884,11,receive,262800838198,3773012
262804611649,698,10,receive,262800824193,3787456
262804612108,146,9,receive,262800899866,3712242
262804612554,444,11,receive,262800946080,3666474
262804612995,596,13,receive,262800987636,3625359
262804657011,296,1,receive,262800984385,3672626
262804657455,682,10,receive,262800897848,3759607
262804657896,476,10,receive,262800936398,3721498
262804658340,568,10,receive,262801099005,3559335
262804658776,1000,11,receive,262801045008,3613768
262804659228,126,10,receive,262801100249,3558979
262804659668,670,13,receive,262801091354,3568314
262804688669,98,13,receive,262801108066,3580603
262804689307,874,12,receive,262801171071,3518236
262804689747,908,14,receive,262801191552,3498195
262804690204,824,9,receive,262801201009,3489195
262804690642,480,11,receive,262801121191,3569451
262804699754,940,11,receive,262801144185,3555569
262804703727,866,12,receive,262801224730,3478997
262804709318,654,9,receive,262801269413,3439905
262804709736,442,11,receive,262801278084,3431652
262804710189,646,9,receive,262801260416,3449773
262804710632,958,11,receive,262801286276,3424356
262804720953,722,14,receive,262801372091,3348862
262804723789,18,11,receive,262801359967,3363822
262804725173,102,10,receive,262801365705,3359468
262804737228,884,12,receive,262801340825,3396403
262804737667,252,6,receive,262801384081,3353586
262804738113,100,12,receive,262801478822,3259291
262804738559,792,13,receive,262801442126,3296433
262804738997,356,15,receive,262801481491,3257506
262804739444,586,13,receive,262801431009,3308435
262804749585,578,13,receive,262801456971,3292614
262804760333,636,9,receive,262801484017,3276316
262804760778,688,9,receive,262801560010,3200768
262804761227,868,11,receive,262801541006,3220221
262804761664,560,9,receive,262801567086,3194578
262804765703,894,11,receive,262801552502,3213201
262804770027,182,4,receive,262801681085,3088942
262804770510,782,13,receive,262801691145,3079365
262804770948,258,7,receive,262801624189,3146759
262804797085,58,13,receive,262801706622,3090463
262804797528,188,2,receive,262801674839,3122689
262804797972,212,17,receive,262801717151,3080821
262804798425,476,11,receive,262801723445,3074980
262804798866,982,14,receive,262801701341,3097525
262804809356,352,12,receive,262801687567,3121789
262804823369,856,10,receive,262801702133,3121236
262804823805,224,14,receive,262801787501,3036304
262804824261,246,1,receive,262801778509,3045752
262804824699,934,12,receive,262801750576,3074123
262804825164,646,10,receive,262801746006,3079158
262804825602,866,13,receive,262801783044,3042558
262804826055,596,14,receive,262801891199,2934856
262804826504,74,13,receive,262801925114,2901390
262804826939,508,14,receive,262801906958,2919981
262804858082,652,8,receive,262801908614,2949468
262804858527,70,11,receive,262801920688,2937839
262804858964,74,14,receive,262802101446,2757518
262804859411,788,15,receive,262802125008,2734403
262804869549,444,13,receive,262802080341,2789208
262804873398,236,11,receive,262802084174,2789224
262804889926,174,15,receive,262802097765,2792161
262804890383,658,9,receive,262802103846,2786537
262804890820,244,13,receive,262802105010,2785810
262804891276,180,5,receive,262802096192,2795084
262804891713,262,13,receive,262802085428,2806285
262804892163,950,15,receive,262802116375,2775788
262804892609,998,12,receive,262802215857,2676752
262804915209,390,12,receive,262802245005,2670204
262804915639,660,10,receive,262802197136,2718503
262804916078,956,14,receive,262802187923,2728155
262804916518,568,12,receive,262802255005,2661513
262804916960,994,13,receive,262802275309,2641651
262804917412,708,15,receive,262802278351,2639061
262804928712,210,12,receive,262802293945,2634767
262804943262,946,13,receive,262802218437,2724825
262804943693,662,6,receive,262802396010,2547683
262804944152,58,14,receive,262802335605,2608547
262804944579,202,13,receive,262802396975,2547604
262804945004,974,12,receive,262802373244,2571760
262804945429,148,12,receive,262802408725,2536704
262804945846,270,1,receive,262802381523,2564323
262804946284,682,13,receive,262802458345,2487939
262804946736,64,11,receive,262802341096,2605640
262804978700,562,13,receive,262802421237,2557463
262804979132,212,18,receive,262802442007,2537125
262804979615,188,4,receive,262802468699,2510916
262804984784,146,12,receive,262802544375,2440409
262804985235,98,15,receive,262802555769,2429466
262804985674,404,12,receive,262802546621,2439053
262804994325,892,14,receive,262802441012,2553313
262804994889,582,14,receive,262802555996,2438893
262804999743,392,14,receive,262802558808,2440935
262805002484,556,14,receive,262802624153,2378331
262805002942,816,15,receive,262802601547,2401395
262805009170,962,15,receive,262802627149,2382021
262805014125,166,14,receive,262802646303,2367822
262805017058,312,4,receive,262802694127,2322931
262805017502,402,12,receive,262802708771,2308731
262805023477,272,7,receive,262802691698,2331779
262805025881,410,3,receive,262802721006,2304875
262805031013,614,14,receive,262802703018,2327995
262805037961,382,12,receive,262802679041,2358920
262805040944,258,9,receive,262802720202,2320742
262805044845,374,1,receive,262802805345,2239500
262805054596,940,14,receive,262802782439,2272157
262805055120,726,15,receive,262802781909,2273211
262805055542,812,14,receive,262802835562,2219980
262805060883,452,2,receive,262802876536,2184347
262805067221,20,14,receive,262802830006,2237215
262805070938,92,13,receive,262802868469,2202469
262805078147,304,3,receive,262802891600,2186547
262805087393,88,16,receive,262802893540,2193853
262805087843,238,3,receive,262802910008,2177835
262805088967,782,15,receive,262802946946,2142021
262805097291,424,2,receive,262802916995,2180296
262805098625,206,15,receive,262802912345,2186280
262805101576,980,14,receive,262802954987,2146589
262805107708,912,12,receive,262802962872,2144836
262805111531,986,15,receive,262803025481,2086050
262805115180,974,13,receive,262803000505,2114675
262805119156,50,17,receive,262803001005,2118151
262805124572,872,13,receive,262803010530,2114042
262805127474,136,13,receive,262803066538,2060936
262805131694,86,14,receive,262803102006,2029688
262805132148,174,17,receive,262803020183,2111965
262805132583,668,8,receive,262803086895,2045688
262805148182,926,13,receive,262803114084,2034098
262805148716,996,14,receive,262803063075,2085641
262805153330,662,8,receive,262803228009,1925321
262805158874,660,11,receive,262803244094,1914780
262805167297,940,15,receive,262803216005,1951292
262805167727,820,16,receive,262803242010,1925717
262805168171,398,14,receive,262803150009,2018162
262805183040,308,5,receive,262803120190,2062850
262805183460,370,2,receive,262803158621,2024839
262805185735,538,16,receive,262803175810,2009925
262805189133,320,9,receive,262803200465,1988668
262805195011,70,13,receive,262803214118,1980893
262805202092,600,13,receive,262803265005,1937087
262805202524,314,1,receive,262803278355,1924169
262805212172,318,1,receive,262803302259,1909913
262805212617,344,16,receive,262803321006,1891611
262805213064,182,7,receive,262803281082,1931982
262805213502,878,13,receive,262803299460,1914042
262805228528,588,14,receive,262803384011,1844517
262805229278,786,16,receive,262803393072,1836206
262805234201,92,14,receive,262803392011,1842190
262805234642,390,14,receive,262803339896,1894746
262805249535,424,3,receive,262803379212,1870323
262805249977,604,11,receive,262803393130,1856847
262805250438,684,8,receive,262803451148,1799290
262805250879,298,2,receive,262803419517,1831362
262805251340,88,17,receive,262803440383,1810957
262805251799,912,13,receive,262803434481,1817318
262805252266,296,6,receive,262803422417,1829849
262805252719,326,1,receive,262803499638,1753081
262805289986,300,4,receive,262803511010,1778976
262805290441,478,2,receive,262803474514,1815927
262805290879,660,12,receive,262803457789,1833090
262805291349,20,16,receive,262803488778,1802571
262805291789,902,16,receive,262803570011,1721778
262805292238,556,17,receive,262803561648,1730590
262805292682,600,14,receive,262803549121,1743561
262805326989,476,13,receive,262803535441,1791548
262805327425,980,17,receive,262803542506,1784919
262805327866,294,2,receive,262803612010,1715856
262805328316,824,13,receive,262803636916,1691400
262805328756,232,10,receive,262803635618,1693138
262805329210,966,11,receive,262803625252,1703958
262805329652,322,2,receive,262803635641,1694011
262805373111,10,15,receive,262803697600,1675511
262805373545,268,6,receive,262803672942,1700603
262805373970,484,1,receive,262803694122,1679848
262805375080,458,2,receive,262803679858,1695222
262805375530,580,14,receive,262803709799,1665731
262805375967,656,9,receive,262803716309,1659658
262805376424,100,15,receive,262803737010,1639414
262805376867,686,8,receive,262803769489,1607378
262805409321,306,2,receive,262803756289,1653032
262805409746,514,1,receive,262803781293,1628453
262805410190,252,10,receive,262803747709,1662481
262805410626,408,1,receive,262803825323,1585303
262805415401,58,17,receive,262803809957,1605444
262805415819,980,18,receive,262803834131,1581688
262805416267,468,3,receive,262803790809,1625458
262805416702,398,15,receive,262803812010,1604692
262805447307,430,3,receive,262803821073,1626234
262805447725,308,7,receive,262803868473,1579252
262805448294,20,17,receive,262803885063,1563231
262805451360,412,1,receive,262803872185,1579175
262805455646,312,6,receive,262803896007,1559639
262805464034,944,14,receive,262803898885,1565149
262805464480,350,1,receive,262803906909,1557571
262805464921,942,13,receive,262803868487,1596434
262805489443,52,14,receive,262803874816,1614627
262805489870,772,19,receive,262803904714,1585156
262805490323,66,14,receive,262803881621,1608702
262805490762,470,11,receive,262803925070,1565692
262805501568,654,14,receive,262803950275,1551293
262805506575,244,18,receive,262803906077,1600498
262805531428,28,15,receive,262803952004,1579424
262805531860,580,15,receive,262803904422,1627438
262805532317,916,15,receive,262803994124,1538193
262805532756,452,4,receive,262803904005,1628751
262805533206,368,2,receive,262803986007,1547199
262805533641,100,16,receive,262803972080,1561561
262805534088,594,17,receive,262803972010,1562078
262805534528,294,3,receive,262804015092,1519436
262805579110,998,14,receive,262804050423,1528687
262805579566,270,4,receive,262804058860,1520706
262805580011,920,14,receive,262804035782,1544229
262805580459,868,16,receive,262804045670,1534789
262805580896,646,13,receive,262804093509,1487387
262805581347,180,8,receive,262804084007,1497340
262805596591,980,19,receive,262804091042,1505549
262805628323,86,16,receive,262804036620,1591703
262805628760,710,1,receive,262804121788,1506972
262805629218,338,4,receive,262804055258,1573960
262805629653,328,8,receive,262804139364,1490289
262805630096,510,1,receive,262804149614,1480482
262805630536,934,18,receive,262804149520,1481016
262805630975,676,1,receive,262804161135,1469840
262805631422,332,6,receive,262804172078,1459344
262805631861,214,7,receive,262804189911,1441950
262805681331,806,14,receive,262804216802,1464529
262805681753,690,1,receive,262804217203,1464550
262805682198,478,4,receive,262804161933,1520265
262805683023,302,5,receive,262804216129,1466894
262805683466,324,8,receive,262804212400,1471066
262805683911,20,18,receive,262804228771,1455140
262805684362,394,12,receive,262804226188,1458174
262805684799,668,10,receive,262804304975,1379824
262805731363,424,4,receive,262804319751,1411612
262805731800,708,19,receive,262804269048,1462752
262805732251,696,5,receive,262804313008,1419243
262805732689,372,19,receive,262804297138,1435551
262805738440,304,5,receive,262804322890,1415550
262805738862,492,2,receive,262804349416,1389446
262805739316,692,1,receive,262804357057,1382259
262805739766,448,8,receive,262804324888,1414878
262805787380,952,19,receive,262804350810,1436570
262805787799,812,16,receive,262804371747,1416052
262805788242,522,1,receive,262804405369,1382873
262805788678,242,7,receive,262804393046,1395632
262805789135,948,14,receive,262804374925,1414210
262805789573,386,7,receive,262804413400,1376173
262805790014,316,8,receive,262804420378,1369636
262805839264,608,15,receive,262804452583,1386681
262805839680,460,1,receive,262804461312,1378368
262805840110,320,11,receive,262804428137,1411973
262805840527,238,6,receive,262804441931,1398596
262805840943,728,2,receive,262804503275,1337668
262805841366,916,16,receive,262804440404,1400962
262805841792,594,18,receive,262804512456,1329336
262805842319,462,1,receive,262804496860,1345459
262805842758,444,17,receive,262804512010,1330748
262805898216,130,1,receive,262804516651,1381565
262805898638,2,17,receive,262804527010,1371628
262805899061,468,4,receive,262804536143,1362918
262805899482,342,7,receive,262804564252,1335230
262805899907,662,10,receive,262804598447,1301460
262805900354,86,17,receive,262804625563,1274791
262805900787,332,8,receive,262804597004,1303783
262805901232,266,5,receive,262804603079,1298153
262805901669,322,3,receive,262804587130,1314539
262805957742,300,6,receive,262804623394,1334348
262805958180,390,16,receive,262804643429,1314751
262805958624,664,2,receive,262804641318,1317306
262805959069,578,17,receive,262804629316,1329753
262805959508,510,2,receive,262804654389,1305119
262805959940,242,8,receive,262804653823,1306117
262805960391,272,9,receive,262804612135,1348256
262805960826,340,2,receive,262804659400,1301426
262806006309,246,5,receive,262804669063,1337246
262806006750,544,1,receive,262804646346,1360404
262806007207,512,1,receive,262804674051,1333156
262806007654,546,1,receive,262804683864,1323790
262806008099,66,15,receive,262804663184,1344915
262806008542,460,2,receive,262804677249,1331293
262806008978,442,17,receive,262804663201,1345777
262806009431,654,15,receive,262804683736,1325695
262806009874,196,1,receive,262804708328,1301546
262806073901,548,1,receive,262804715067,1358834
262806074373,190,8,receive,262804684513,1389860
262806074831,550,1,receive,262804710554,1364277
262806075300,518,1,receive,262804689158,1386142
262806075756,200,1,receive,262804706202,1369554
262806076239,268,7,receive,262804709399,1366840
262806076712,296,8,receive,262804697756,1378956
262806125221,538,19,receive,262804700498,1424723
262806125672,188,8,receive,262804714006,1411666
262806126128,360,5,receive,262804723296,1402832
262806126576,130,2,receive,262804730069,1396507
262806129255,514,2,receive,262804709550,1419705
262806129693,436,10,receive,262804742282,1387411
262806130157,862,17,receive,262804732727,1397430
262806130607,498,3,receive,262804737782,1392825
262806169083,416,2,receive,262804740016,1429067
262806169520,204,1,receive,262804752892,1416628
262806169945,258,12,receive,262804663620,1506325
262806170385,868,17,receive,262804757693,1412692
262806170809,430,4,receive,262804756961,1413848
262806171249,530,1,receive,262804756896,1414353
262806171676,710,2,receive,262804775071,1396605
262806172128,672,2,receive,262804746842,1425286
262806172551,440,1,receive,262804780053,1392498
262806172973,426,2,receive,262804774323,1398650
262806205825,4,3,receive,262804784270,1421555
262806206298,182,9,receive,262804781009,1425289
262806206752,332,9,receive,262804787948,1418804
262806207222,510,3,receive,262804780350,1426872
262806222853,406,13,receive,262804796933,1425920
262806223322,404,15,receive,262804803010,1420312
262806223786,910,15,receive,262804743563,1480223
262806249596,408,2,receive,262804802126,1447470
262806250081,446,1,receive,262804814426,1435655
262806250555,412,3,receive,262804796874,1453681
262806251040,370,4,receive,262804804015,1447025
262806270289,502,15,receive,262804792791,1477498
262806270751,308,8,receive,262804839012,1431739
262806298060,970,13,receive,262804815658,1482402
262806298524,338,6,receive,262804840550,1457974
262806298964,460,3,receive,262804839433,1459531
262806299444,546,2,receive,262804823127,1476317
262806299907,692,2,receive,262804847010,1452897
262806300385,390,17,receive,262804859537,1440848
262806300847,980,20,receive,262804866319,1434528
262806301331,652,11,receive,262804839070,1462261
262806340822,214,8,receive,262804861005,1479817
262806341276,642,1,receive,262804880378,1460898
262806344862,514,3,receive,262804873175,1471687
262806351446,284,5,receive,262804879504,1471942
262806356353,180,9,receive,262804884631,1471722
262806362333,696,6,receive,262804891467,1470866
262806362775,342,8,receive,262804931525,1431250
262806387244,686,10,receive,262804917440,1469804
262806387716,524,2,receive,262804908009,1479707
262806388183,648,1,receive,262804941804,1446379
262806388633,246,6,receive,262804950347,1438286
262806389089,302,7,receive,262804937007,1452082
262806389545,940,17,receive,262804929515,1460030
262806389991,404,16,receive,262804955802,1434189
262806423467,318,3,receive,262804956147,1467320
262806423918,474,1,receive,262804965055,1458863
262806424394,200,2,receive,262804933237,1491157
262806424870,306,5,receive,262804970207,1454663
262806425351,470,13,receive,262804973755,1451596
262806425829,336,7,receive,262804971009,1454820
262806467419,238,7,receive,262804968728,1498691
262806467885,258,13,receive,262804986006,1481879
262806468375,692,3,receive,262804967657,1500718
262806468839,272,10,receive,262805002062,1466777
262806469312,554,8,receive,262804968367,1500945
262806469779,350,3,receive,262804986662,1483117
262806470276,676,3,receive,262805005425,1464851
262806470742,446,2,receive,262804996015,1474727
262806513910,312,7,receive,262804931064,1582846
262806514366,328,9,receive,262805004006,1510360
262806514809,268,8,receive,262804979068,1535741
262806515279,424,5,receive,262805024207,1491072
262806515743,710,3,receive,262805040121,1475622
262806516220,980,21,receive,262805030772,1485448
262806516688,616,2,receive,262805040162,1476526
262806567126,250,1,receive,262805034868,1532258
262806567573,504,3,receive,262805044692,1522881
262806568025,452,5,receive,262805013115,1554910
262806568493,300,7,receive,262805024607,1543886
262806568950,456,1,receive,262805056587,1512363
262806569422,412,4,receive,262805061858,1507564
262806569885,386,8,receive,262805028008,1541877
262806612620,478,5,receive,262805051433,1561187
262806613070,254,1,receive,262805070223,1542847
262806613521,330,3,receive,262805069606,1543915
262806614550,260,1,receive,262805099706,1514844
262806614999,518,2,receive,262805092006,1522993
262806615455,604,14,receive,262805107182,1508273
262806638501,188,9,receive,262805087004,1551497
262806638946,598,1,receive,262805113564,1525382
262806639407,320,12,receive,262805109011,1530396
262806639873,486,1,receive,262805114959,1524914
262806640365,374,5,receive,262805100917,1539448
262806640813,764,1,receive,262805141798,1499015
262806664037,326,3,receive,262805135697,1528340
262806679030,196,2,receive,262805124693,1554337
262806679489,690,2,receive,262805081914,1597575
262806679914,316,9,receive,262805145489,1534425
262806680350,662,12,receive,262805130006,1550344
262806680777,264,1,receive,262805143277,1537500
262806681215,360,6,receive,262805130688,1550527
262806707405,394,13,receive,262805138304,1569101
262806723558,256,6,receive,262805147116,1576442
262806724023,602,1,receive,262805158467,1565556
262806724481,510,4,receive,262805180850,1543631
262806724939,546,3,receive,262805158253,1566686
262806734940,252,12,receive,262805181884,1553056
262806743093,258,14,receive,262805187192,1555901
262806748113,242,9,receive,262805190008,1558105
262806772456,448,9,receive,262805180360,1592096
262806772908,548,2,receive,262805204629,1568279
262806773428,574,1,receive,262805221469,1551959
262806773902,272,11,receive,262805214361,1559541
262806774378,400,3,receive,262805233010,1541368
262806774838,282,1,receive,262805234803,1540035
262806775313,340,3,receive,262805237930,1537383
262806775769,426,3,receive,262805211743,1564026
262806821738,572,1,receive,262805248804,1572934
262806822184,554,9,receive,262805200140,1622044
262806822635,270,6,receive,262805239912,1582723
262806823092,286,1,receive,262805262144,1560948
262806823546,254,2,receive,262805260976,1562570
262806823997,672,3,receive,262805271582,1552415
262806824464,470,14,receive,262805249361,1575103
262806824917,654,16,receive,262805274094,1550823
262806869380,310,5,receive,262805252184,1617196
262806869814,468,5,receive,262805268571,1601243
262806870273,296,9,receive,262805268385,1601888
262806870734,650,1,receive,262805295838,1574896
262806871198,314,4,receive,262805280222,1590976
262806885420,498,4,receive,262805295946,1589474
262806885919,194,12,receive,262805294005,1591914
262806914057,512,2,receive,262805291636,1622421
262806914501,504,4,receive,262805300296,1614205
262806914937,332,10,receive,262805282670,1632267
262806915380,550,2,receive,262805315453,1599927
262806915824,292,1,receive,262805307930,1607894
262806916286,304,7,receive,262805307394,1608892
262806916737,642,2,receive,262805301806,1614931
262806959703,518,3,receive,262805294036,1665667
262806960149,330,4,receive,262805322685,1637464
262806960595,728,3,receive,262805319061,1641534
262806961041,506,1,receive,262805328039,1633002
262806961479,696,7,receive,262805310905,1650574
262806972784,522,2,receive,262805310866,1661918
262806973235,424,6,receive,262805311310,1661925
262806973677,644,1,receive,262805371488,1602189
262807008710,270,7,receive,262805384819,1623891
262807009171,346,1,receive,262805416711,1592460
262807010884,386,9,receive,262805398863,1612021
262807011332,518,4,receive,262805438335,1572997
262807011768,516,1,receive,262805438809,1572959
262807026068,250,2,receive,262805450472,1575596
262807035624,374,6,receive,262805446133,1589491
262807053773,238,8,receive,262805456699,1597074
262807054275,396,1,receive,262805450533,1603742
262807054714,664,3,receive,262805459394,1595320
262807055170,298,6,receive,262805458122,1597048
262807055609,514,4,receive,262805442693,1612916
262807080047,544,3,receive,262805458288,1621759
262807080486,410,7,receive,262805487390,1593096
262807080927,266,6,receive,262805488127,1592800
262807081386,370,5,receive,262805466631,1614755
262807081822,486,2,receive,262805510844,1570978
262807082270,390,18,receive,262805497928,1584342
262807116536,306,6,receive,262805502007,1614529
262807116976,130,3,receive,262805520501,1596475
262807117417,460,4,receive,262805458140,1659277
262807117850,498,5,receive,262805493182,1624668
262807123321,462,2,receive,262805487011,1636310
262807123744,510,5,receive,262805512126,1611618
262807124215,756,1,receive,262805530587,1593628
262807124657,284,6,receive,262805520061,1604596
262807160719,214,9,receive,262805441671,1719048
262807161189,550,3,receive,262805548354,1612835
262807161622,656,11,receive,262805552326,1609296
262807162078,240,1,receive,262805562225,1599853
262807162528,676,4,receive,262805536281,1626247
262807162969,312,8,receive,262805571334,1591635
262807204996,406,14,receive,262805556218,1648778
262807205465,296,10,receive,262805553935,1651530
262807205914,368,4,receive,262805552363,1653551
262807206376,528,1,receive,262805579475,1626901
262807206828,490,15,receive,262805554147,1652681
262807216231,192,7,receive,262805559144,1657087
262807216655,318,4,receive,262805547320,1669335
262807251117,524,3,receive,262805580014,1671103
262807251550,308,9,receive,262805581347,1670203
262807251985,180,10,receive,262805599423,1652562
262807252460,452,6,receive,262805592279,1660181
262807252915,522,3,receive,262805602304,1650611
262807253382,746,1,receive,262805617836,1635546
262807253846,370,6,receive,262805627983,1625863
262807254317,506,2,receive,262805592712,1661605
262807254773,504,5,receive,262805589006,1665767
262807298470,264,2,receive,262805617951,1680519
262807298902,204,2,receive,262805631120,1667782
262807299359,254,3,receive,262805640096,1659263
262807299811,456,2,receive,262805618226,1681585
262807300275,412,5,receive,262805654532,1645743
262807308463,484,3,receive,262805610010,1698453
262807308916,692,4,receive,262805654779,1654137
262807340986,478,6,receive,262805653538,1687448
262807341493,784,1,receive,262805674500,1666993
262807341957,292,2,receive,262805652444,1689513
262807342417,430,5,receive,262805662875,1679542
262807342863,502,16,receive,262805669618,1673245
262807343323,696,8,receive,262805664809,1678514
262807343773,334,4,receive,262805651543,1692230
262807381507,492,5,receive,262805668411,1713096
262807381935,770,1,receive,262805703343,1678592
262807382403,440,2,receive,262805677319,1705084
262807382847,672,4,receive,262805692152,1690695
262807383303,190,9,receive,262805669727,1713576
262807383754,796,1,receive,262805713042,1670712
262807384203,458,5,receive,262805717705,1666498
262807384634,328,10,receive,262805731066,1653568
262807429116,664,4,receive,262805710121,1718995
262807429590,694,8,receive,262805739501,1690089
262807430053,308,10,receive,262805735272,1694781
262807430512,284,7,receive,262805746366,1684146
262807430967,302,8,receive,262805739859,1691108
262807438426,686,11,receive,262805730390,1708036
262807438879,446,3,receive,262805780509,1658370
262807463848,296,11,receive,262805782010,1681838
262807464317,498,6,receive,262805813633,1650684
262807464770,272,12,receive,262805826186,1638584
262807469183,250,3,receive,262805827783,1641400
262807469638,286,2,receive,262805801329,1668309
262807470095,270,8,receive,262805819842,1650253
262807470547,572,2,receive,262805850008,1620539
262807509711,200,4,receive,262805850047,1659664
262807510176,530,2,receive,262805749324,1760852
262807510609,400,4,receive,262805848138,1662471
262807511069,748,1,receive,262805863930,1647139
262807511530,342,9,receive,262805854484,1657046
262807511983,330,5,receive,262805866447,1645536
262807512443,408,4,receive,262805863620,1648823
262807512908,648,2,receive,262805866689,1646219
262807550293,672,5,receive,262805877126,1673167
262807550725,374,7,receive,262805823070,1727655
262807551186,566,1,receive,262805908526,1642660
262807551642,602,2,receive,262805830687,1720955
262807552102,256,7,receive,262805912007,1640095
262807552554,260,2,receive,262805924474,1628080
262807582869,576,1,receive,262805908848,1674021
262807583345,196,3,receive,262805883302,1700043
262807583792,350,4,receive,262805844856,1738936
262807584247,326,4,receive,262805960006,1624241
262807584692,130,4,receive,262805956306,1628386
262807585153,246,7,receive,262805928181,1656972
262807605250,808,1,receive,262805971317,1633933
262807605701,330,6,receive,262805970126,1635575
262807639194,486,3,receive,262805863010,1776184
262807639657,518,5,receive,262805940815,1698842
262807640110,624,1,receive,262805991483,1648627
262807640553,570,1,receive,262805990540,1650013
262807640994,574,2,receive,262805929487,1711507
262807641458,270,9,receive,262806014492,1626966
262807641907,626,1,receive,262806015431,1626476
262807672301,266,7,receive,262805991067,1681234
262807672731,308,11,receive,262805935482,1737249
262807673179,546,4,receive,262806025903,1647276
262807673619,598,2,receive,262806014012,1659607
262807674061,264,3,receive,262806000906,1673155
262807674510,796,2,receive,262806080606,1593904
262807674957,544,4,receive,262806089006,1585951
262807705916,650,2,receive,262806110503,1595413
262807706361,416,4,receive,262806110628,1595733
262807706790,522,4,receive,262806106497,1600293
262807716456,554,11,receive,262806108921,1607535
262807716965,690,3,receive,262806107006,1609959
262807725243,238,9,receive,262806175653,1549590
262807725696,298,7,receive,262806114009,1611687
262807752697,756,2,receive,262806149855,1602842
262807753156,656,12,receive,262806183727,1569429
262807753776,270,10,receive,262806141557,1612219
262807754231,4,5,receive,262806188767,1565464
262807754678,662,14,receive,262806187545,1567133
262807755139,468,6,receive,262806164982,1590157
262807755588,214,10,receive,262806191725,1563863
262807793586,286,3,receive,262806203873,1589713
262807794112,808,2,receive,262806204882,1589230
262807794597,192,9,receive,262806203872,1590725
262807795054,346,2,receive,262806176861,1618193
262807803031,296,13,receive,262806181059,1621972
262807803503,676,5,receive,262806186009,1617494
262807803982,258,15,receive,262806225995,1577987
262807804460,518,6,receive,262806178314,1626146
262807804922,340,4,receive,262806208006,1596916
262807838853,644,2,receive,262806155285,1683568
262807839317,448,10,receive,262806214895,1624422
262807839779,370,7,receive,262806203680,1636099
262807840258,406,15,receive,262806197581,1642677
262807840716,584,2,receive,262806233634,1607082
262807841190,430,6,receive,262806222326,1618864
262807841651,548,3,receive,262806249996,1591655
262807880611,502,17,receive,262806205038,1675573
262807881114,798,2,receive,262806265086,1616028
262807881568,302,9,receive,262806245209,1636359
262807882025,512,3,receive,262806238960,1643065
262807882477,304,8,receive,262806269280,1613197
262807882919,322,5,receive,262806241006,1641913
262807883374,396,3,receive,262806290678,1592696
262807883816,180,11,receive,262806289205,1594611
262807932050,426,5,receive,262806235070,1696980
262807932488,242,13,receive,262806285009,1647479
262807932972,576,2,receive,262806281934,1651038
262807933445,408,5,receive,262806317766,1615679
262807933893,728,4,receive,262806246449,1687444
262807934353,326,5,receive,262806177124,1757229
262807934800,194,13,receive,262806308174,1626626
262807974736,662,15,receive,262806328382,1646354
262807975170,518,7,receive,262806340789,1634381
262807975592,764,3,receive,262806353193,1622399
262807976025,292,3,receive,262806325009,1651016
262807976484,452,7,receive,262806309225,1667259
262807976926,484,4,receive,262806341958,1634968
262807977382,330,7,receive,262806310016,1667366
262807977825,204,3,receive,262806383946,1593879
262808018702,200,5,receive,262806385702,1633000
262808019183,512,4,receive,262806399933,1619250
262808019664,448,11,receive,262806396118,1623546
262808020131,266,8,receive,262806404374,1615757
262808020586,504,7,receive,262806340091,1680495
262808021043,310,7,receive,262806393148,1627895
262808021504,456,3,receive,262806338248,1683256
262808021955,410,8,receive,262806429014,1592941
262808059934,566,3,receive,262806421121,1638813
262808060399,784,2,receive,262806388012,1672387
262808060908,770,2,receive,262806424316,1636592
262808061375,530,3,receive,262806469609,1591766
262808061823,368,6,receive,262806476306,1585517
262808062286,272,14,receive,262806478468,1583818
262808062734,338,8,receive,262806463014,1599720
262808100157,412,6,receive,262806486135,1614022
262808100608,676,6,receive,262806461010,1639598
262808101068,340,5,receive,262806471991,1629077
262808101525,346,3,receive,262806491387,1610138
262808101983,296,14,receive,262806552287,1549696
262808102443,550,5,receive,262806549840,1552603
262808102893,800,2,receive,262806547869,1555024
262808138481,200,6,receive,262806552153,1586328
262808138938,264,4,receive,262806567438,1571500
262808139402,294,6,receive,262806541668,1597734
262808139851,598,3,receive,262806557209,1582642
262808150899,300,9,receive,262806581089,1569810
262808151367,430,7,receive,262806556010,1595357
262808151819,506,3,receive,262806549065,1602754
262808178586,710,5,receive,262806562680,1615906
262808179038,342,11,receive,262806542561,1636477
262808179487,602,3,receive,262806607366,1572121
262808179933,334,5,receive,262806613840,1566093
262808191342,746,2,receive,262806603755,1587587
262808191762,330,8,receive,262806590146,1601616
262808192191,130,5,receive,262806610280,1581911
262808192613,626,2,receive,262806575592,1617021
262808235060,796,3,receive,262806530435,1704625
262808235538,284,9,receive,262806611324,1624214
262808236011,386,11,receive,262806618012,1617999
262808236477,194,14,receive,262806634311,1602166
262808236939,530,4,receive,262806648892,1588047
262808237408,750,2,receive,262806638196,1599212
262808237865,336,9,receive,262806658311,1579554
262808265853,196,4,receive,262806645188,1620665
262808266330,446,4,receive,262806664730,1601600
262808266784,748,2,receive,262806645588,1621196
262808267257,412,7,receive,262806686750,1580507
262808267713,662,16,receive,262806695382,1572331
262808268183,474,3,receive,262806646886,1621297
262808268637,694,10,receive,262806723927,1544710
262808311281,300,10,receive,262806692986,1618295
262808311712,360,9,receive,262806737009,1574703
262808312160,190,11,receive,262806733591,1578569
262808312588,598,4,receive,262806747311,1565277
262808313025,522,5,receive,262806756567,1556458
262808313457,514,6,receive,262806729422,1584035
262808313904,616,5,receive,262806750067,1563837
262808314363,462,4,receive,262806708648,1605715
262808314820,440,3,receive,262806721004,1593816
262808365071,302,11,receive,262806744552,1620519
262808365525,304,9,receive,262806781619,1583906
262808365971,256,8,receive,262806763293,1602678
262808366436,776,2,receive,262806769116,1597320
262808366880,584,3,receive,262806779318,1587562
262808367336,642,4,receive,262806786006,1581330
262808367791,282,3,receive,262806779006,1588785
