receive_timestamp,source_vehicle,message_id,event_type,send_timestamp,latency_us
262795030110,580,2,receive,262794955918,74192
262795030594,888,2,receive,262794981489,49105
262795031032,956,1,receive,262794984049,46983
262795031473,508,2,receive,262794961472,70001
262795031891,262,2,receive,262794986507,45384
262795032326,962,1,receive,262794987230,45096
262795032748,220,1,receive,262794979264,53484
262795033181,838,2,receive,262794990251,42930
262795033612,930,1,receive,262794990426,43186
262795149073,700,2,receive,262794990760,158313
262795149526,418,1,receive,262794895366,254160
262795149964,12,2,receive,262794920545,229419
262795150415,958,1,receive,262794999239,151176
262795150858,964,1,receive,262795001085,149773
262795165771,954,1,receive,262795002131,163640
262795166225,948,1,receive,262795005276,160949
262795166665,950,1,receive,262795006730,159935
262795231134,944,1,receive,262795008940,222194
262795231574,952,1,receive,262795010977,220597
262795232013,358,2,receive,262795011078,220935
262795232453,942,1,receive,262795012579,219874
262795232889,20,2,receive,262794917166,315723
262795233365,946,1,receive,262795013041,220324
262795233821,404,1,receive,262795004819,229002
262795234297,960,1,receive,262795017037,217260
262795234755,162,2,receive,262795004120,230635
262795350551,586,2,receive,262795027329,323222
262795351030,98,2,receive,262794964568,386462
262795351489,940,1,receive,262795036121,315368
262795351947,210,2,receive,262794982172,369775
262795352420,78,2,receive,262795022226,330194
262795352891,830,2,receive,262794976027,376864
262795353364,422,2,receive,262794986217,367147
262795353826,132,2,receive,262794906265,447561
262795463303,160,2,receive,262795016847,446456
262795463737,918,2,receive,262795049131,414606
262795464248,794,2,receive,262795023196,441052
262795464676,112,2,receive,262795056133,408543
262795465114,976,1,receive,262795073341,391773
262795465548,932,1,receive,262795063596,401952
262795465983,364,2,receive,262795067571,398412
262795466455,982,1,receive,262795079056,387399
262795466906,984,1,receive,262795081846,385060
262795611411,276,2,receive,262795039009,572402
262795611870,520,2,receive,262795005006,606864
262795612339,532,2,receive,262794950393,661946
262795612814,858,2,receive,262795060530,552284
262795613281,50,2,receive,262795070087,543194
262795613737,534,2,receive,262795001570,612167
262795614224,366,2,receive,262795001827,612397
262795614679,902,2,receive,262795074010,540669
262795716318,768,2,receive,262795088944,627374
262795716774,142,2,receive,262795092212,624562
262795717253,834,2,receive,262795077081,640172
262795717714,972,1,receive,262795096706,621008
262795718187,26,2,receive,262795026885,691302
262795718654,88,2,receive,262795033006,685648
262795803077,970,1,receive,262795098258,704819
262795803540,568,2,receive,262795021119,782421
262795803988,380,2,receive,262795017297,786691
262795804452,988,1,receive,262795103063,701389
262795804904,488,2,receive,262794998425,806479
262795805369,536,2,receive,262795056071,749298
262795805819,968,1,receive,262795108099,697720
262795890322,974,1,receive,262795108579,781743
262795890754,986,1,receive,262795109127,781627
262795891206,980,1,receive,262795113334,777872
262795891641,178,2,receive,262795086010,805631
262795892101,996,1,receive,262795116543,775558
262795892561,886,2,receive,262795051291,841270
262795893027,82,2,receive,262795037400,855627
262795893490,966,1,receive,262795122559,770931
262795893945,382,1,receive,262795125558,768387
262796010861,494,2,receive,262795094268,916593
262796011342,952,2,receive,262795130580,880762
262796011806,978,1,receive,262795121129,890677
262796012288,994,1,receive,262795136986,875302
262796012755,52,2,receive,262795086293,926462
262796013233,992,1,receive,262795141061,872172
262796013708,556,2,receive,262795067005,946703
262796120708,998,1,receive,262795151122,969586
262796121182,990,1,receive,262795143046,978136
262796121639,134,2,receive,262795112506,1009133
262796122102,384,2,receive,262795049007,1073095
262796122560,120,2,receive,262795115113,1007447
262796123025,42,2,receive,262794953452,1169573
262796123495,594,2,receive,262795128109,995386
262796123954,372,2,receive,262795117342,1006612
262796205221,936,1,receive,262795163022,1042199
262796205651,166,2,receive,262795160380,1045271
262796206082,274,2,receive,262795127683,1078399
262796206511,164,2,receive,262795098347,1108164
262796206954,354,3,receive,262795164104,1042850
262796207434,480,2,receive,262795083207,1124227
262796207883,64,2,receive,262795108346,1099537
262796309384,702,2,receive,262795104028,1205356
262796309841,790,2,receive,262795139013,1170828
262796310308,890,2,receive,262795181759,1128549
262796310754,848,2,receive,262795104007,1206747
262796311218,736,3,receive,262795155175,1156043
262796311664,772,2,receive,262795183574,1128090
262796312124,234,2,receive,262794962090,1350034
262796312586,150,2,receive,262795192006,1120580
262796433473,810,2,receive,262795172580,1260893
262796433990,428,2,receive,262795178010,1255980
262796434461,842,2,receive,262795157008,1277453
262796434925,538,2,receive,262795169780,1265145
262796435393,870,2,receive,262795191036,1244357
262796459223,122,2,receive,262795151020,1308203
262796459679,866,2,receive,262795217068,1242611
262796544615,244,2,receive,262795151315,1393300
262796545071,144,1,receive,262795217066,1328005
262796545534,948,2,receive,262795219572,1325962
262796545994,46,2,receive,262795174774,1371220
262796546461,60,2,receive,262795028316,1518145
262796546913,938,2,receive,262795200017,1346896
262796547383,880,2,receive,262795130518,1416865
262796547844,86,2,receive,262795156011,1391833
262796641608,722,2,receive,262795202016,1439592
262796642053,184,2,receive,262795188876,1453177
262796642506,1000,1,receive,262795235958,1406548
262796642951,778,2,receive,262795225615,1417336
262796643405,358,3,receive,262795158156,1485249
262796643850,14,2,receive,262795227167,1416683
262796644306,854,2,receive,262795025945,1618361
262796770370,62,2,receive,262795198065,1572305
262796770809,874,2,receive,262795207780,1563029
262796771272,128,2,receive,262795211230,1560042
262796771717,348,2,receive,262795126019,1645698
262796776383,236,2,receive,262795176062,1600321
262796787268,698,2,receive,262795182874,1604394
262796787721,976,2,receive,262795242365,1545356
262796874702,542,2,receive,262795202559,1672143
262796875166,34,2,receive,262795224006,1651160
262796875610,896,2,receive,262795262010,1613600
262796876060,198,2,receive,262795175713,1700347
262796876515,6,2,receive,262795222621,1653894
262796876960,754,2,receive,262795279349,1597611
262796877416,720,2,receive,262795182834,1694582
262796877861,186,2,receive,262795255131,1622730
262796988744,682,2,receive,262795174077,1814667
262796989187,76,2,receive,262795242141,1747046
262796989630,954,2,receive,262795186367,1803263
262796990096,80,2,receive,262795265363,1724733
262796990543,168,2,receive,262795223810,1766733
262796990989,586,3,receive,262795298077,1692912
262797114505,840,2,receive,262795288011,1826494
262797114957,262,3,receive,262795303009,1811948
262797115406,958,2,receive,262795271506,1843900
262797115843,618,2,receive,262795192141,1923702
262797116393,590,2,receive,262795291956,1824437
262797133346,508,3,receive,262795299362,1833984
262797133790,670,2,receive,262795315688,1818102
262797231990,940,2,receive,262795298578,1933412
262797232441,580,3,receive,262795239149,1993292
262797232893,442,3,receive,262795317101,1915792
262797233358,222,2,receive,262795262006,1971352
262797233809,116,2,receive,262795283474,1950335
262797234270,704,2,receive,262795281568,1952702
262797234723,202,2,receive,262795211565,2023158
262797333231,230,2,receive,262795316860,2016371
262797333673,88,3,receive,262795262006,2071667
262797334137,54,2,receive,262795312072,2022065
262797334586,24,2,receive,262795265106,2069480
262797359465,356,2,receive,262795334689,2024776
262797359904,994,2,receive,262795279482,2080422
262797388423,972,2,receive,262795335015,2053408
262797388844,932,2,receive,262795362451,2026393
262797438949,716,2,receive,262795286512,2152437
262797439409,978,2,receive,262795291139,2148270
262797439863,480,3,receive,262795365448,2074415
262797440321,876,2,receive,262795299282,2141039
262797440769,224,1,receive,262795360803,2079966
262797441221,674,2,receive,262795319006,2122215
262797441666,806,2,receive,262795326007,2115659
262797559614,532,3,receive,262795382857,2176757
262797560076,910,2,receive,262795350269,2209807
262797560525,162,3,receive,262795324648,2235877
262797560974,526,2,receive,262795297210,2263764
262797579149,50,3,receive,262795387475,2191674
262797598120,26,3,receive,262795375402,2222718
262797598569,352,2,receive,262795333283,2265286
262797656459,956,2,receive,262795347798,2308661
262797656907,112,3,receive,262795227563,2429344
262797657368,794,3,receive,262795349072,2308296
262797657816,610,2,receive,262795387010,2270806
262797658272,354,4,receive,262795405501,2252771
262797658718,110,3,receive,262795414267,2244451
262797659183,632,2,receive,262795398098,2261085
262797659628,344,2,receive,262795348014,2311614
262797790545,862,2,receive,262795319006,2471539
262797790967,638,2,receive,262795420640,2370327
262797791417,234,3,receive,262795361017,2430400
262797791851,422,3,receive,262795381926,2409925
262797792303,118,2,receive,262795369010,2423293
262797819228,134,3,receive,262795436763,2382465
262797819682,538,3,receive,262795418007,2401675
262797894995,640,1,receive,262795446205,2448790
262797895451,2,2,receive,262795380007,2515444
262797895890,432,3,receive,262795371008,2524882
262797896355,244,3,receive,262795375374,2520981
262797896806,852,2,receive,262795397064,2499742
262797897287,92,2,receive,262795439214,2458073
262797897752,986,2,receive,262795352838,2544914
262797998834,612,2,receive,262795466222,2532612
262797999369,126,2,receive,262795386102,2613267
262797999827,908,2,receive,262795423009,2576818
262798000289,814,2,receive,262795399084,2601205
262798000744,706,2,receive,262795460020,2540724
262798001216,760,2,receive,262795479730,2521486
262798001665,278,2,receive,262795462010,2539655
262798109118,628,3,receive,262795470139,2638979
262798109568,556,3,receive,262795491005,2618563
262798110037,384,3,receive,262795398006,2712031
262798110503,826,2,receive,262795477450,2633053
262798110959,106,2,receive,262795409827,2701132
262798111426,218,2,receive,262795411014,2700412
262798111880,10,2,receive,262795422099,2689781
262798226740,950,2,receive,262795386486,2840254
262798227216,604,1,receive,262795499076,2728140
262798227669,388,2,receive,262795468008,2759661
262798228145,962,2,receive,262795437072,2791073
262798228601,724,2,receive,262795499152,2729449
262798229070,758,3,receive,262795409919,2819151
262798229532,964,2,receive,262795447010,2782522
262798229984,42,3,receive,262795494475,2735509
262798353140,34,3,receive,262795412512,2940628
262798353611,6,3,receive,262795493676,2859935
262798354135,586,4,receive,262795480620,2873515
262798354616,184,3,receive,262795507964,2846652
262798355104,392,2,receive,262795450629,2904475
262798355584,138,2,receive,262795500064,2855520
262798477998,930,2,receive,262795446115,3031883
262798478479,824,2,receive,262795491367,2987112
262798478936,804,2,receive,262795484006,2994930
262798479411,816,2,receive,262795419597,3059814
262798479869,420,2,receive,262795508505,2971364
262798480341,708,2,receive,262795531189,2949152
262798480802,382,2,receive,262795487989,2992813
262798591303,912,2,receive,262795505242,3086061
262798591764,206,2,receive,262795518078,3073686
262798592229,76,3,receive,262795473568,3118661
262798592679,838,3,receive,262795469159,3123520
262798593140,108,2,receive,262795532031,3061109
262798617115,166,3,receive,262795479005,3138110
262798617550,952,3,receive,262795453290,3164260
262798617983,896,3,receive,262795494009,3123974
262798708615,916,2,receive,262795457417,3251198
262798709093,224,2,receive,262795489819,3219274
262798709559,846,2,receive,262795479006,3230553
262798710028,494,3,receive,262795505525,3204503
262798723402,578,2,receive,262795561339,3162063
262798723875,450,2,receive,262795572557,3151318
262798724356,348,3,receive,262795493735,3230621
262798724819,864,2,receive,262795516693,3208126
262798845044,40,2,receive,262795483259,3361785
262798845503,86,3,receive,262795557225,3288278
262798845967,476,1,receive,262795572060,3273907
262798846444,738,2,receive,262795521983,3324461
262798846899,142,3,receive,262795486529,3360370
262798847366,788,2,receive,262795559530,3287836
262798847825,466,2,receive,262795548393,3299432
262798955461,850,2,receive,262795502006,3453455
262798955929,958,3,receive,262795573518,3382411
262798956413,372,3,receive,262795553842,3402571
262798956875,678,2,receive,262795537007,3419868
262798957344,208,2,receive,262795566356,3390988
262798957810,352,3,receive,262795559887,3397923
262799065299,22,2,receive,262795555186,3510113
262799065771,744,2,receive,262795541610,3524161
262799066254,928,2,receive,262795576207,3490047
262799066722,12,3,receive,262795520504,3546218
262799067198,968,2,receive,262795525987,3541211
262799067653,358,4,receive,262795483103,3584550
262799068117,934,2,receive,262795578622,3489495
262799068575,132,3,receive,262795587556,3481019
262799193255,588,2,receive,262795586010,3607245
262799193716,398,2,receive,262795615009,3578707
262799194191,734,2,receive,262795601499,3592692
262799194654,116,3,receive,262795488851,3705803
262799195128,596,2,receive,262795570092,3625036
262799195588,890,3,receive,262795572281,3623307
262799196050,290,1,receive,262795626425,3569625
262799196505,730,2,receive,262795545268,3651237
262799196964,820,3,receive,262795632840,3564124
262799326462,80,3,receive,262795588010,3738452
262799326930,888,3,receive,262795578104,3748826
262799327425,186,3,receive,262795601564,3725861
262799327897,482,2,receive,262795523779,3804118
262799328380,38,2,receive,262795524005,3804375
262799328852,472,2,receive,262795638005,3690847
262799451155,682,3,receive,262795595246,3855909
262799451618,844,2,receive,262795642562,3809056
262799452071,630,2,receive,262795569010,3883061
262799452543,906,2,receive,262795638137,3814406
262799453017,134,4,receive,262795608010,3845007
262799470728,226,2,receive,262795638811,3831917
262799471186,582,2,receive,262795620067,3851119
262799551661,818,2,receive,262795633105,3918556
262799552141,894,2,receive,262795629083,3923058
262799552592,168,3,receive,262795657536,3895056
262799553047,782,2,receive,262795595033,3958014
262799553500,18,2,receive,262795554865,3998635
262799553953,736,4,receive,262795650081,3903872
262799554428,938,3,receive,262795560006,3994422
262799554876,802,2,receive,262795544016,4010860
262799674792,812,2,receive,262795552158,4122634
262799675239,914,2,receive,262795515185,4160054
262799675673,74,3,receive,262795547996,4127677
262799676112,364,3,receive,262795585828,4090284
262799676546,140,2,receive,262795631081,4045465
262799676980,98,3,receive,262795668205,4008775
262799731467,590,3,receive,262795642006,4089461
262799731899,532,4,receive,262795673062,4058837
262799808369,150,3,receive,262795618193,4190176
262799808799,732,2,receive,262795691449,4117350
262799809267,824,3,receive,262795692714,4116553
262799809718,96,2,receive,262795614422,4195296
262799810172,28,2,receive,262795611132,4199040
262799810626,726,2,receive,262795581494,4229132
262799901770,380,3,receive,262795602080,4299690
262799902247,366,3,receive,262795617548,4284699
262799902707,36,2,receive,262795674391,4228316
262799903165,884,2,receive,262795726031,4177134
262799903617,542,3,receive,262795740080,4163537
262799904072,708,3,receive,262795712245,4191827
262799904525,562,2,receive,262795741669,4162856
262799904977,388,3,receive,262795648371,4256606
262799997286,434,1,receive,262795824114,4173172
262799997736,540,2,receive,262795717034,4280702
262799998199,354,5,receive,262795803308,4194891
262799998649,482,3,receive,262795802022,4196627
262799999098,742,2,receive,262795765337,4233761
262799999542,144,2,receive,262795742587,4256955
262799999983,50,4,receive,262795759005,4240978
262800094804,86,4,receive,262795886361,4208443
262800095251,950,3,receive,262795823548,4271703
262800095683,288,1,receive,262795894335,4201348
262800096130,858,3,receive,262795835454,4260676
262800096569,488,3,receive,262795880005,4216564
262800096995,828,2,receive,262795629094,4467901
262800097461,806,3,receive,262795875006,4222455
262800097916,106,3,receive,262795844017,4253899
262800213396,280,2,receive,262795900294,4313102
262800213826,42,4,receive,262795981065,4232761
262800214310,870,3,receive,262795984898,4229412
262800214747,586,5,receive,262795982010,4232737
262800215210,898,2,receive,262795965647,4249563
262800215665,8,3,receive,262795941273,4274392
262800216121,124,3,receive,262796003069,4213052
262800216568,994,3,receive,262795982009,4234559
262800335381,964,3,receive,262796067010,4268371
262800335841,556,4,receive,262795944683,4391158
262800336306,788,4,receive,262796076011,4260295
262800336754,698,3,receive,262796138587,4198167
262800337208,612,3,receive,262796045011,4292197
262800337658,996,2,receive,262795939006,4398652
262800338119,902,3,receive,262796030781,4307338
262800338564,560,1,receive,262796143039,4195525
262800440051,582,3,receive,262796209288,4230763
262800440516,760,3,receive,262796140830,4299686
262800440975,872,3,receive,262796177849,4263126
262800441445,52,4,receive,262796148948,4292497
262800441903,866,3,receive,262796204309,4237594
262800442390,218,4,receive,262796221993,4220397
262800442854,28,4,receive,262796240449,4202405
262800443323,178,4,receive,262796437692,4005631
262800443772,874,4,receive,262796406452,4037320
262800555081,34,6,receive,262796342277,4212804
262800555544,388,4,receive,262796438986,4116558
262800556004,362,3,receive,262796373356,4182648
262800556470,202,4,receive,262796383015,4173455
262800556946,14,4,receive,262796434017,4122929
262800557408,404,3,receive,262796415086,4142322
262800668527,606,3,receive,262796350008,4318519
262800668999,78,5,receive,262796443439,4225560
262800669465,114,3,receive,262796417119,4252346
262800669913,726,3,receive,262796454080,4215833
262800670368,170,4,receive,262796396475,4273893
262800670816,794,4,receive,262796451119,4219697
262800671272,810,5,receive,262796474630,4196642
262800752268,766,3,receive,262796518321,4233947
262800752720,826,3,receive,262796512092,4240628
262800753195,730,4,receive,262796464831,4288364
262800753641,922,4,receive,262796467330,4286311
262800754101,138,4,receive,262796502376,4251725
262800754556,592,4,receive,262796559765,4194791
262800755016,372,5,receive,262796504006,4251010
262800755474,868,3,receive,262796535962,4219512
262800755926,744,4,receive,262796702396,4053530
262800864729,848,4,receive,262796760009,4104720
262800865186,450,4,receive,262796776010,4089176
262800865625,940,4,receive,262796704519,4161106
262800866104,376,4,receive,262796700351,4165753
262800866565,904,3,receive,262796734213,4132352
262800887304,134,5,receive,262796627617,4259687
262800942038,162,5,receive,262796767761,4174277
262800942498,612,4,receive,262796703388,4239110
262800942945,48,3,receive,262796701084,4241861
262800943425,42,6,receive,262796741694,4201731
262800943888,140,4,receive,262796740007,4203881
262800944370,154,1,receive,262796807577,4136793
262800944836,814,5,receive,262796767230,4177606
