receive_timestamp,source_vehicle,message_id,event_type,send_timestamp,latency_us
263175066838,56,1,receive,263175053710,13128
263175067298,72,1,receive,263175053855,13443
263175067746,38,1,receive,263175054067,13679
263175068197,84,1,receive,263175054116,14081
263175068644,70,1,receive,263175054264,14380
263175069095,66,1,receive,263175054271,14824
263175069539,54,1,receive,263175054829,14710
263175083992,76,1,receive,263175055165,28827
263175084472,18,1,receive,263175055370,29102
263175084941,92,1,receive,263175055669,29272
263175085416,80,1,receive,263175056356,29060
263175085873,58,1,receive,263175057275,28598
263175086346,16,1,receive,263175057612,28734
263175086815,82,1,receive,263175057653,29162
263175095311,48,1,receive,263175058339,36972
263175095793,32,1,receive,263175058610,37183
263175096293,64,1,receive,263175059143,37150
263175096784,86,1,receive,263175059382,37402
263175105233,90,1,receive,263175059780,45453
263175105733,98,1,receive,263175059969,45764
263175110159,30,1,receive,263175060456,49703
263175110651,62,1,receive,263175061695,48956
263175111155,100,1,receive,263175062184,48971
263175111660,78,1,receive,263175063139,48521
263175112165,40,1,receive,263175067835,44330
263175112669,96,1,receive,263175070602,42067
263175118706,68,1,receive,263175072387,46319
263175118999,44,1,receive,263175072851,46148
263175119276,74,1,receive,263175074204,45072
263175119551,88,1,receive,263175083777,35774
263175156131,22,2,receive,263175154571,1560
263175164862,14,2,receive,263175164365,497
263175168120,98,2,receive,263175166048,2072
263175172011,90,2,receive,263175168631,3380
263175172625,82,2,receive,263175170026,2599
263175175215,4,2,receive,263175172017,3198
263175180888,38,2,receive,263175177925,2963
263175181408,12,2,receive,263175179539,1869
263175185496,60,2,receive,263175183337,2159
263175190440,84,2,receive,263175188848,1592
263175192383,28,2,receive,263175191536,847
263175195020,80,2,receive,263175192562,2458
263175195511,58,2,receive,263175192770,2741
263175204041,16,2,receive,263175194622,9419
263175204619,96,2,receive,263175195103,9516
263175205172,54,2,receive,263175196688,8484
263175205719,70,2,receive,263175197127,8592
263175206273,88,2,receive,263175198781,7492
263175206821,100,2,receive,263175200326,6495
263175207374,42,2,receive,263175201560,5814
263175207918,6,2,receive,263175201636,6282
263175216202,56,2,receive,263175204288,11914
263175216752,72,2,receive,263175205381,11371
263175222311,64,2,receive,263175211008,11303
263175222872,32,2,receive,263175211937,10935
263175227836,86,2,receive,263175214664,13172
263175233454,26,2,receive,263175216941,16513
263175234015,92,2,receive,263175217004,17011
263175234573,30,2,receive,263175217596,16977
263175235145,8,2,receive,263175217571,17574
263175235703,44,2,receive,263175224575,11128
263175239060,76,2,receive,263175236710,2350
263175239948,50,2,receive,263175239540,408
263175243533,10,2,receive,263175243124,409
263175248224,36,2,receive,263175244138,4086
263175248816,24,2,receive,263175245707,3109
263175253739,40,2,receive,263175248344,5395
263175254277,20,2,receive,263175249205,5072
263175254859,78,2,receive,263175249656,5203
263175255438,68,2,receive,263175253255,2183
263175256021,48,2,receive,263175253247,2774
263175260133,34,2,receive,263175256535,3598
263175262854,18,2,receive,263175262593,261
263175263532,66,2,receive,263175263023,509
263175266557,2,2,receive,263175266108,449
263175268987,62,2,receive,263175267094,1893
263175274056,52,2,receive,263175273578,478
263175275041,46,2,receive,263175274391,650
263175283404,74,2,receive,263175282470,934
263175284206,90,3,receive,263175283566,640
263175295927,12,3,receive,263175295528,399
263175300585,22,3,receive,263175300182,403
263175317860,100,3,receive,263175317261,599
263175318454,42,3,receive,263175317279,1175
263175326950,26,3,receive,263175326504,446
263175330331,58,3,receive,263175329943,388
263175332778,96,3,receive,263175332388,390
263175333890,86,3,receive,263175333518,372
263175334564,28,3,receive,263175332477,2087
263175342518,70,3,receive,263175335634,6884
263175344943,72,3,receive,263175343887,1056
263175345557,6,3,receive,263175344283,1274
263175349821,32,3,receive,263175349364,457
263175351239,98,3,receive,263175350666,573
263175353290,56,3,receive,263175352974,316
263175354680,54,3,receive,263175353890,790
263175355266,82,3,receive,263175353967,1299
263175359822,76,3,receive,263175355820,4002
263175360388,16,3,receive,263175359393,995
263175363082,14,3,receive,263175362698,384
263175368382,78,3,receive,263175367967,415
263175376044,24,3,receive,263175374828,1216
263175376669,4,3,receive,263175375315,1354
263175383073,18,3,receive,263175377422,5651
263175383689,88,3,receive,263175379862,3827
263175388731,40,3,receive,263175384012,4719
263175389350,60,3,receive,263175386707,2643
263175390038,48,3,receive,263175388134,1904
263175401631,84,3,receive,263175389473,12158
263175402057,68,3,receive,263175393575,8482
263175402468,38,3,receive,263175395192,7276
263175403181,30,3,receive,263175395692,7489
263175405370,46,3,receive,263175402447,2923
263175407200,74,3,receive,263175405778,1422
263175411441,80,3,receive,263175409214,2227
263175413818,8,3,receive,263175412065,1753
263175417038,66,3,receive,263175416425,613
263175424715,50,3,receive,263175420467,4248
263175425337,64,3,receive,263175422287,3050
263175429609,92,3,receive,263175428446,1163
263175430224,100,4,receive,263175428600,1624
263175432640,34,3,receive,263175430122,2518
263175440008,10,3,receive,263175433778,6230
263175440651,52,3,receive,263175433716,6935
263175441292,44,3,receive,263175434347,6945
263175441921,36,3,receive,263175434515,7406
263175442561,20,3,receive,263175439497,3064
263175452246,12,4,receive,263175450129,2117
263175453270,2,3,receive,263175452696,574
263175457660,26,4,receive,263175453876,3784
263175459783,98,4,receive,263175459214,569
263175470289,62,3,receive,263175468978,1311
263175476770,90,4,receive,263175474904,1866
263175478953,28,4,receive,263175477800,1153
263175481349,96,4,receive,263175480327,1022
263175490265,16,4,receive,263175489029,1236
263175499447,82,4,receive,263175496861,2586
263175507839,88,4,receive,263175504027,3812
263175508247,6,4,receive,263175504008,4239
263175511418,76,4,receive,263175510477,941
263175519814,32,4,receive,263175512989,6825
263175520262,72,4,receive,263175514470,5792
263175520694,22,4,receive,263175514591,6103
263175521137,86,4,receive,263175515173,5964
263175521559,70,4,receive,263175515271,6288
263175521985,54,4,receive,263175517810,4175
263175522419,74,4,receive,263175518568,3851
263175546056,46,4,receive,263175525682,20374
263175548060,42,4,receive,263175527631,20429
263175549288,68,4,receive,263175533028,16260
263175555532,34,4,receive,263175538969,16563
263175555976,24,4,receive,263175542064,13912
263175556424,4,4,receive,263175545881,10543
263175556873,18,4,receive,263175546319,10554
263175557323,58,4,receive,263175544208,13115
263175557763,92,4,receive,263175548347,9416
263175564477,78,4,receive,263175552124,12353
263175564890,48,4,receive,263175551248,13642
263175567331,38,4,receive,263175561271,6060
263175569544,56,4,receive,263175568253,1291
263175570993,14,4,receive,263175569558,1435
263175581325,62,4,receive,263175574613,6712
263175590054,84,4,receive,263175584124,5930
263175590854,100,5,receive,263175585624,5230
263175591275,40,4,receive,263175585753,5522
263175596055,66,4,receive,263175588187,7868
263175596468,36,4,receive,263175588643,7825
263175596877,60,4,receive,263175590230,6647
263175597298,50,4,receive,263175591476,5822
263175597712,80,4,receive,263175591787,5925
263175613038,20,4,receive,263175588615,24423
263175613479,10,4,receive,263175599197,14282
263175613916,64,4,receive,263175596883,17033
263175614354,28,5,receive,263175603554,10800
263175614783,52,4,receive,263175607258,7525
263175615218,8,4,receive,263175611059,4159
263175627819,96,5,receive,263175619428,8391
263175628239,30,4,receive,263175622072,6167
263175630647,44,4,receive,263175627561,3086
263175633435,82,5,receive,263175630669,2766
263175647807,22,5,receive,263175643443,4364
263175648243,26,5,receive,263175644865,3378
263175648662,54,5,receive,263175644970,3692
263175655391,98,5,receive,263175653743,1648
263175661988,90,5,receive,263175659638,2350
263175667401,2,4,receive,263175665402,1999
263175672051,12,5,receive,263175670912,1139
263175680099,76,5,receive,263175679011,1088
263175680716,34,5,receive,263175679570,1146
263175684584,78,5,receive,263175681744,2840
263175684991,88,5,receive,263175682123,2868
263175700139,16,5,receive,263175687294,12845
263175700605,4,5,receive,263175687211,13394
263175701047,32,5,receive,263175688940,12107
263175701474,70,5,receive,263175688980,12494
263175701943,74,5,receive,263175689618,12325
263175702382,6,5,receive,263175690531,11851
263175702838,92,5,receive,263175692074,10764
263175703266,46,5,receive,263175694353,8913
263175703686,72,5,receive,263175700100,3586
263175723053,58,5,receive,263175700461,22592
263175723690,86,5,receive,263175710872,12818
263175724280,40,5,receive,263175713118,11162
263175725730,20,5,receive,263175716397,9333
263175726377,42,5,receive,263175716809,9568
263175742599,24,5,receive,263175717006,25593
263175743307,100,6,receive,263175722268,21039
263175743876,48,5,receive,263175729014,14862
263175744509,68,5,receive,263175730275,14234
263175749300,62,5,receive,263175730317,18983
263175749943,18,5,receive,263175734130,15813
263175762827,66,5,receive,263175736503,26324
263175763463,50,5,receive,263175738307,25156
263175764112,82,6,receive,263175739225,24887
263175764696,52,5,receive,263175739648,25048
263175765329,84,5,receive,263175741346,23983
263175765964,10,5,receive,263175742775,23189
263175774621,80,5,receive,263175742784,31837
263175775271,30,5,receive,263175745408,29863
263175776243,56,5,receive,263175747324,28919
263175776881,8,5,receive,263175751006,25875
263175777523,38,5,receive,263175754315,23208
263175781330,44,5,receive,263175757891,23439
263175781972,14,5,receive,263175762387,19585
263175782679,28,6,receive,263175771192,11487
263175783329,22,6,receive,263175775311,8018
263175803864,64,5,receive,263175790012,13852
263175804512,78,6,receive,263175792403,12109
263175805160,36,5,receive,263175794366,10794
263175805807,2,5,receive,263175794349,11458
263175811333,46,6,receive,263175798016,13317
263175811990,16,6,receive,263175799292,12698
263175824299,98,6,receive,263175803363,20936
263175824962,60,5,receive,263175808905,16057
263175825628,54,6,receive,263175809736,15892
263175826293,96,6,receive,263175812674,13619
263175826958,32,6,receive,263175818350,8608
263175828165,72,6,receive,263175821011,7154
263175838630,86,6,receive,263175837076,1554
263175839284,34,6,receive,263175837768,1516
263175843244,26,6,receive,263175842537,707
263175849434,4,6,receive,263175846222,3212
263175852107,70,6,receive,263175849330,2777
263175855107,88,6,receive,263175853092,2015
263175866190,82,7,receive,263175860963,5227
263175866821,12,6,receive,263175862037,4784
263175867559,24,6,receive,263175865275,2284
263175870993,50,6,receive,263175867143,3850
263175871741,68,6,receive,263175867789,3952
263175872383,90,6,receive,263175870351,2032
263175873016,8,6,receive,263175871080,1936
263175882667,6,6,receive,263175875890,6777
263175883305,92,6,receive,263175876267,7038
263175884978,10,6,receive,263175880902,4076
263175886625,28,7,receive,263175881257,5368
263175888049,40,6,receive,263175886431,1618
263175891733,100,7,receive,263175889093,2640
263175897283,44,6,receive,263175893193,4090
263175897836,58,6,receive,263175893368,4468
263175901407,66,6,receive,263175897870,3537
263175902102,74,6,receive,263175898277,3825
263175902701,48,6,receive,263175898320,4381
263175903264,18,6,receive,263175901816,1448
263175916395,30,6,receive,263175903490,12905
263175916905,22,7,receive,263175906262,10643
263175917419,42,6,receive,263175906731,10688
263175918029,52,6,receive,263175909751,8278
263175927327,78,7,receive,263175913672,13655
263175927893,14,6,receive,263175915991,11902
263175928550,62,6,receive,263175918272,10278
263175937954,76,6,receive,263175920518,17436
263175939755,56,6,receive,263175920887,18868
263175945381,20,6,receive,263175921268,24113
263175945839,80,6,receive,263175921864,23975
263175946295,96,7,receive,263175935071,11224
263175946738,64,6,receive,263175935753,10985
263175947202,60,6,receive,263175938070,9132
263175947644,46,7,receive,263175939988,7656
263175950643,38,6,receive,263175940078,10565
263175951102,36,6,receive,263175948508,2594
263175958247,84,6,receive,263175955398,2849
263175971578,70,7,receive,263175970351,1227
263175986349,34,7,receive,263175984289,2060
263175989521,24,7,receive,263175985689,3832
263175992118,98,7,receive,263175991147,971
263175994571,2,6,receive,263175993968,603
263175996273,4,7,receive,263175995640,633
263176001857,82,8,receive,263175996809,5048
263176002289,54,7,receive,263176000794,1495
263176002729,6,7,receive,263176001310,1419
263176014120,88,7,receive,263176005449,8671
263176014562,50,7,receive,263176008990,5572
263176018829,16,7,receive,263176013426,5403
263176019298,18,7,receive,263176015544,3754
263176024938,72,7,receive,263176018338,6600
263176025381,48,7,receive,263176019275,6106
263176025813,8,7,receive,263176019993,5820
263176026277,12,7,receive,263176020779,5498
263176031696,86,7,receive,263176031152,544
263176033854,66,7,receive,263176031625,2229
263176034580,32,7,receive,263176033835,745
263176041343,20,7,receive,263176036068,5275
263176041782,92,7,receive,263176038677,3105
263176049759,26,7,receive,263176048089,1670
263176050511,78,8,receive,263176049759,752
263176058490,36,7,receive,263176053616,4874
263176058928,22,8,receive,263176054107,4821
263176059391,52,7,receive,263176056792,2599
263176064627,42,7,receive,263176060066,4561
263176067410,28,8,receive,263176060925,6485
263176067844,90,7,receive,263176064587,3257
263176072803,44,7,receive,263176066574,6229
263176073238,68,7,receive,263176069012,4226
263176073661,74,7,receive,263176070302,3359
263176078353,76,7,receive,263176074571,3782
263176080992,100,8,receive,263176079009,1983
263176083841,40,7,receive,263176081390,2451
263176084301,10,7,receive,263176081787,2514
263176109883,56,7,receive,263176100815,9068
263176110339,46,8,receive,263176102450,7889
263176110779,58,7,receive,263176105287,5492
263176111300,98,8,receive,263176107122,4178
263176117033,62,7,receive,263176111047,5986
263176117475,60,7,receive,263176113546,3929
263176129086,30,7,receive,263176116171,12915
263176129514,14,7,receive,263176119444,10070
263176129931,96,8,receive,263176121194,8737
263176130369,80,7,receive,263176124200,6169
263176130805,64,7,receive,263176124601,6204
263176131258,84,7,receive,263176127914,3344
263176138559,38,7,receive,263176134791,3768
263176144205,4,8,receive,263176142202,2003
263176145865,20,8,receive,263176143743,2122
263176149942,2,7,receive,263176147956,1986
263176153785,32,8,receive,263176151733,2052
263176161519,16,8,receive,263176157005,4514
263176164174,88,8,receive,263176160839,3335
263176171943,70,8,receive,263176168008,3935
263176172401,82,9,receive,263176168011,4390
263176172831,66,8,receive,263176169872,2959
263176177924,42,8,receive,263176170072,7852
263176196168,72,8,receive,263176174012,22156
263176196580,22,9,receive,263176175520,21060
263176196983,78,9,receive,263176175505,21478
263176197405,50,8,receive,263176176567,20838
263176197883,48,8,receive,263176181012,16871
263176199775,90,8,receive,263176183009,16766
263176200258,24,8,receive,263176183862,16396
263176200705,100,9,receive,263176188115,12590
263176213206,92,8,receive,263176188377,24829
263176213652,26,8,receive,263176193378,20274
263176216089,18,8,receive,263176193865,22224
263176216492,40,8,receive,263176202315,14177
263176216913,6,8,receive,263176202382,14531
263176217348,36,8,receive,263176205008,12340
263176217810,34,8,receive,263176205274,12536
263176218244,54,8,receive,263176208063,10181
263176229494,68,8,receive,263176214013,15481
263176230242,12,8,receive,263176214080,16162
263176230670,76,8,receive,263176219189,11481
263176231109,58,8,receive,263176219896,11213
263176231537,8,8,receive,263176223128,8409
263176231961,46,9,receive,263176229445,2516
263176242192,28,9,receive,263176241408,784
263176251249,44,8,receive,263176233142,18107
263176251674,86,8,receive,263176243497,8177
263176252116,38,8,receive,263176246556,5560
263176257226,30,8,receive,263176252253,4973
263176267214,74,8,receive,263176264223,2991
263176267661,52,8,receive,263176265234,2427
263176275822,56,8,receive,263176270217,5605
263176276267,84,8,receive,263176271218,5049
263176278076,80,8,receive,263176274414,3662
263176282892,14,8,receive,263176279487,3405
263176285642,20,9,receive,263176282590,3052
263176289119,10,8,receive,263176287465,1654
263176294120,60,8,receive,263176291176,2944
263176294528,82,10,receive,263176291960,2568
263176297784,100,10,receive,263176294514,3270
263176307595,66,9,receive,263176296400,11195
263176308024,98,9,receive,263176297232,10792
263176308440,92,9,receive,263176302132,6308
263176308867,48,9,receive,263176302336,6531
263176309290,64,8,receive,263176296773,12517
263176317391,26,9,receive,263176307295,10096
263176318711,42,9,receive,263176309465,9246
263176319157,62,8,receive,263176309886,9271
263176319580,72,9,receive,263176315315,4265
263176320014,22,10,receive,263176317548,2466
263176320435,24,9,receive,263176317799,2636
263176334874,2,8,receive,263176321135,13739
263176335340,32,9,receive,263176324478,10862
263176335801,36,9,receive,263176324967,10834
263176342594,16,9,receive,263176328820,13774
263176343040,4,9,receive,263176329767,13273
263176343472,8,9,receive,263176330961,12511
263176343902,96,9,receive,263176337348,6554
263176344365,78,10,receive,263176340013,4352
263176349672,6,9,receive,263176348439,1233
263176351039,88,9,receive,263176349539,1500
263176363937,90,9,receive,263176361141,2796
263176364388,70,9,receive,263176363081,1307
263176369424,34,9,receive,263176368230,1194
263176376109,68,9,receive,263176374419,1690
263176378856,40,9,receive,263176378245,611
263176385395,50,9,receive,263176383272,2123
263176395485,54,9,receive,263176390874,4611
263176395928,46,10,receive,263176391547,4381
263176399617,18,9,receive,263176397193,2424
263176403399,80,9,receive,263176401873,1526
263176406964,82,11,receive,263176404559,2405
263176412546,10,9,receive,263176410458,2088
263176415011,30,9,receive,263176413140,1871
263176416959,76,9,receive,263176415307,1652
263176426953,14,9,receive,263176416685,10268
263176427633,12,9,receive,263176417169,10464
263176428308,56,9,receive,263176420388,7920
263176428978,86,9,receive,263176420667,8311
263176432070,58,9,receive,263176425703,6367
263176435983,32,10,receive,263176432367,3616
263176436646,74,9,receive,263176433094,3552
263176440492,60,9,receive,263176433569,6923
263176441151,44,9,receive,263176433542,7609
263176445142,98,10,receive,263176440909,4233
263176445800,52,9,receive,263176443422,2378
263176452638,28,10,receive,263176445821,6817
263176453302,92,10,receive,263176446296,7006
263176453962,2,9,receive,263176446545,7417
263176462234,38,9,receive,263176447797,14437
263176462891,84,9,receive,263176454895,7996
263176463546,96,10,receive,263176456388,7158
263176464212,22,11,receive,263176458010,6202
263176476680,20,10,receive,263176465107,11573
263176477131,36,10,receive,263176467013,10118
263176490237,4,10,receive,263176488192,2045
263176491294,64,9,receive,263176490740,554
263176495345,34,10,receive,263176493485,1860
263176500077,42,10,receive,263176498009,2068
263176506014,62,9,receive,263176500390,5624
263176511138,100,11,receive,263176500966,10172
263176511801,66,10,receive,263176503203,8598
263176516162,70,10,receive,263176505514,10648
263176516825,72,10,receive,263176506056,10769
263176520242,8,10,receive,263176506755,13487
263176520911,26,10,receive,263176511944,8967
263176523306,24,10,receive,263176519370,3936
263176527134,48,10,receive,263176524578,2556
263176529535,14,10,receive,263176527483,2052
263176532158,78,11,receive,263176530082,2076
263176538611,6,10,receive,263176536239,2372
263176542887,16,10,receive,263176540082,2805
263176549948,54,10,receive,263176543248,6700
263176550411,56,10,receive,263176544409,6002
263176556697,30,10,receive,263176554493,2204
263176557496,60,10,receive,263176554493,3003
263176560152,40,10,receive,263176556781,3371
263176560789,58,10,receive,263176557729,3060
263176576382,68,10,receive,263176561163,15219
263176576920,88,10,receive,263176563283,13637
263176577530,10,10,receive,263176565074,12456
263176578115,90,10,receive,263176565383,12732
263176578547,46,11,receive,263176568321,10226
263176578973,18,10,receive,263176568647,10326
263176579415,86,10,receive,263176572989,6426
263176603210,84,10,receive,263176576412,26798
263176603640,38,10,receive,263176576737,26903
263176604077,28,11,receive,263176579337,24740
263176604576,20,11,receive,263176582064,22512
263176605076,2,10,receive,263176585252,19824
263176605565,80,10,receive,263176585763,19802
263176606071,12,10,receive,263176579267,26804
263176606567,52,10,receive,263176590132,16435
263176620912,74,10,receive,263176598098,22814
263176622593,50,10,receive,263176598771,23822
263176623172,82,12,receive,263176598924,24248
263176623598,44,10,receive,263176599822,23776
263176624029,76,10,receive,263176607007,17022
263176635424,4,11,receive,263176608403,27021
263176635853,72,11,receive,263176614007,21846
263176641858,96,11,receive,263176621094,20764
263176642514,42,11,receive,263176623950,18564
263176643128,92,11,receive,263176624765,18363
263176643556,22,12,receive,263176625772,17784
263176643983,32,11,receive,263176628154,15829
263176644415,24,11,receive,263176629629,14786
263176644857,62,10,receive,263176624352,20505
263176661615,98,11,receive,263176639466,22149
263176662052,64,10,receive,263176649903,12149
263176662486,36,11,receive,263176650155,12331
263176662917,54,11,receive,263176657063,5854
263176694482,26,11,receive,263176678123,16359
263176695236,56,11,receive,263176679237,15999
263176695678,46,12,receive,263176680785,14893
263176696277,34,11,receive,263176680786,15491
263176697016,66,11,receive,263176682710,14306
263176697603,100,12,receive,263176693897,3706
263176709515,90,11,receive,263176694855,14660
263176710186,18,11,receive,263176695463,14723
263176710832,6,11,receive,263176696602,14230
263176711484,28,12,receive,263176699759,11725
263176721992,48,11,receive,263176701607,20385
263176722643,88,11,receive,263176701947,20696
263176742017,70,11,receive,263176702101,39916
263176742496,14,11,receive,263176702275,40221
263176743147,16,11,receive,263176706500,36647
263176743793,44,11,receive,263176708983,34810
263176744444,8,11,receive,263176714010,30434
263176764156,76,11,receive,263176719073,45083
263176764762,78,12,receive,263176729267,35495
263176765458,30,11,receive,263176729690,35768
263176766091,22,13,receive,263176734237,31854
263176766738,82,13,receive,263176736335,30403
263176778393,10,11,receive,263176737270,41123
263176779050,38,11,receive,263176734549,44501
263176779478,58,11,receive,263176738784,40694
263176779904,12,11,receive,263176740061,39843
263176780498,80,11,receive,263176742249,38249
263176781010,84,11,receive,263176744794,36216
263176781441,96,12,receive,263176753916,27525
263176801281,42,12,receive,263176755224,46057
263176801927,68,11,receive,263176755625,46302
263176802579,40,11,receive,263176756927,45652
263176804140,24,12,receive,263176761823,42317
263176804787,72,12,receive,263176763281,41506
263176815310,50,11,receive,263176763813,51497
263176815807,20,12,receive,263176765008,50799
263176816239,92,12,receive,263176771667,44572
263176816669,98,12,receive,263176781490,35179
263176817102,86,11,receive,263176782667,34435
263176817530,60,11,receive,263176773807,43723
263176817958,52,11,receive,263176788073,29885
263176818526,36,12,receive,263176789927,28599
263176836220,62,11,receive,263176791933,44287
263176836869,74,11,receive,263176793184,43685
263176837725,54,12,receive,263176794458,43267
263176838379,2,11,receive,263176798590,39789
263176839037,64,11,receive,263176802898,36139
263176839691,4,12,receive,263176807061,32630
263176851844,46,13,receive,263176810012,41832
263176856629,26,12,receive,263176815160,41469
263176857611,32,12,receive,263176819320,38291
263176858049,88,12,receive,263176824072,33977
263176858482,6,12,receive,263176828724,29758
263176858908,76,12,receive,263176833006,25902
263176859350,16,12,receive,263176837099,22251
263176859775,28,13,receive,263176842192,17583
263176860234,14,12,receive,263176845313,14921
263176860656,12,12,receive,263176852123,8533
263176861091,56,12,receive,263176854191,6900
263176865714,82,14,receive,263176863841,1873
263176868948,66,12,receive,263176867592,1356
263176876324,72,13,receive,263176874397,1927
263176880047,30,12,receive,263176876534,3513
263176880510,48,12,receive,263176876504,4006
263176880955,100,13,receive,263176876596,4359
263176881411,20,13,receive,263176876780,4631
263176889253,34,12,receive,263176881647,7606
263176889847,42,13,receive,263176887160,2687
263176904350,18,12,receive,263176889322,15028
263176904799,8,12,receive,263176890930,13869
263176905264,24,13,receive,263176893538,11726
263176905716,70,12,receive,263176894532,11184
263176906183,52,12,receive,263176895264,10919
263176906650,58,12,receive,263176898414,8236
263176920792,40,12,receive,263176908005,12787
263176921259,44,12,receive,263176908568,12691
263176921714,68,12,receive,263176909679,12035
263176922180,96,13,receive,263176910154,12026
263176922648,10,12,receive,263176912165,10483
263176923113,90,12,receive,263176915669,7444
263176923568,22,14,receive,263176916079,7489
263176937937,78,13,receive,263176919861,18076
263176939403,54,13,receive,263176925582,13821
263176939865,64,12,receive,263176925534,14331
263176940333,80,12,receive,263176926406,13927
263176940789,60,12,receive,263176927363,13426
263176941285,36,13,receive,263176929265,12020
263176941738,62,12,receive,263176936429,5309
263176954421,26,13,receive,263176937956,16465
263176954857,86,12,receive,263176942806,12051
263176955323,38,12,receive,263176946188,9135
263176955775,84,12,receive,263176951018,4757
263176963415,92,13,receive,263176961268,2147
263176974616,28,14,receive,263176972783,1833
263176976939,50,12,receive,263176975330,1609
263176980966,6,13,receive,263176979286,1680
263176985796,16,13,receive,263176983301,2495
263176986232,74,12,receive,263176984789,1443
263176994519,42,14,receive,263176988355,6164
263176994949,2,12,receive,263176989294,5655
263176995407,76,13,receive,263176991560,3847
263176995851,20,14,receive,263176994064,1787
263177004142,98,13,receive,263176997867,6275
263177004632,46,14,receive,263176998014,6618
263177008274,56,13,receive,263177007577,697
263177013420,12,13,receive,263177009534,3886
263177014431,8,13,receive,263177013534,897
263177023215,4,13,receive,263177021439,1776
263177024607,24,14,receive,263177023484,1123
263177027929,10,13,receive,263177025802,2127
263177034729,90,13,receive,263177028114,6615
263177035172,40,13,receive,263177029199,5973
263177039020,32,13,receive,263177029520,9500
263177039472,22,15,receive,263177030630,8842
263177039999,64,13,receive,263177034074,5925
263177040515,88,13,receive,263177035291,5224
263177040983,82,15,receive,263177038006,2977
263177054118,34,13,receive,263177039510,14608
263177054553,80,13,receive,263177039705,14848
263177054994,14,13,receive,263177044604,10390
263177068134,70,13,receive,263177050018,18116
263177068551,86,13,receive,263177056409,12142
263177068982,54,14,receive,263177056803,12179
263177069422,44,13,receive,263177057228,12194
263177069853,60,13,receive,263177062124,7729
263177070298,48,13,receive,263177065673,4625
263177072413,66,13,receive,263177070711,1702
263177076884,30,13,receive,263177074834,2050
263177081168,100,14,receive,263177080507,661
263177097365,96,14,receive,263177095518,1847
263177097804,36,14,receive,263177096272,1532
263177102197,58,13,receive,263177097675,4522
263177110087,52,13,receive,263177101399,8688
263177110521,18,13,receive,263177104969,5552
263177110963,72,14,receive,263177106921,4042
263177121141,68,13,receive,263177113368,7773
263177121594,50,13,receive,263177114695,6899
263177122486,92,14,receive,263177121668,818
263177133781,98,14,receive,263177125366,8415
263177134231,28,15,receive,263177126453,7778
263177134660,62,13,receive,263177129011,5649
263177139444,78,14,receive,263177131501,7943
263177139871,12,14,receive,263177134670,5201
263177140326,56,14,receive,263177135185,5141
263177140774,84,13,receive,263177135221,5553
263177141232,38,13,receive,263177135258,5974
263177155048,20,15,receive,263177137125,17923
263177155497,16,14,receive,263177138805,16692
263177155942,40,14,receive,263177148681,7261
263177156391,4,14,receive,263177151403,4988
263177163880,74,13,receive,263177158858,5022
263177164342,10,14,receive,263177139256,25086
263177168296,42,15,receive,263177162445,5851
263177168720,76,14,receive,263177163120,5600
263177171137,26,14,receive,263177164353,6784
263177175136,60,14,receive,263177174138,998
263177179581,80,14,receive,263177177064,2517
263177185940,6,14,receive,263177185011,929
263177190926,46,15,receive,263177189247,1679
263177191668,34,14,receive,263177189411,2257
263177192140,2,13,receive,263177191356,784
263177205111,86,14,receive,263177203461,1650
263177209081,70,14,receive,263177207753,1328
263177210440,82,16,receive,263177209458,982
263177213455,32,14,receive,263177212789,666
263177216494,14,14,receive,263177214631,1863
263177219042,36,15,receive,263177216913,2129
263177227381,22,16,receive,263177226078,1303
263177230289,8,14,receive,263177227424,2865
263177230786,96,15,receive,263177228970,1816
263177231245,88,14,receive,263177229363,1882
263177231688,68,14,receive,263177230244,1444
263177232163,54,15,receive,263177231549,614
263177246761,48,14,receive,263177232624,14137
263177247223,90,14,receive,263177235349,11874
263177247668,24,15,receive,263177235418,12250
263177248116,72,15,receive,263177238894,9222
263177248567,64,14,receive,263177241130,7437
263177249028,52,14,receive,263177241555,7473
263177264256,58,14,receive,263177246571,17685
263177264723,30,14,receive,263177248015,16708
263177265199,100,15,receive,263177250005,15194
263177271043,20,16,receive,263177250064,20979
263177276612,44,14,receive,263177258492,18120
263177277047,12,15,receive,263177260210,16837
263177277486,84,14,receive,263177260564,16922
263177277918,98,15,receive,263177256418,21500
263177286397,50,14,receive,263177263560,22837
263177286837,40,15,receive,263177267538,19299
263177287264,92,15,receive,263177271121,16143
263177287673,66,14,receive,263177273010,14663
263177291725,56,15,receive,263177260201,31524
263177306773,76,15,receive,263177297063,9710
263177307216,28,16,receive,263177296995,10221
263177309543,18,14,receive,263177307885,1658
263177313706,16,15,receive,263177313059,647
263177325666,86,15,receive,263177323576,2090
263177327653,10,15,receive,263177326171,1482
263177330205,62,14,receive,263177328318,1887
263177335638,6,15,receive,263177333654,1984
263177340289,38,14,receive,263177337437,2852
263177344333,88,15,receive,263177343124,1209
263177349556,78,15,receive,263177348428,1128
263177352032,4,15,receive,263177350014,2018
263177358685,60,15,receive,263177353042,5643
263177359126,74,14,receive,263177355938,3188
263177361467,26,15,receive,263177359235,2232
263177361884,36,16,receive,263177359720,2164
263177371459,14,15,receive,263177362173,9286
263177371927,46,16,receive,263177362351,9576
263177372371,52,15,receive,263177368537,3834
263177387633,72,16,receive,263177371622,16011
263177388131,42,16,receive,263177373774,14357
263177388593,58,15,receive,263177374281,14312
263177389060,80,15,receive,263177374673,14387
263177389517,68,15,receive,263177377180,12337
263177389977,12,16,receive,263177379006,10971
263177397096,34,15,receive,263177379644,17452
263177397520,54,16,receive,263177384692,12828
263177397937,22,17,receive,263177384796,13141
263177399924,70,15,receive,263177390794,9130
263177401946,82,17,receive,263177400123,1823
263177405405,2,14,receive,263177401062,4343
263177407115,40,16,receive,263177401332,5783
263177407514,30,15,receive,263177405406,2108
263177413221,96,16,receive,263177411175,2046
263177413646,24,16,receive,263177412786,860
263177418292,100,16,receive,263177415726,2566
263177424880,56,16,receive,263177423783,1097
263177428318,44,15,receive,263177427788,530
263177430797,32,15,receive,263177428417,2380
263177435307,48,15,receive,263177432370,2937
263177435744,20,17,receive,263177434393,1351
263177438326,64,15,receive,263177436077,2249
263177438732,90,15,receive,263177436504,2228
263177439145,62,15,receive,263177437628,1517
263177445900,66,15,receive,263177439189,6711
263177446314,8,15,receive,263177442660,3654
263177449128,18,15,receive,263177447579,1549
263177452919,28,17,receive,263177450005,2914
263177453328,98,16,receive,263177451061,2267
263177460275,84,15,receive,263177457551,2724
263177460696,92,16,receive,263177457794,2902
263177461107,76,16,receive,263177458569,2538
263177466051,50,15,receive,263177459786,6265
263177474875,10,16,receive,263177468559,6316
263177479411,4,16,receive,263177478735,676
263177482932,16,16,receive,263177481504,1428
263177492994,86,16,receive,263177491494,1500
263177496234,22,18,receive,263177493501,2733
263177498738,68,16,receive,263177496730,2008
263177499177,46,17,receive,263177496890,2287
263177507513,74,15,receive,263177502695,4818
263177508329,26,16,receive,263177504503,3826
263177508738,34,16,receive,263177507578,1160
263177516110,24,17,receive,263177513784,2326
263177516562,70,16,receive,263177514728,1834
263177517016,36,17,receive,263177515468,1548
263177528010,80,16,receive,263177517839,10171
263177528445,88,16,receive,263177515401,13044
263177528881,82,18,receive,263177524896,3985
263177534087,96,17,receive,263177532989,1098
263177542258,40,17,receive,263177539647,2611
263177542700,60,16,receive,263177539829,2871
263177543138,6,16,receive,263177542101,1037
263177548542,2,15,receive,263177545207,3335
263177554297,14,16,receive,263177549597,4700
263177555031,38,15,receive,263177550095,4936
263177555707,54,17,receive,263177552639,3068
263177560689,58,16,receive,263177554561,6128
263177561357,78,16,receive,263177555012,6345
263177562018,52,16,receive,263177556998,5020
263177571529,98,17,receive,263177562724,8805
263177572216,64,16,receive,263177566564,5652
263177572872,30,16,receive,263177569864,3008
263177578923,20,18,receive,263177571658,7265
263177579593,44,16,receive,263177573480,6113
263177582822,42,17,receive,263177582187,635
263177588827,56,17,receive,263177585190,3637
263177589617,72,17,receive,263177585286,4331
263177591525,12,17,receive,263177590930,595
263177595802,100,17,receive,263177595288,514
263177604308,66,16,receive,263177603081,1227
263177607535,90,16,receive,263177606212,1323
263177620240,86,17,receive,263177613368,6872
263177620896,18,16,receive,263177616325,4571
263177625349,68,17,receive,263177623862,1487
263177627059,76,17,receive,263177626535,524
263177631682,92,17,receive,263177628820,2862
263177632335,48,16,receive,263177630355,1980
263177643791,34,17,receive,263177639711,4080
263177645826,50,16,receive,263177640408,5418
263177646463,74,16,receive,263177643702,2761
263177650336,24,18,receive,263177644398,5938
263177650995,32,16,receive,263177645062,5933
263177654061,62,16,receive,263177653401,660
263177659722,40,18,receive,263177657104,2618
263177660489,8,16,receive,263177659258,1231
263177671981,10,17,receive,263177662528,9453
263177672662,88,17,receive,263177662558,10104
263177673247,28,18,receive,263177664178,9069
263177673899,4,17,receive,263177668697,5202
263177679948,70,17,receive,263177672441,7507
263177680606,36,18,receive,263177674072,6534
263177681259,16,17,receive,263177678709,2550
263177688110,22,19,receive,263177682766,5344
263177688575,84,16,receive,263177683225,5350
263177694720,60,17,receive,263177693587,1133
263177698678,46,18,receive,263177695612,3066
263177699293,26,17,receive,263177698764,529
263177704472,96,18,receive,263177699820,4652
263177714645,80,17,receive,263177714081,564
263177717429,14,17,receive,263177716087,1342
263177724059,38,16,receive,263177717795,6264
263177724652,64,17,receive,263177717907,6745
263177725279,6,17,receive,263177719978,5301
263177725900,52,17,receive,263177723172,2728
263177734634,20,19,receive,263177723841,10793
263177735262,98,18,receive,263177725496,9766
263177735882,54,18,receive,263177729558,6324
263177738925,82,19,receive,263177738153,772
263177744200,30,17,receive,263177740442,3758
263177750488,78,17,receive,263177748244,2244
263177752451,68,18,receive,263177748493,3958
263177753791,18,17,receive,263177753219,572
263177759259,44,17,receive,263177755251,4008
263177759895,58,17,receive,263177756502,3393
263177760533,24,19,receive,263177756899,3634
263177763350,2,16,receive,263177761554,1796
263177774756,92,18,receive,263177769831,4925
263177775387,90,17,receive,263177770927,4460
263177777019,86,18,receive,263177771808,5211
263177779209,76,18,receive,263177777149,2060
263177779841,56,18,receive,263177778664,1177
263177784483,66,17,receive,263177783691,792
263177795830,42,18,receive,263177788187,7643
263177796756,28,19,receive,263177789131,7625
263177802676,100,18,receive,263177795535,7141
263177803130,62,17,receive,263177795786,7344
263177803758,50,17,receive,263177798939,4819
263177804390,72,18,receive,263177799161,5229
263177805018,16,18,receive,263177799816,5202
263177821711,4,18,receive,263177806357,15354
263177822142,12,18,receive,263177808817,13325
263177822557,84,17,receive,263177810557,12000
263177822975,34,18,receive,263177811024,11951
263177823390,8,17,receive,263177815668,7722
263177823806,40,19,receive,263177818312,5494
263177824322,32,17,receive,263177819653,4669
263177840419,60,18,receive,263177826468,13951
263177840879,48,17,receive,263177830011,10868
263177841303,10,18,receive,263177835094,6209
263177841727,74,17,receive,263177840008,1719
263177853042,54,19,receive,263177843011,10031
263177853474,46,19,receive,263177846282,7192
263177854272,80,18,receive,263177847581,6691
263177854921,20,20,receive,263177848069,6852
263177855574,14,18,receive,263177853565,2009
263177861489,82,20,receive,263177860716,773
263177870428,88,18,receive,263177862293,8135
263177871071,6,18,receive,263177862986,8085
263177871550,70,18,receive,263177861351,10199
263177891460,68,19,receive,263177876892,14568
263177892121,52,18,receive,263177877348,14773
263177892798,22,20,receive,263177880549,12249
263177893429,18,18,receive,263177881498,11931
263177894084,36,19,receive,263177882821,11263
263177894734,30,18,receive,263177883195,11539
263177908764,90,18,receive,263177892510,16254
263177909343,44,18,receive,263177893017,16326
263177909768,26,18,receive,263177896050,13718
263177910199,96,19,receive,263177896474,13725
263177915219,42,19,receive,263177911383,3836
263177915874,62,18,receive,263177914554,1320
263177923437,58,18,receive,263177921423,2014
263177928257,72,19,receive,263177925971,2286
263177931967,64,18,receive,263177929962,2005
263177934411,86,19,receive,263177932500,1911
263177946466,78,18,receive,263177941767,4699
263177947967,12,19,receive,263177943912,4055
263177948604,74,18,receive,263177946492,2112
263177953041,4,19,receive,263177949756,3285
263177954705,98,19,receive,263177950431,4274
263177955358,38,17,receive,263177953007,2351
263177956016,54,20,receive,263177953390,2626
263177966189,2,17,receive,263177956785,9404
263177966848,24,20,receive,263177962071,4777
263177967505,32,18,receive,263177962351,5154
263177990665,40,20,receive,263177974087,16578
263177991336,84,18,receive,263177977174,14162
263177991999,66,18,receive,263177978250,13749
263177992666,56,19,receive,263177978468,14198
263177993336,8,18,receive,263177978860,14476
263177993997,10,19,receive,263177982927,11070
263178011618,92,19,receive,263177988342,23276
263178012285,80,19,receive,263177988511,23774
263178013837,28,20,receive,263177989843,23994
263178014494,48,18,receive,263177990007,24487
263178027232,22,21,receive,263177994112,33120
263178027891,70,19,receive,263177997481,30410
263178028535,50,18,receive,263177999013,29522
263178032033,16,19,receive,263177999464,32569
263178032662,100,19,receive,263178002813,29849
263178035385,6,19,receive,263178010155,25230
263178040217,76,19,receive,263177998664,41553
263178040878,30,19,receive,263178012763,28115
263178041539,34,19,receive,263178010320,31219
263178042200,82,21,receive,263178017437,24763
263178042855,42,20,receive,263178024792,18063
263178049630,90,19,receive,263178023362,26268
263178054168,68,20,receive,263178031059,23109
263178055226,60,19,receive,263178022438,32788
263178055883,46,20,receive,263178035351,20532
263178056545,88,19,receive,263178035752,20793
263178062075,14,19,receive,263178037592,24483
263178062734,20,21,receive,263178039006,23728
263178063396,18,19,receive,263178039320,24076
263178067828,52,19,receive,263178047065,20763
263178068466,96,20,receive,263178050031,18435
263178071131,62,19,receive,263178054005,17126
263178071785,78,19,receive,263178060589,11196
263178072446,2,18,receive,263178063502,8944
263178073098,98,20,receive,263178066457,6641
263178077615,24,21,receive,263178074923,2692
263178092230,44,19,receive,263178083812,8418
263178092885,4,20,receive,263178084453,8432
263178093541,72,20,receive,263178085837,7704
263178094202,26,19,receive,263178088977,5225
263178098505,36,20,receive,263178097099,1406
263178109035,22,22,receive,263178106937,2098
263178118051,70,20,receive,263178115367,2684
263178122838,6,20,receive,263178120306,2532
263178130724,92,20,receive,263178124606,6118
263178131569,12,20,receive,263178125794,5775
263178132056,38,18,receive,263178129363,2693
263178139855,42,21,receive,263178130789,9066
263178140298,58,19,receive,263178129613,10685
263178140730,86,20,receive,263178134189,6541
263178141177,30,20,receive,263178137429,3748
263178141609,64,19,receive,263178138722,2887
263178159063,54,21,receive,263178144527,14536
263178160538,90,20,receive,263178144891,15647
263178160982,50,19,receive,263178146005,14977
263178161424,80,20,receive,263178152152,9272
263178170737,16,20,receive,263178152534,18203
263178171192,20,22,receive,263178153296,17896
263178171636,14,20,receive,263178156249,15387
263178174544,74,19,receive,263178159310,15234
263178174971,8,19,receive,263178159874,15097
263178185859,40,21,receive,263178162041,23818
263178186560,18,20,receive,263178162177,24383
263178186989,82,22,receive,263178170014,16975
263178187422,84,19,receive,263178170434,16988
263178195894,60,20,receive,263178173090,22804
263178196350,66,19,receive,263178175662,20688
263178196780,48,19,receive,263178177466,19314
263178209825,88,20,receive,263178179499,30326
263178210277,56,20,receive,263178185032,25245
263178210721,34,20,receive,263178186006,24715
263178211184,100,20,receive,263178187411,23773
263178211638,98,21,receive,263178188787,22851
263178212086,32,19,receive,263178189999,22087
263178215817,28,21,receive,263178190335,25482
263178225477,10,20,receive,263178191292,34185
263178226409,78,20,receive,263178191659,34750
263178226842,52,20,receive,263178195110,31732
263178227679,24,22,receive,263178197257,30422
263178228108,68,21,receive,263178212123,15985
263178228541,96,21,receive,263178213895,14646
263178228971,76,20,receive,263178214844,14127
263178229409,46,21,receive,263178219768,9641
263178233012,22,23,receive,263178225356,7656
263178233450,62,20,receive,263178226843,6607
263178249668,4,21,receive,263178245681,3987
263178250117,2,19,receive,263178246294,3823
263178259727,86,21,receive,263178254578,5149
263178260185,26,20,receive,263178255718,4467
263178261884,36,21,receive,263178260247,1637
263178269140,72,21,receive,263178266091,3049
263178274153,44,20,receive,263178271646,2507
263178287582,38,19,receive,263178286885,697
263178293807,8,20,receive,263178291595,2212
263178296671,18,21,receive,263178295583,1088
263178302860,40,22,receive,263178299535,3325
263178303317,42,22,receive,263178301232,2085
263178309058,88,21,receive,263178304575,4483
263178309501,80,21,receive,263178304611,4890
263178312546,30,21,receive,263178311471,1075
263178318574,92,21,receive,263178314094,4480
263178319094,84,20,receive,263178314735,4359
263178324632,70,21,receive,263178316271,8361
263178325049,6,21,receive,263178316987,8062
263178330346,10,21,receive,263178320430,9916
263178330755,50,20,receive,263178323978,6777
263178331178,58,20,receive,263178324582,6596
263178331607,60,21,receive,263178327819,3788
263178334476,76,21,receive,263178332376,2100
263178337754,20,23,receive,263178335166,2588
263178340263,82,23,receive,263178338670,1593
263178346076,16,21,receive,263178341541,4535
263178346520,90,21,receive,263178342620,3900
263178346930,54,22,receive,263178343609,3321
263178352474,64,20,receive,263178345226,7248
263178356008,14,21,receive,263178349360,6648
263178356415,12,21,receive,263178350138,6277
263178362072,24,23,receive,263178360288,1784
263178364071,62,21,receive,263178360343,3728
263178367140,34,21,receive,263178364756,2384
263178368920,56,21,receive,263178364846,4074
263178369357,46,22,receive,263178365206,4151
263178369778,74,20,receive,263178365725,4053
263178375184,100,21,receive,263178372904,2280
263178376494,52,21,receive,263178375371,1123
263178378539,28,22,receive,263178377273,1266
263178380938,78,21,receive,263178379520,1418
263178381389,48,20,receive,263178379967,1422
263178386463,66,20,receive,263178381860,4603
263178390391,98,22,receive,263178388345,2046
263178390818,96,22,receive,263178386202,4616
263178400864,32,20,receive,263178399426,1438
263178408658,44,21,receive,263178404951,3707
263178409115,86,22,receive,263178407277,1838
263178425136,72,22,receive,263178419959,5177
263178425573,22,24,receive,263178422364,3209
263178427229,8,21,receive,263178425922,1307
263178434269,70,22,receive,263178429979,4290
263178434875,68,22,receive,263178432800,2075
263178445225,58,21,receive,263178433463,11762
263178456245,50,21,receive,263178435165,21080
263178456889,4,22,receive,263178437429,19460
263178457543,92,22,receive,263178438495,19048
263178458201,2,20,receive,263178451573,6628
263178460543,80,22,receive,263178455447,5096
263178479306,64,21,receive,263178458068,21238
263178479964,40,23,receive,263178460761,19203
263178480618,6,22,receive,263178463912,16706
263178485208,12,22,receive,263178468120,17088
263178486092,38,20,receive,263178470674,15418
263178486741,54,23,receive,263178471070,15671
263178506382,26,21,receive,263178471189,35193
263178506951,18,22,receive,263178467331,39620
263178507590,84,21,receive,263178474133,33457
263178508241,36,22,receive,263178474177,34064
263178508890,88,22,receive,263178477114,31776
263178528543,14,22,receive,263178481076,47467
263178529150,42,23,receive,263178485013,44137
263178529795,60,22,receive,263178492095,37700
263178530450,30,22,receive,263178498073,32377
263178531106,78,22,receive,263178506188,24918
263178531756,46,23,receive,263178513363,18393
263178552367,20,24,receive,263178515181,37186
263178556278,82,24,receive,263178515246,41032
263178561730,76,22,receive,263178519256,42474
263178562334,90,22,receive,263178525868,36466
263178573162,10,22,receive,263178526489,46673
263178577029,34,22,receive,263178534204,42825
263178580065,100,22,receive,263178537396,42669
263178580732,56,22,receive,263178539428,41304
263178581396,68,23,receive,263178541422,39974
263178582066,16,22,receive,263178542371,39695
263178582728,22,25,receive,263178542396,40332
263178608824,8,22,receive,263178551459,57365
263178609485,52,22,receive,263178552320,57165
263178610150,50,22,receive,263178552765,57385
263178610824,96,23,receive,263178557017,53807
263178611549,62,22,receive,263178552060,59489
263178635171,48,21,receive,263178562620,72551
263178635800,72,23,receive,263178565311,70489
263178636558,32,21,receive,263178567051,69507
263178637240,2,21,receive,263178570917,66323
263178644502,58,22,receive,263178573254,71248
263178645063,74,21,receive,263178573850,71213
263178645601,24,24,receive,263178577097,68504
263178647915,44,22,receive,263178578855,69060
263178648599,66,21,receive,263178582846,65753
263178649283,64,22,receive,263178585235,64048
263178649962,98,23,receive,263178596594,53368
263178651078,28,23,receive,263178597099,53979
263178651723,4,23,receive,263178597786,53937
263178652197,14,23,receive,263178604675,47522
263178652548,70,23,receive,263178607209,45339
263178653150,86,23,receive,263178608286,44864
263178653828,26,22,receive,263178611121,42707
263178654506,84,22,receive,263178616425,38081
263178655198,60,23,receive,263178620188,35010
263178662344,42,24,receive,263178620302,42042
263178667752,38,21,receive,263178637255,30497
263178668435,88,23,receive,263178638432,30003
263178669028,30,23,receive,263178639579,29449
263178669573,34,23,receive,263178645946,23627
263178670258,54,24,receive,263178655438,14820
263178670932,12,23,receive,263178657359,13573
263178671611,18,23,receive,263178659403,12208
263178679517,92,23,receive,263178662352,17165
263178680172,6,23,receive,263178664520,15652
263178680821,16,23,receive,263178671588,9233
263178681373,48,22,receive,263178674162,7211
263178681977,40,24,receive,263178674288,7689
263178684133,80,23,receive,263178678349,5784
263178688935,36,23,receive,263178686365,2570
263178697897,8,23,receive,263178691875,6022
263178698495,68,24,receive,263178692116,6379
263178704066,52,23,receive,263178697129,6937
263178704708,74,22,receive,263178698894,5814
263178706542,78,23,receive,263178705429,1113
263178707205,90,23,receive,263178705684,1521
263178709465,82,25,receive,263178707267,2198
263178710022,28,24,receive,263178707460,2562
263178710666,72,24,receive,263178708442,2224
263178724881,10,23,receive,263178712847,12034
263178725545,22,26,receive,263178714371,11174
263178726189,76,23,receive,263178715768,10421
263178726866,46,24,receive,263178715796,11070
263178727478,58,23,receive,263178716070,11408
263178740753,50,23,receive,263178718614,22139
263178741430,20,25,receive,263178720123,21307
263178744307,56,23,receive,263178724386,19921
263178744944,62,23,receive,263178731814,13130
263178745595,60,24,receive,263178732708,12887
263178753998,98,24,receive,263178735061,18937
263178755809,66,22,receive,263178741384,14425
263178758970,86,24,receive,263178745601,13369
263178761578,26,23,receive,263178736072,25506
263178762214,100,23,receive,263178746675,15539
263178762876,14,24,receive,263178752128,10748
263178772527,96,24,receive,263178756007,16520
263178775066,4,24,receive,263178756175,18891
263178775718,42,25,receive,263178759108,16610
263178776376,64,23,receive,263178760875,15501
263178783509,24,25,receive,263178764570,18939
263178784113,32,22,receive,263178766182,17931
263178784745,2,22,receive,263178768474,16271
263178785399,30,24,receive,263178773005,12394
263178785999,12,24,receive,263178776638,9361
263178786656,70,24,receive,263178778996,7660
263178798204,88,24,receive,263178779222,18982
263178798824,34,24,receive,263178782257,16567
263178799399,84,23,receive,263178785299,14100
263178799988,44,23,receive,263178787874,12114
263178800615,18,24,receive,263178796834,3781
263178806043,38,22,receive,263178801079,4964
263178814710,68,25,receive,263178810928,3782
263178815386,92,24,receive,263178812236,3150
263178828620,58,24,receive,263178825667,2953
263178830469,36,24,receive,263178828931,1538
263178835260,56,24,receive,263178832331,2929
263178838339,40,25,receive,263178833148,5191
263178844506,62,24,receive,263178840699,3807
263178845183,80,24,receive,263178841377,3806
263178845842,16,24,receive,263178842650,3192
263178846506,72,25,receive,263178843004,3502
263178854672,78,24,receive,263178848524,6148
263178855323,98,25,receive,263178849755,5568
263178855973,48,23,receive,263178851360,4613
263178856629,74,23,receive,263178851470,5159
263178857264,82,26,receive,263178854013,3251
263178867737,10,24,receive,263178859596,8141
263178868435,90,24,receive,263178864404,4031
263178876719,54,25,receive,263178870692,6027
263178877390,32,23,receive,263178873083,4307
263178879960,6,24,receive,263178878621,1339
263178881851,8,24,receive,263178880715,1136
263178883842,52,24,receive,263178883275,567
263178887242,22,27,receive,263178884664,2578
263178891475,28,25,receive,263178890491,984
263178895748,24,26,receive,263178891859,3889
263178896411,96,25,receive,263178893866,2545
263178900360,76,24,receive,263178899697,663
263178901479,86,25,receive,263178900930,549
263178906910,60,25,receive,263178905581,1329
263178917169,34,25,receive,263178913085,4084
263178917834,50,24,receive,263178913283,4551
263178918849,14,25,receive,263178913902,4947
263178925603,66,23,receive,263178918006,7597
263178929423,20,26,receive,263178922007,7416
263178933729,46,25,receive,263178920955,12774
263178934424,2,23,receive,263178924358,10066
263178935159,18,25,receive,263178925991,9168
263178935830,92,25,receive,263178926173,9657
263178951270,70,25,receive,263178929794,21476
263178951954,100,24,receive,263178933114,18840
263178952641,36,25,receive,263178934674,17967
263178953334,84,24,receive,263178937206,16128
263178970291,26,24,receive,263178937700,32591
263178970976,42,26,receive,263178938753,32223
263178971646,4,25,receive,263178933371,38275
263178972315,12,25,receive,263178944180,28135
263178983776,64,24,receive,263178944598,39178
263178984373,88,25,receive,263178950550,33823
263179001042,62,25,receive,263178952184,48858
263179001733,68,26,receive,263178958397,43336
263179002424,30,25,receive,263178968006,34418
263179003123,38,23,receive,263178969739,33384
263179004249,56,25,receive,263178971589,32660
263179004939,44,24,receive,263178981059,23880
263179013973,90,25,receive,263178981998,31975
263179014636,40,26,receive,263178988618,26018
263179015305,48,24,receive,263178988939,26366
263179015982,78,25,receive,263178991008,24974
263179016671,10,25,receive,263178992167,24504
263179017397,32,24,receive,263179003541,13856
263179018084,58,25,receive,263179007563,10521
263179018765,72,26,receive,263179011536,7229
263179020113,80,25,receive,263179019478,635
263179032650,82,27,receive,263179031908,742
263179038324,92,26,receive,263179037685,639
263179041629,96,26,receive,263179039248,2381
263179042296,52,25,receive,263179039900,2396
263179046363,6,25,receive,263179038769,7594
263179047021,98,26,receive,263179042552,4469
263179051933,74,24,receive,263179051604,329
263179062386,16,25,receive,263179057531,4855
263179063052,66,24,receive,263179059657,3395
263179063709,22,28,receive,263179060128,3581
263179064384,8,25,receive,263179060982,3402
263179078853,70,26,receive,263179068228,10625
263179079526,2,24,receive,263179071253,8273
263179086091,60,26,receive,263179072884,13207
263179088807,42,27,receive,263179073584,15223
263179089526,54,26,receive,263179077520,12006
263179095403,86,26,receive,263179079907,15496
263179096102,24,27,receive,263179084888,11214
263179096769,18,26,receive,263179085292,11477
263179102951,46,26,receive,263179086611,16340
263179103696,64,25,receive,263179088728,14968
263179112583,38,24,receive,263179090155,22428
263179113250,26,25,receive,263179093824,19426
263179113930,84,25,receive,263179094674,19256
263179114640,28,26,receive,263179097141,17499
263179115309,88,26,receive,263179102380,12929
263179115874,12,26,receive,263179105691,10183
263179124976,50,25,receive,263179111016,13960
263179125434,14,26,receive,263179111878,13556
263179125877,76,25,receive,263179114063,11814
263179126333,4,26,receive,263179115126,11207
263179129773,20,27,receive,263179116853,12920
263179130238,100,25,receive,263179126508,3730
263179132848,68,27,receive,263179132338,510
263179143133,34,26,receive,263179140588,2545
263179145785,36,26,receive,263179144551,1234
263179148890,56,26,receive,263179147340,1550
263179151648,32,25,receive,263179151016,632
263179157451,58,26,receive,263179153790,3661
263179159973,44,25,receive,263179159664,309
263179165246,62,26,receive,263179163161,2085
263179174951,30,26,receive,263179170555,4396
263179175623,72,27,receive,263179171864,3759
263179177325,8,26,receive,263179176825,500
263179184062,10,26,receive,263179182744,1318
263179186678,90,26,receive,263179186189,489
263179197045,96,27,receive,263179188573,8472
263179197706,48,25,receive,263179188926,8780
263179198369,40,27,receive,263179190235,8134
263179199093,54,27,receive,263179191239,7854
263179204615,78,26,receive,263179193072,11543
263179210408,70,27,receive,263179198157,12251
263179211086,18,27,receive,263179198811,12275
263179211743,22,29,receive,263179200739,11004
263179212406,80,26,receive,263179202184,10222
263179213066,60,27,receive,263179206451,6615
263179213720,46,27,receive,263179206990,6730
263179234455,26,26,receive,263179209491,24964
263179235124,42,28,receive,263179216323,18801
263179235787,52,26,receive,263179217061,18726
263179236823,66,25,receive,263179217359,19464
263179237491,28,27,receive,263179221014,16477
263179250885,82,28,receive,263179221414,29471
263179251560,16,26,receive,263179221589,29971
263179253139,24,28,receive,263179226787,26352
263179253794,92,27,receive,263179233065,20729
263179254449,98,27,receive,263179235776,18673
263179257164,6,26,receive,263179238399,18765
263179257799,84,26,receive,263179242445,15354
263179258377,86,27,receive,263179245751,12626
263179259041,74,25,receive,263179251769,7272
263179261496,2,25,receive,263179260960,536
263179269122,100,26,receive,263179267785,1337
263179277404,68,28,receive,263179274466,2938
263179278700,12,27,receive,263179277528,1172
263179282268,14,27,receive,263179279237,3031
263179285296,64,26,receive,263179282849,2447
263179288837,38,25,receive,263179286007,2830
263179289823,88,27,receive,263179289012,811
263179291456,30,27,receive,263179289285,2171
263179296374,56,27,receive,263179294280,2094
263179304139,48,26,receive,263179302049,2090
263179312299,8,27,receive,263179310267,2032
263179313163,10,27,receive,263179312167,996
263179318832,4,27,receive,263179313626,5206
263179324818,50,26,receive,263179320054,4764
263179325482,34,27,receive,263179320712,4770
263179326146,90,27,receive,263179321258,4888
263179326799,40,28,receive,263179323498,3301
263179336056,52,27,receive,263179329687,6369
263179336723,78,27,receive,263179329990,6733
263179337606,96,28,receive,263179331847,5759
263179342322,76,26,receive,263179332293,10029
263179342990,36,27,receive,263179336657,6333
263179343643,66,26,receive,263179337510,6133
263179357316,46,28,receive,263179337982,19334
263179358081,42,29,receive,263179338724,19357
263179359440,20,28,receive,263179345398,14042
263179360100,54,28,receive,263179348487,11613
263179364054,80,27,receive,263179346809,17245
263179364715,62,27,receive,263179352377,12338
263179370231,72,28,receive,263179358558,11673
263179372738,32,26,receive,263179365328,7410
263179373581,44,26,receive,263179369479,4102
263179374235,58,27,receive,263179370095,4140
263179379980,60,28,receive,263179368130,11850
263179384288,24,29,receive,263179377999,6289
263179390460,16,27,receive,263179380920,9540
263179392781,86,28,receive,263179383287,9494
263179393448,82,29,receive,263179384930,8518
263179403985,70,28,receive,263179387007,16978
263179404656,74,26,receive,263179396081,8575
263179405322,2,26,receive,263179399241,6081
263179405974,12,28,receive,263179399198,6776
263179415302,18,28,receive,263179407118,8184
263179416677,22,30,receive,263179407709,8968
263179417318,88,28,receive,263179409334,7984
263179421429,68,29,receive,263179415820,5609
263179424477,28,28,receive,263179416011,8466
263179430178,84,27,receive,263179419951,10227
263179430833,26,27,receive,263179421885,8948
263179433153,98,28,receive,263179427162,5991
263179433809,6,27,receive,263179428010,5799
263179434471,92,28,receive,263179429544,4927
263179440418,30,28,receive,263179435948,4470
263179442360,46,29,receive,263179441449,911
263179443244,38,26,receive,263179441484,1760
263179444071,64,27,receive,263179442663,1408
263179451970,10,28,receive,263179451493,477
263179463223,40,29,receive,263179461167,2056
263179463881,90,28,receive,263179461115,2766
263179481178,48,27,receive,263179474343,6835
263179481836,96,29,receive,263179475441,6395
263179482503,56,28,receive,263179476806,5697
263179483180,72,29,receive,263179477077,6103
263179487930,100,27,receive,263179479080,8850
263179488611,52,28,receive,263179483184,5427
263179493015,32,27,receive,263179488832,4183
263179493682,44,27,receive,263179489042,4640
263179494345,4,28,receive,263179489721,4624
263179495009,14,28,receive,263179492109,2900
263179505188,78,28,receive,263179496073,9115
263179511542,76,27,receive,263179503092,8450
263179518533,66,27,receive,263179507812,10721
263179519197,50,27,receive,263179512386,6811
263179519858,86,29,receive,263179512507,7351
263179520524,82,30,receive,263179516273,4251
263179532138,80,28,receive,263179516756,15382
263179532809,42,30,receive,263179523015,9794
263179533474,8,28,receive,263179523575,9899
263179534141,58,28,receive,263179525829,8312
263179534801,20,29,receive,263179527983,6818
263179545027,34,28,receive,263179527942,17085
263179545694,28,29,receive,263179537612,8082
263179546372,60,29,receive,263179538961,7411
263179547044,36,28,receive,263179539444,7600
263179550294,24,30,receive,263179543179,7115
263179550954,22,31,receive,263179549409,1545
263179559666,74,27,receive,263179552745,6921
263179560674,92,29,receive,263179554348,6326
263179562533,18,29,receive,263179554506,8027
263179565096,54,29,receive,263179555496,9600
263179569078,62,28,receive,263179557390,11688
263179569742,70,29,receive,263179558461,11281
263179573655,98,29,receive,263179558605,15050
263179574581,12,29,receive,263179556439,18142
263179579261,90,29,receive,263179576715,2546
263179582906,16,28,receive,263179579706,3200
263179583574,10,29,receive,263179580917,2657
263179586240,38,27,receive,263179581076,5164
263179587291,2,27,receive,263179586610,681
263179601464,26,28,receive,263179600078,1386
263179608103,88,29,receive,263179602075,6028
263179608768,84,28,receive,263179602397,6371
263179614595,6,28,receive,263179607346,7249
263179615257,64,28,receive,263179610277,4980
263179615899,68,30,receive,263179615235,664
263179620635,52,29,receive,263179617450,3185
263179630616,32,28,receive,263179627020,3596
263179631280,30,29,receive,263179627114,4166
263179634310,76,28,receive,263179632285,2025
263179635886,4,29,receive,263179634207,1679
263179648362,58,29,receive,263179639548,8814
263179650145,86,30,receive,263179640174,9971
263179657977,44,28,receive,263179644217,13760
263179658651,14,29,receive,263179644646,14005
263179659317,34,29,receive,263179648189,11128
263179659975,46,30,receive,263179648321,11654
263179672592,80,29,receive,263179648339,24253
263179673198,72,30,receive,263179650509,22689
263179673860,36,29,receive,263179652735,21125
263179684386,48,28,receive,263179655205,29181
263179686107,24,31,receive,263179660007,26100
263179686770,66,28,receive,263179660609,26161
263179693411,100,28,receive,263179660683,32728
263179694084,96,30,receive,263179665120,28964
263179694747,78,29,receive,263179665565,29182
263179705253,40,30,receive,263179665923,39330
263179705914,18,30,receive,263179679940,25974
263179707577,70,30,receive,263179685022,22555
263179712635,56,29,receive,263179685124,27511
263179724227,28,30,receive,263179686795,37432
263179725424,60,30,receive,263179692558,32866
263179726091,38,28,receive,263179695605,30486
263179726758,12,30,receive,263179697087,29671
263179727428,10,30,receive,263179705835,21593
263179738280,20,30,receive,263179711272,27008
263179738937,74,28,receive,263179711854,27083
263179739602,92,30,receive,263179717011,22591
263179740270,6,29,receive,263179721008,19262
263179753016,26,29,receive,263179723261,29755
263179753683,90,30,receive,263179723506,30177
263179754353,82,31,receive,263179725013,29340
263179755016,8,29,receive,263179730568,24448
263179755675,42,31,receive,263179730756,24919
263179768890,50,28,receive,263179733726,35164
263179779647,52,30,receive,263179741069,38578
263179780320,68,31,receive,263179755635,24685
263179780981,62,29,receive,263179758136,22845
263179783696,64,29,receive,263179760097,23599
263179784359,22,32,receive,263179762742,21617
263179802102,98,30,receive,263179764320,37782
263179802727,100,29,receive,263179764899,37828
263179803458,84,29,receive,263179766512,36946
263179804123,34,30,receive,263179768947,35176
263179804785,88,30,receive,263179777012,27773
263179817495,54,30,receive,263179777497,39998
263179818161,32,29,receive,263179791322,26839
263179818830,24,32,receive,263179794623,24207
263179825636,16,29,receive,263179798085,27551
263179826321,46,31,receive,263179800586,25735
263179839366,80,30,receive,263179801551,37815
263179840078,44,29,receive,263179800980,39098
263179842554,2,28,receive,263179780025,62529
263179847050,18,31,receive,263179805063,41987
263179847737,14,30,receive,263179809013,38724
263179856757,28,31,receive,263179810230,46527
263179859682,12,31,receive,263179816238,43444
263179860357,10,31,receive,263179816802,43555
263179861024,48,29,receive,263179819006,42018
263179861688,86,31,receive,263179823013,38675
263179875300,56,30,receive,263179826963,48337
263179875989,72,31,receive,263179826905,49084
263179876655,76,29,receive,263179835011,41644
263179882698,58,30,receive,263179835190,47508
263179886582,60,31,receive,263179817248,69334
263179890102,40,31,receive,263179840079,50023
263179896363,4,30,receive,263179840318,56045
263179898587,66,29,receive,263179841840,56747
263179903476,30,30,receive,263179844870,58606
263179913862,26,30,receive,263179846284,67578
263179914545,38,29,receive,263179849352,65193
263179915222,90,31,receive,263179855757,59465
263179915908,50,29,receive,263179857071,58837
263179916594,36,30,receive,263179858063,58531
263179933005,78,30,receive,263179862379,70626
263179933693,70,31,receive,263179864127,69566
263179934385,20,31,receive,263179869176,65209
263179935073,96,31,receive,263179873021,62052
263179945205,6,30,receive,263179881006,64199
263179953340,52,31,receive,263179881327,72013
263179954027,54,31,receive,263179887495,66532
263179954715,68,32,receive,263179890092,64623
263179955405,98,31,receive,263179892446,62959
263179972504,82,32,receive,263179894379,78125
263179973209,64,30,receive,263179889013,84196
263179973901,8,30,receive,263179900074,73827
263179976068,92,31,receive,263179909818,66250
263179976753,74,29,receive,263179916843,59910
263179995707,12,32,receive,263179923343,72364
263179996408,22,33,receive,263179925604,70804
263179997080,80,31,receive,263179935303,61777
263179997740,62,30,receive,263179935755,61985
263179998409,48,30,receive,263179939245,59164
263180014351,42,32,receive,263179930319,84032
263180015017,14,31,receive,263179949069,65948
263180019343,58,31,receive,263179949202,70141
263180020031,44,30,receive,263179950177,69854
263180020695,72,32,receive,263179967689,53006
263180033394,88,31,receive,263179968919,64475
263180034430,18,32,receive,263179969563,64867
263180035947,10,32,receive,263179969789,66158
263180036641,84,30,receive,263179974066,62575
263180045859,100,30,receive,263179974018,71841
263180047716,34,31,receive,263179977026,70690
263180048403,20,32,receive,263179977443,70960
263180049093,86,32,receive,263179978431,70662
263180054990,46,32,receive,263179981616,73374
