receive_timestamp,source_vehicle,message_id,event_type,send_timestamp,latency_us
18841326792,34,1,receive,18841301960,24832
18841327955,130,1,receive,18841302267,25688
18841328945,52,1,receive,18841302493,26452
18841408984,28,1,receive,18841302785,106199
18841409402,20,1,receive,18841302921,106481
18841409883,80,1,receive,18841303103,106780
18841422338,36,1,receive,18841304421,117917
18841422734,140,1,receive,18841304658,118076
18841423118,98,1,receive,18841305340,117778
18841423494,154,1,receive,18841309047,114447
18841423879,42,1,receive,18841310243,113636
18841424288,120,1,receive,18841311208,113080
18841424709,54,1,receive,18841311456,113253
18841425118,56,1,receive,18841311654,113464
18841425529,26,1,receive,18841312773,112756
18841425967,86,2,receive,18841317062,108905
18841426371,76,1,receive,18841318245,108126
18841426790,40,1,receive,18841319217,107573
18841427204,140,2,receive,18841322159,105045
18841599784,84,1,receive,18841323743,276041
18841600200,66,1,receive,18841324019,276181
18841600524,70,1,receive,18841326788,273736
18841600841,70,2,receive,18841327272,273569
18841601277,34,2,receive,18841328992,272285
18841601616,100,1,receive,18841329814,271802
18841602005,136,1,receive,18841330056,271949
18841602335,126,1,receive,18841330084,272251
18841602668,96,1,receive,18841331263,271405
18841603453,96,2,receive,18841331899,271554
18841603769,140,3,receive,18841332856,270913
18841604074,102,1,receive,18841332884,271190
18841604380,122,1,receive,18841333860,270520
18841604692,76,2,receive,18841334009,270683
18841605091,120,2,receive,18841334414,270677
18841605418,118,1,receive,18841335105,270313
18841605739,118,2,receive,18841335873,269866
18841606065,140,4,receive,18841337258,268807
18841733560,138,1,receive,18841338523,395037
18841733998,120,3,receive,18841338815,395183
18841734363,56,2,receive,18841339254,395109
18841734728,28,2,receive,18841340023,394705
18841735083,80,2,receive,18841341130,393953
18841735437,6,1,receive,18841341213,394224
18841735856,34,3,receive,18841341509,394347
18841736211,86,3,receive,18841341639,394572
18841736560,38,1,receive,18841341795,394765
18841736903,86,4,receive,18841342029,394874
18841737298,118,3,receive,18841342899,394399
18841991876,140,5,receive,18841345630,646246
18841993361,76,3,receive,18841345913,647448
18841993674,64,1,receive,18841346302,647372
18841994292,10,1,receive,18841346504,647788
18841994630,92,2,receive,18841347742,646888
18841994964,52,2,receive,18841348572,646392
18841995402,140,6,receive,18841348951,646451
18841996713,142,1,receive,18841349378,647335
18841997041,54,2,receive,18841349713,647328
18841997543,120,4,receive,18841350221,647322
18841997855,16,1,receive,18841352218,645637
18841998168,48,1,receive,18841352766,645402
18841998472,8,1,receive,18841353060,645412
18841998840,110,1,receive,18841353267,645573
18841999174,86,5,receive,18841353353,645821
18841999497,158,2,receive,18841354631,644866
18841999824,50,1,receive,18841354700,645124
18842000171,36,2,receive,18841354783,645388
18842000497,154,2,receive,18841355166,645331
18842000871,76,4,receive,18841355306,645565
18842074461,156,1,receive,18841356683,717778
18842074811,20,2,receive,18841357182,717629
18842075129,40,2,receive,18841357689,717440
18842075441,24,1,receive,18841357913,717528
18842075753,192,1,receive,18841358295,717458
18842076063,26,2,receive,18841359280,716783
18842076394,66,2,receive,18841359433,716961
18842076747,30,1,receive,18841360804,715943
18842077077,150,1,receive,18841360895,716182
18842077406,96,3,receive,18841361211,716195
18842077733,132,1,receive,18841361305,716428
18842078061,42,2,receive,18841362809,715252
18842157083,46,1,receive,18841362920,794163
18842157654,114,1,receive,18841364200,793454
18842158005,88,1,receive,18841364557,793448
18842158311,20,3,receive,18841365456,792855
18842158620,96,4,receive,18841365704,792916
18842158924,84,2,receive,18841366799,792125
18842159622,40,3,receive,18841366904,792718
18842160164,120,5,receive,18841367514,792650
18842160546,136,2,receive,18841367664,792882
18842161000,2,1,receive,18841369372,791628
18842161457,80,3,receive,18841369642,791815
18842161949,34,4,receive,18841370016,791933
18842162373,112,1,receive,18841370738,791635
18842162797,78,1,receive,18841372617,790180
18842163257,104,1,receive,18841373015,790242
18842213333,98,2,receive,18841373202,840131
18842213812,184,1,receive,18841373484,840328
18842214298,180,1,receive,18841374003,840295
18842214809,86,6,receive,18841374688,840121
18842215179,60,1,receive,18841375025,840154
18842215538,12,1,receive,18841375431,840107
18842215931,128,1,receive,18841376126,839805
18842216308,136,3,receive,18841376934,839374
18842216670,80,4,receive,18841377901,838769
18842217042,154,3,receive,18841378095,838947
18842217445,126,2,receive,18841378314,839131
18842217839,192,2,receive,18841378700,839139
18842218302,190,1,receive,18841380050,838252
18842218683,124,1,receive,18841380566,838117
18842219105,6,2,receive,18841380910,838195
18842219482,28,3,receive,18841381006,838476
18842266258,146,1,receive,18841381406,884852
18842266645,166,1,receive,18841381576,885069
18842267107,144,1,receive,18841381709,885398
18842267700,62,1,receive,18841382102,885598
18842268185,134,1,receive,18841382195,885990
18842268742,140,7,receive,18841382284,886458
18842269198,164,1,receive,18841382545,886653
18842269580,36,3,receive,18841383315,886265
18842270036,76,5,receive,18841383766,886270
18842270421,76,6,receive,18841383973,886448
18842270823,106,1,receive,18841384342,886481
18842271210,38,2,receive,18841384942,886268
18842271580,102,2,receive,18841385390,886190
18842316815,122,2,receive,18841385759,931056
18842317214,188,1,receive,18841385938,931276
18842317591,92,3,receive,18841386262,931329
18842318125,170,1,receive,18841388448,929677
18842318483,52,3,receive,18841389199,929284
18842318836,6,3,receive,18841390009,928827
18842319228,152,1,receive,18841390024,929204
18842319599,28,4,receive,18841391342,928257
18842319956,156,2,receive,18841392769,927187
18842320330,168,1,receive,18841393182,927148
18842320696,14,1,receive,18841394788,925908
18842321137,56,3,receive,18841394879,926258
18842321556,154,4,receive,18841395438,926118
18842321939,6,4,receive,18841396300,925639
18842366400,86,7,receive,18841396895,969505
18842366945,54,3,receive,18841397175,969770
18842367653,126,3,receive,18841398254,969399
18842368025,156,3,receive,18841398552,969473
18842368485,120,6,receive,18841398863,969622
18842368899,36,4,receive,18841399133,969766
18842369266,42,3,receive,18841399372,969894
18842369626,70,3,receive,18841399851,969775
18842369994,48,2,receive,18841400154,969840
18842370390,118,4,receive,18841400269,970121
18842370797,158,3,receive,18841402023,968774
18842371190,178,1,receive,18841402480,968710
18842371555,70,4,receive,18841404117,967438
18842415382,84,3,receive,18841404244,1011138
18842415759,146,2,receive,18841404704,1011055
18842416121,138,2,receive,18841405178,1010943
18842416667,26,3,receive,18841405602,1011065
18842417034,120,7,receive,18841406062,1010972
18842417401,76,7,receive,18841406334,1011067
18842417828,80,5,receive,18841407310,1010518
18842418226,136,4,receive,18841408450,1009776
18842418601,118,5,receive,18841409639,1008962
18842418968,74,1,receive,18841409941,1009027
18842419335,34,5,receive,18841409983,1009352
18842419697,192,3,receive,18841410163,1009534
18842420104,40,4,receive,18841410392,1009712
18842420510,122,3,receive,18841410490,1010020
18842464380,142,2,receive,18841410654,1053726
18842464759,86,8,receive,18841411176,1053583
18842465118,6,5,receive,18841411424,1053694
18842465567,144,2,receive,18841411857,1053710
18842465954,16,2,receive,18841412216,1053738
18842466336,180,2,receive,18841412571,1053765
18842466704,150,2,receive,18841412613,1054091
18842467068,64,2,receive,18841413663,1053405
18842467431,126,4,receive,18841415105,1052326
18842467791,38,3,receive,18841415464,1052327
18842468278,96,5,receive,18841415720,1052558
18842468652,194,1,receive,18841415814,1052838
18842469043,200,1,receive,18841415786,1053257
18842469409,98,3,receive,18841416110,1053299
18842511942,158,4,receive,18841416244,1095698
18842512354,114,2,receive,18841417053,1095301
18842512738,66,3,receive,18841417220,1095518
18842513376,46,2,receive,18841417578,1095798
18842513752,120,8,receive,18841418274,1095478
18842514111,36,5,receive,18841418363,1095748
18842514520,136,5,receive,18841418779,1095741
18842514902,46,3,receive,18841419594,1095308
18842515376,56,4,receive,18841419746,1095630
18842515743,122,4,receive,18841419853,1095890
18842516146,188,2,receive,18841420914,1095232
18842516533,162,1,receive,18841420931,1095602
18842516931,152,2,receive,18841421553,1095378
18842517327,52,4,receive,18841421620,1095707
18842567036,102,3,receive,18841422110,1144926
18842567504,76,8,receive,18841422313,1145191
18842567892,26,4,receive,18841423914,1143978
18842568363,140,8,receive,18841424670,1143693
18842568732,176,1,receive,18841425565,1143167
18842569127,84,4,receive,18841425678,1143449
18842569520,164,2,receive,18841427217,1142303
18842569899,168,2,receive,18841427524,1142375
18842570282,172,1,receive,18841427625,1142657
18842570651,158,5,receive,18841428464,1142187
18842571020,132,2,receive,18841428579,1142441
18842571474,118,6,receive,18841429393,1142081
18842627133,150,3,receive,18841429975,1197158
18842627463,140,9,receive,18841430860,1196603
18842627861,140,10,receive,18841431015,1196846
18842628202,64,3,receive,18841431338,1196864
18842628544,28,5,receive,18841431670,1196874
18842628879,78,2,receive,18841433479,1195400
18842629219,186,1,receive,18841434160,1195059
18842629621,184,2,receive,18841434274,1195347
18842629968,106,2,receive,18841434815,1195153
18842630580,46,4,receive,18841435295,1195285
18842630988,6,6,receive,18841435479,1195509
18842631342,64,4,receive,18841435682,1195660
18842631705,30,2,receive,18841436304,1195401
18842632046,92,4,receive,18841436913,1195133
18842632371,132,3,receive,18841439057,1193314
18842686192,112,2,receive,18841439377,1246815
18842686575,60,2,receive,18841440018,1246557
18842686904,122,5,receive,18841440303,1246601
18842687232,110,2,receive,18841440292,1246940
18842687590,200,2,receive,18841440539,1247051
18842687925,102,4,receive,18841440645,1247280
18842688257,174,1,receive,18841441323,1246934
18842688591,22,1,receive,18841442093,1246498
18842688911,168,3,receive,18841442346,1246565
18842689232,76,9,receive,18841442614,1246618
18842689601,180,3,receive,18841442729,1246872
18842733143,154,5,receive,18841442939,1290204
18842733597,194,2,receive,18841443033,1290564
18842734065,14,2,receive,18841444078,1289987
18842734429,84,5,receive,18841444999,1289430
18842734791,140,11,receive,18841445235,1289556
18842735162,170,2,receive,18841445630,1289532
18842735605,70,5,receive,18841447520,1288085
18842735980,138,3,receive,18841448355,1287625
18842736351,152,3,receive,18841448425,1287926
18842736723,158,6,receive,18841449746,1286977
18842737095,156,4,receive,18841449772,1287323
18842737542,42,4,receive,18841450340,1287202
18842737926,26,5,receive,18841451198,1286728
18842781472,16,3,receive,18841451391,1330081
18842781840,80,6,receive,18841452503,1329337
18842782229,66,4,receive,18841453576,1328653
18842782711,66,5,receive,18841453741,1328970
18842783101,24,2,receive,18841448067,1335034
18842783459,158,7,receive,18841453944,1329515
18842783824,88,2,receive,18841453971,1329853
18842784207,54,4,receive,18841454004,1330203
18842784591,104,2,receive,18841454291,1330300
18842784970,178,2,receive,18841454596,1330374
18842785328,48,3,receive,18841454817,1330511
18842785685,4,1,receive,18841455267,1330418
18842786038,162,2,receive,18841455911,1330127
18842834092,136,6,receive,18841456378,1377714
18842834477,132,4,receive,18841458545,1375932
18842834856,116,1,receive,18841458675,1376181
18842835446,80,7,receive,18841458793,1376653
18842835816,38,4,receive,18841459804,1376012
18842836173,114,3,receive,18841460010,1376163
18842836528,80,8,receive,18841460010,1376518
18842836881,30,3,receive,18841460014,1376867
18842837302,46,5,receive,18841460061,1377241
18842837679,124,2,receive,18841460306,1377373
18842838053,144,3,receive,18841460404,1377649
18842838422,86,9,receive,18841460496,1377926
18842838789,36,6,receive,18841460778,1378011
18842839183,36,7,receive,18841460926,1378257
18842839571,102,5,receive,18841460907,1378664
18842839948,34,6,receive,18841461034,1378914
18842840344,92,5,receive,18841461229,1379115
18842888879,76,10,receive,18841461908,1426971
18842889282,142,3,receive,18841462051,1427231
18842889657,40,5,receive,18841462518,1427139
18842890257,96,6,receive,18841462581,1427676
18842890696,146,3,receive,18841445866,1444830
18842891061,186,2,receive,18841464273,1426788
18842891426,56,5,receive,18841464548,1426878
18842891793,52,5,receive,18841465177,1426616
18842892160,142,4,receive,18841465292,1426868
18842892599,146,4,receive,18841465413,1427186
18842892979,70,6,receive,18841465807,1427172
18842893392,164,3,receive,18841466073,1427319
18842937154,56,6,receive,18841466766,1470388
18842937561,120,9,receive,18841467642,1469919
18842937936,118,7,receive,18841467833,1470103
18842938503,116,2,receive,18841468028,1470475
18842938877,48,4,receive,18841469240,1469637
18842939373,150,4,receive,18841469460,1469913
18842939744,114,4,receive,18841470010,1469734
18842940175,122,6,receive,18841470009,1470166
18842940569,24,3,receive,18841470696,1469873
18842940940,14,3,receive,18841472058,1468882
18842941396,164,4,receive,18841472296,1469100
18842941792,106,3,receive,18841472359,1469433
18842989275,64,5,receive,18841473159,1516116
18842989667,66,6,receive,18841473980,1515687
18842990060,12,2,receive,18841474171,1515889
18842990548,4,2,receive,18841474744,1515804
18842990953,76,11,receive,18841475188,1515765
18842991335,184,3,receive,18841475362,1515973
18842991708,14,4,receive,18841475441,1516267
18842992069,88,3,receive,18841475477,1516592
18842992430,28,6,receive,18841475984,1516446
18842992862,58,1,receive,18841477068,1515794
18842993255,12,3,receive,18841477429,1515826
18842993621,168,4,receive,18841477870,1515751
18842993986,112,3,receive,18841478966,1515020
18842994352,188,3,receive,18841480010,1514342
18842994751,176,2,receive,18841480316,1514435
18842995204,38,5,receive,18841482074,1513130
18843043852,156,5,receive,18841482489,1561363
18843044281,106,4,receive,18841482810,1561471
18843044752,180,4,receive,18841483696,1561056
18843045219,134,2,receive,18841454589,1590630
18843045586,172,2,receive,18841484065,1561521
18843046096,180,5,receive,18841484890,1561206
18843046505,102,6,receive,18841485708,1560797
18843046876,78,3,receive,18841485852,1561024
18843047250,134,3,receive,18841485922,1561328
18843047622,106,5,receive,18841486074,1561548
18843048019,38,6,receive,18841486237,1561782
18843048400,92,6,receive,18841486565,1561835
18843096139,26,6,receive,18841486611,1609528
18843096522,92,7,receive,18841486773,1609749
18843096894,36,8,receive,18841487170,1609724
18843097366,124,3,receive,18841487563,1609803
18843097871,24,4,receive,18841487568,1610303
18843098240,16,4,receive,18841490023,1608217
18843098607,150,5,receive,18841490256,1608351
18843098973,48,5,receive,18841490373,1608600
18843099337,118,8,receive,18841490458,1608879
18843099815,84,6,receive,18841491411,1608404
18843100287,48,6,receive,18841491606,1608681
18843100676,146,5,receive,18841491771,1608905
18843152794,162,3,receive,18841492037,1660757
18843153194,28,7,receive,18841493230,1659964
18843153573,34,7,receive,18841493323,1660250
18843155462,154,6,receive,18841493365,1662097
18843155837,76,12,receive,18841493501,1662336
18843156202,186,3,receive,18841493599,1662603
18843156588,140,12,receive,18841493723,1662865
18843156976,40,6,receive,18841493863,1663113
18843157350,4,3,receive,18841494259,1663091
18843157723,38,7,receive,18841494423,1663300
18843158098,40,7,receive,18841495035,1663063
18843158476,54,5,receive,18841495395,1663081
18843202734,96,7,receive,18841496054,1706680
18843203149,42,5,receive,18841496142,1707007
18843203606,134,4,receive,18841497883,1705723
18843204013,12,4,receive,18841498154,1705859
18843204424,174,2,receive,18841498346,1706078
18843204817,48,7,receive,18841498843,1705974
18843205199,136,7,receive,18841498920,1706279
18843205569,132,5,receive,18841499405,1706164
18843205997,186,4,receive,18841499788,1706209
18843206392,120,10,receive,18841499893,1706499
18843206863,178,3,receive,18841500596,1706267
18843207282,26,7,receive,18841500840,1706442
18843207650,124,4,receive,18841500880,1706770
18843208046,140,13,receive,18841500933,1707113
18843208422,74,2,receive,18841471475,1736947
18843208866,96,8,receive,18841501222,1707644
18843209240,192,4,receive,18841466300,1742940
18843257444,178,4,receive,18841501778,1755666
18843257841,86,10,receive,18841501849,1755992
18843258241,138,4,receive,18841502033,1756208
18843258721,172,3,receive,18841502322,1756399
18843259079,158,8,receive,18841502289,1756790
18843259439,168,5,receive,18841502511,1756928
18843259841,134,5,receive,18841503120,1756721
18843260252,122,7,receive,18841504033,1756219
18843260728,70,7,receive,18841505238,1755490
18843261095,96,9,receive,18841505408,1755687
18843261458,128,2,receive,18841451092,1810366
18843261822,14,5,receive,18841506824,1754998
18843262226,80,9,receive,18841507479,1754747
18843262647,128,3,receive,18841508148,1754499
18843306938,28,8,receive,18841508538,1798400
18843307319,2,2,receive,18841478221,1829098
18843307762,64,6,receive,18841510539,1797223
18843308254,26,8,receive,18841511030,1797224
18843308675,154,7,receive,18841511583,1797092
18843309139,4,4,receive,18841511611,1797528
18843309510,118,9,receive,18841511777,1797733
18843309881,30,4,receive,18841512035,1797846
18843310269,114,5,receive,18841512876,1797393
18843310712,46,6,receive,18841514651,1796061
18843311089,88,4,receive,18841514878,1796211
18843311454,124,5,receive,18841514983,1796471
18843311815,8,2,receive,18841515097,1796718
18843312179,8,3,receive,18841515283,1796896
18843312588,184,4,receive,18841515603,1796985
18843312955,114,6,receive,18841516092,1796863
18843360883,116,3,receive,18841508921,1851962
18843362966,128,4,receive,18841516592,1846374
18843363456,114,7,receive,18841517257,1846199
18843364013,122,8,receive,18841518240,1845773
18843364474,24,5,receive,18841518855,1845619
18843364847,140,14,receive,18841519145,1845702
18843365329,162,4,receive,18841520028,1845301
18843365711,86,11,receive,18841520079,1845632
18843366114,76,13,receive,18841520782,1845332
18843366557,64,7,receive,18841520789,1845768
18843414403,180,6,receive,18841521117,1893286
18843415131,48,8,receive,18841521129,1894002
18843415502,96,10,receive,18841521628,1893874
18843415960,174,3,receive,18841522068,1893892
18843416326,70,8,receive,18841522470,1893856
18843416757,136,8,receive,18841524167,1892590
18843417238,164,5,receive,18841524328,1892910
18843417627,42,6,receive,18841524508,1893119
18843418006,192,5,receive,18841524910,1893096
18843418397,156,6,receive,18841525765,1892632
18843418804,128,5,receive,18841526827,1891977
18843459950,178,5,receive,18841526988,1932962
18843460367,118,10,receive,18841528989,1931378
18843460903,84,7,receive,18841529671,1931232
18843461412,150,6,receive,18841531116,1930296
18843462025,40,8,receive,18841531365,1930660
18843462395,146,6,receive,18841531387,1931008
18843462761,38,8,receive,18841531695,1931066
18843463118,188,4,receive,18841531881,1931237
18843463542,42,7,receive,18841532761,1930781
18843463914,120,11,receive,18841533253,1930661
18843464280,188,5,receive,18841534140,1930140
18843464643,78,4,receive,18841535175,1929468
18843506596,114,8,receive,18841535472,1971124
18843507083,24,6,receive,18841536082,1971001
18843507488,76,14,receive,18841537023,1970465
18843508592,150,7,receive,18841537333,1971259
18843508992,148,1,receive,18841537877,1971115
18843509406,96,11,receive,18841537926,1971480
18843509784,168,6,receive,18841538653,1971131
18843510174,154,8,receive,18841538835,1971339
18843510553,134,6,receive,18841539377,1971176
18843510954,134,7,receive,18841539530,1971424
18843511350,34,8,receive,18841539584,1971766
18843511738,106,6,receive,18841537066,1974672
18843555344,192,6,receive,18841540292,2015052
18843555729,70,9,receive,18841540685,2015044
18843556190,128,6,receive,18841542078,2014112
18843556564,172,4,receive,18841542152,2014412
18843556959,46,7,receive,18841543130,2013829
18843557373,34,9,receive,18841543855,2013518
18843557742,28,9,receive,18841543860,2013882
18843558104,84,8,receive,18841544085,2014019
18843558465,118,11,receive,18841544269,2014196
18843558853,162,5,receive,18841544304,2014549
18843559259,30,5,receive,18841544287,2014972
18843559625,166,2,receive,18841389871,2169754
18843559993,158,9,receive,18841544666,2015327
18843560393,134,8,receive,18841544681,2015712
18843610122,54,6,receive,18841545284,2064838
18843610564,158,10,receive,18841545832,2064732
18843611046,164,6,receive,18841546640,2064406
18843611412,180,7,receive,18841547371,2064041
18843611769,108,1,receive,18841548209,2063560
18843612175,138,5,receive,18841549309,2062866
18843612613,14,6,receive,18841549873,2062740
18843613143,20,4,receive,18841411866,2201277
18843613519,64,8,receive,18841550149,2063370
18843613890,44,1,receive,18841550178,2063712
18843614364,120,12,receive,18841551474,2062890
18843614799,192,7,receive,18841551593,2063206
18843659100,70,10,receive,18841551916,2107184
18843659489,28,10,receive,18841552038,2107451
18843659863,122,9,receive,18841554838,2105025
18843660348,80,10,receive,18841555980,2104368
18843660721,116,4,receive,18841556215,2104506
18843661180,28,11,receive,18841556211,2104969
18843661551,84,9,receive,18841556371,2105180
18843661918,2,3,receive,18841557184,2104734
18843662288,82,1,receive,18841558026,2104262
18843662656,76,15,receive,18841558303,2104353
18843663078,26,9,receive,18841558407,2104671
18843663438,24,7,receive,18841559341,2104097
18843663805,46,8,receive,18841559425,2104380
18843719480,164,7,receive,18841559861,2159619
18843719826,8,4,receive,18841561406,2158420
18843720278,184,5,receive,18841562656,2157622
18843720626,132,6,receive,18841562754,2157872
18843720957,140,15,receive,18841563520,2157437
18843721286,42,8,receive,18841564149,2157137
18843721617,70,11,receive,18841565166,2156451
18843721977,146,7,receive,18841565743,2156234
18843722327,154,9,receive,18841566112,2156215
18843722692,4,5,receive,18841566381,2156311
18843723048,10,2,receive,18841418508,2304540
18843723393,150,8,receive,18841566586,2156807
18843723747,48,9,receive,18841566973,2156774
18843724213,174,4,receive,18841567347,2156866
18843724568,44,2,receive,18841568500,2156068
18843724911,128,7,receive,18841569375,2155536
18843725267,26,10,receive,18841569620,2155647
18843783973,38,9,receive,18841569937,2214036
18843784524,182,1,receive,18841570033,2214491
18843784902,106,7,receive,18841571337,2213565
18843785235,178,6,receive,18841571376,2213859
18843785548,136,9,receive,18841572649,2212899
18843785862,40,9,receive,18841572703,2213159
18843786175,56,7,receive,18841517272,2268903
18843786488,144,4,receive,18841520012,2266476
18843786885,118,12,receive,18841573531,2213354
18843787253,46,9,receive,18841573738,2213515
18843787659,158,11,receive,18841574102,2213557
18843788003,90,1,receive,18841574373,2213630
18843788343,4,6,receive,18841574591,2213752
18843788745,26,11,receive,18841574804,2213941
18843832388,78,5,receive,18841576557,2255831
18843832777,10,3,receive,18841576599,2256178
18843833275,30,6,receive,18841576676,2256599
18843833707,98,4,receive,18841456372,2377335
18843834121,98,5,receive,18841576897,2257224
18843834517,118,13,receive,18841577732,2256785
18843834892,48,10,receive,18841578237,2256655
18843835758,96,12,receive,18841578330,2257428
18843836184,2,4,receive,18841579521,2256663
18843836577,154,10,receive,18841580007,2256570
18843880352,190,2,receive,18841510019,2370333
18843880752,174,5,receive,18841580547,2300205
18843881152,120,13,receive,18841580710,2300442
18843881681,42,9,receive,18841582362,2299319
18843882084,162,6,receive,18841584118,2297966
18843882475,154,11,receive,18841585203,2297272
18843882862,2,5,receive,18841585782,2297080
18843883304,46,10,receive,18841586072,2297232
18843883758,132,7,receive,18841586073,2297685
18843884163,80,11,receive,18841586319,2297844
18843884582,64,9,receive,18841587566,2297016
18843884981,168,7,receive,18841588195,2296786
18843885362,34,10,receive,18841588292,2297070
18843927869,114,9,receive,18841577858,2350011
18843928267,82,2,receive,18841589429,2338838
18843928647,82,3,receive,18841589609,2339038
18843929126,112,4,receive,18841493445,2435681
18843929578,54,7,receive,18841590647,2338931
18843929981,150,9,receive,18841591095,2338886
18843930363,96,13,receive,18841591578,2338785
18843930732,82,4,receive,18841591844,2338888
18843931096,196,1,receive,18841591887,2339209
18843931485,162,7,receive,18841592278,2339207
18843931870,178,7,receive,18841592466,2339404
18843932239,162,8,receive,18841593439,2338800
18843932611,166,3,receive,18841593950,2338661
18843932988,38,10,receive,18841594243,2338745
18843981275,112,5,receive,18841594477,2386798
18843981677,174,6,receive,18841594750,2386927
18843982189,70,12,receive,18841595721,2386468
18843982564,174,7,receive,18841596903,2385661
18843982929,60,3,receive,18841488048,2494881
18843983284,130,2,receive,18841332370,2650914
18843983645,134,9,receive,18841598435,2385210
18843984008,14,7,receive,18841599297,2384711
18843984457,116,5,receive,18841598645,2385812
18843984829,28,12,receive,18841599498,2385331
18843985245,28,13,receive,18841599654,2385591
18843985616,138,6,receive,18841599874,2385742
18843986124,146,8,receive,18841599885,2386239
18844034152,146,9,receive,18841600075,2434077
18844034606,140,16,receive,18841600882,2433724
18844035006,122,10,receive,18841601136,2433870
18844035473,14,8,receive,18841601473,2434000
18844035841,76,16,receive,18841601874,2433967
18844036207,26,12,receive,18841601983,2434224
18844036635,192,8,receive,18841602249,2434386
18844037009,128,8,receive,18841602719,2434290
18844037381,96,14,receive,18841602857,2434524
18844037755,128,9,receive,18841602922,2434833
18844038170,150,10,receive,18841603277,2434893
18844038628,122,11,receive,18841603429,2435199
18844039013,116,6,receive,18841603814,2435199
18844083946,56,8,receive,18841604020,2479926
18844084397,140,17,receive,18841604135,2480262
18844084911,24,8,receive,18841605910,2479001
18844085651,122,12,receive,18841607661,2477990
18844086091,186,5,receive,18841524036,2562055
18844086521,184,6,receive,18841608202,2478319
18844087040,132,8,receive,18841608378,2478662
18844087491,36,9,receive,18841535781,2551710
18844087931,64,10,receive,18841609526,2478405
18844088371,112,6,receive,18841609804,2478567
18844088885,142,5,receive,18841499817,2589068
18844089347,44,3,receive,18841609890,2479457
18844127696,104,3,receive,18841509649,2618047
18844128077,8,5,receive,18841611055,2517022
18844128440,146,10,receive,18841611300,2517140
18844128843,8,6,receive,18841612305,2516538
18844129230,44,4,receive,18841613081,2516149
18844129707,120,14,receive,18841613134,2516573
18844130117,6,7,receive,18841467879,2662238
18844130502,78,6,receive,18841613968,2516534
18844130970,68,1,receive,18841614228,2516742
18844131361,146,11,receive,18841615470,2515891
18844131994,24,9,receive,18841616099,2515895
18844132378,140,18,receive,18841616320,2516058
18844176753,134,10,receive,18841616670,2560083
18844177145,54,8,receive,18841616954,2560191
18844177613,194,3,receive,18841492562,2685051
18844178086,136,10,receive,18841619025,2559061
18844178446,46,11,receive,18841619468,2558978
18844178802,126,5,receive,18841433446,2745356
18844179164,158,12,receive,18841621580,2557584
18844179828,78,7,receive,18841622119,2557709
18844180253,166,4,receive,18841622271,2557982
18844180637,130,3,receive,18841622963,2557674
18844181014,98,6,receive,18841623227,2557787
18844181404,30,7,receive,18841624208,2557196
18844181827,132,9,receive,18841624692,2557135
18844236680,190,3,receive,18841625080,2611600
18844237130,96,15,receive,18841625129,2612001
18844237503,118,14,receive,18841625155,2612348
18844237853,124,6,receive,18841544081,2693772
18844238184,168,8,receive,18841625747,2612437
18844238537,106,8,receive,18841626172,2612365
18844238914,104,4,receive,18841626236,2612678
18844239265,184,7,receive,18841626464,2612801
18844239598,14,9,receive,18841626725,2612873
18844239940,38,11,receive,18841627627,2612313
18844273665,178,8,receive,18841627759,2645906
18844274045,42,10,receive,18841629756,2644289
18844274413,10,4,receive,18841630008,2644405
18844274816,162,9,receive,18841630808,2644008
18844275145,14,10,receive,18841630907,2644238
18844275476,138,7,receive,18841631178,2644298
18844275831,44,5,receive,18841631384,2644447
18844276253,154,12,receive,18841631539,2644714
18844276600,192,9,receive,18841633530,2643070
18844276980,34,11,receive,18841633706,2643274
18844316037,38,12,receive,18841635776,2680261
18844316505,80,12,receive,18841635817,2680688
18844316956,132,10,receive,18841635962,2680994
18844317557,14,11,receive,18841636058,2681499
18844318013,158,13,receive,18841636768,2681245
18844319090,26,13,receive,18841637182,2681908
18844319476,114,10,receive,18841637372,2682104
18844320719,102,7,receive,18841537843,2782876
18844321112,96,16,receive,18841638378,2682734
18844321482,96,17,receive,18841638584,2682898
18844364924,36,10,receive,18841638591,2726333
18844365321,60,4,receive,18841638825,2726496
18844365705,64,11,receive,18841638839,2726866
18844366207,48,11,receive,18841639009,2727198
18844366644,82,5,receive,18841639206,2727438
18844367093,160,1,receive,18841639352,2727741
18844367520,30,8,receive,18841639485,2728035
18844367886,140,19,receive,18841639526,2728360
18844368253,22,2,receive,18841524382,2843871
18844368625,170,3,receive,18841477321,2891304
18844369063,8,7,receive,18841640654,2728409
18844369470,166,5,receive,18841641497,2727973
18844369873,154,13,receive,18841641715,2728158
18844370277,112,7,receive,18841642235,2728042
18844370715,146,12,receive,18841642736,2727979
18844371133,30,9,receive,18841643674,2727459
18844420803,116,7,receive,18841643883,2776920
18844421198,122,13,receive,18841644032,2777166
18844421644,130,4,receive,18841644181,2777463
18844422296,114,11,receive,18841645541,2776755
18844422675,150,11,receive,18841645893,2776782
18844423045,142,6,receive,18841646053,2776992
18844423478,74,3,receive,18841544086,2879392
18844423873,54,9,receive,18841646286,2777587
18844424257,52,6,receive,18841512631,2911626
18844424797,166,6,receive,18841646753,2778044
18844425203,158,14,receive,18841646942,2778261
18844425583,76,17,receive,18841647204,2778379
18844474244,132,11,receive,18841648242,2826002
18844474623,28,14,receive,18841649052,2825571
18844475047,22,3,receive,18841649886,2825161
18844475507,100,2,receive,18841369790,3105717
18844475871,86,12,receive,18841549382,2926489
18844476233,104,5,receive,18841650583,2825650
18844476593,142,7,receive,18841651232,2825361
18844477012,120,15,receive,18841651893,2825119
18844477463,118,15,receive,18841652429,2825034
18844477888,136,11,receive,18841653291,2824597
18844478276,140,20,receive,18841653792,2824484
18844478646,126,6,receive,18841653949,2824697
18844517615,28,15,receive,18841654258,2863357
18844517992,48,12,receive,18841655293,2862699
18844518354,116,8,receive,18841656211,2862143
18844518715,194,4,receive,18841656437,2862278
18844519108,44,6,receive,18841656647,2862461
18844519495,48,13,receive,18841657511,2861984
18844519917,158,15,receive,18841658145,2861772
18844520314,46,12,receive,18841659816,2860498
18844520782,36,11,receive,18841660988,2859794
18844521238,6,8,receive,18841661968,2859270
18844521639,190,4,receive,18841662468,2859171
18844522020,118,16,receive,18841662614,2859406
18844522395,102,8,receive,18841664379,2858016
18844570525,106,9,receive,18841664534,2905991
18844570981,112,8,receive,18841665521,2905460
18844571485,154,14,receive,18841665902,2905583
18844572016,60,5,receive,18841666202,2905814
18844572646,80,13,receive,18841666381,2906265
18844573133,162,10,receive,18841667086,2906047
18844573517,100,3,receive,18841667245,2906272
18844573891,184,8,receive,18841667787,2906104
18844574274,104,6,receive,18841667833,2906441
18844574724,184,9,receive,18841667983,2906741
18844575151,42,11,receive,18841668104,2907047
18844575592,112,9,receive,18841668761,2906831
18844624030,118,17,receive,18841669760,2954270
18844624497,138,8,receive,18841670480,2954017
18844624885,96,18,receive,18841670935,2953950
18844625383,96,19,receive,18841671119,2954264
18844625766,10,5,receive,18841671389,2954377
18844626276,106,10,receive,18841671696,2954580
18844627139,98,7,receive,18841672527,2954612
18844628146,118,18,receive,18841673931,2954215
18844628942,34,12,receive,18841674075,2954867
18844673095,102,9,receive,18841674644,2998451
18844673564,190,5,receive,18841674718,2998846
18844674217,120,16,receive,18841675074,2999143
18844675445,30,10,receive,18841675063,3000382
18844675818,100,4,receive,18841675452,3000366
18844676182,80,14,receive,18841676143,3000039
18844676592,118,19,receive,18841677132,2999460
18844676981,150,12,receive,18841677171,2999810
18844677359,48,14,receive,18841677371,2999988
18844677736,76,18,receive,18841677472,3000264
18844678105,170,4,receive,18841677614,3000491
18844721451,184,10,receive,18841678197,3043254
18844721856,64,12,receive,18841678270,3043586
18844722247,28,16,receive,18841678595,3043652
18844722731,18,1,receive,18841679593,3043138
18844723105,68,2,receive,18841641526,3081579
18844723522,134,11,receive,18841646934,3076588
18844723904,6,9,receive,18841680190,3043714
18844724315,198,1,receive,18841680913,3043402
18844724700,112,10,receive,18841681015,3043685
18844725101,34,13,receive,18841681236,3043865
18844725530,26,14,receive,18841681561,3043969
18844725935,10,6,receive,18841681583,3044352
18844769679,132,12,receive,18841681666,3088013
18844770637,36,13,receive,18841683581,3087056
18844771116,100,5,receive,18841683659,3087457
18844771597,54,10,receive,18841683696,3087901
18844771979,8,8,receive,18841684301,3087678
18844772356,162,11,receive,18841684373,3087983
18844772819,200,3,receive,18841478907,3293912
18844773201,126,7,receive,18841684580,3088621
18844773798,98,8,receive,18841684736,3089062
18844774280,140,21,receive,18841685036,3089244
18844827807,32,1,receive,18841685113,3142694
18844828189,38,13,receive,18841685203,3142986
18844828734,114,12,receive,18841685903,3142831
18844829099,190,6,receive,18841685999,3143100
18844829462,80,15,receive,18841686387,3143075
18844829885,66,7,receive,18841513223,3316662
18844830310,96,20,receive,18841686434,3143876
18844830731,162,12,receive,18841686521,3144210
18844831094,114,13,receive,18841687084,3144010
18844831456,128,10,receive,18841626169,3205287
18844831884,34,14,receive,18841687437,3144447
18844832255,128,11,receive,18841689253,3143002
18844832622,108,2,receive,18841587673,3244949
18844832991,176,3,receive,18841512925,3320066
18844833367,68,3,receive,18841690190,3143177
18844833851,154,15,receive,18841690334,3143517
18844878713,136,12,receive,18841690573,3188140
18844879210,130,5,receive,18841690581,3188629
18844879734,76,19,receive,18841690725,3189009
18844880324,96,21,receive,18841690695,3189629
18844882792,36,14,receive,18841690817,3191975
18844883363,74,4,receive,18841691162,3192201
18844884524,52,7,receive,18841692736,3191788
18844885001,26,15,receive,18841692795,3192206
18844885614,200,4,receive,18841693632,3191982
18844886088,152,4,receive,18841495786,3390302
18844929379,122,14,receive,18841694742,3234637
18844929838,86,13,receive,18841695423,3234415
18844930668,112,11,receive,18841696330,3234338
18844931270,80,16,receive,18841697724,3233546
18844931736,22,4,receive,18841698228,3233508
18844932213,118,20,receive,18841698422,3233791
18844932615,58,2,receive,18841486358,3446257
18844933037,140,22,receive,18841699260,3233777
18844933419,142,8,receive,18841699541,3233878
18844933796,46,13,receive,18841701724,3232072
18844934267,122,15,receive,18841701954,3232313
18844934675,102,10,receive,18841702147,3232528
18844978759,116,9,receive,18841702450,3276309
18844979177,96,22,receive,18841702967,3276210
18844979560,112,12,receive,18841703541,3276019
18844980047,194,5,receive,18841703772,3276275
18844980502,126,8,receive,18841703854,3276648
18844980955,10,7,receive,18841704865,3276090
18844981332,138,9,receive,18841704952,3276380
18844981741,80,17,receive,18841704966,3276775
18844982137,82,6,receive,18841650553,3331584
18844982503,76,20,receive,18841705945,3276558
18844982956,36,15,receive,18841706053,3276903
18844983426,190,7,receive,18841706312,3277114
18845031780,158,16,receive,18841707381,3324399
18845032253,8,9,receive,18841707674,3324579
18845032656,132,13,receive,18841707996,3324660
18845033207,134,12,receive,18841708339,3324868
18845033671,114,14,receive,18841708365,3325306
18845034178,150,13,receive,18841708481,3325697
18845035049,42,12,receive,18841709497,3325552
18845035441,42,13,receive,18841709631,3325810
18845035817,198,2,receive,18841710279,3325538
18845036282,40,10,receive,18841601946,3434336
18845075692,190,8,receive,18841710529,3365163
18845076250,2,6,receive,18841609282,3466968
18845076721,106,11,receive,18841711902,3364819
18845077328,98,9,receive,18841712041,3365287
18845077792,28,17,receive,18841712963,3364829
18845078265,68,4,receive,18841713591,3364674
18845079191,42,14,receive,18841713797,3365394
18845080146,98,10,receive,18841714181,3365965
18845080788,188,6,receive,18841546511,3534277
18845123508,60,6,receive,18841714757,3408751
18845123925,140,23,receive,18841715378,3408547
18845124326,52,8,receive,18841715162,3409164
18845124870,10,8,receive,18841717063,3407807
18845125241,120,17,receive,18841717389,3407852
18845125600,158,17,receive,18841717525,3408075
18845126294,110,3,receive,18841486367,3639927
18845126765,74,5,receive,18841737428,3389337
18845127226,102,11,receive,18841737553,3389673
18845127626,64,14,receive,18841737585,3390041
18845170592,52,9,receive,18841737705,3432887
18845170995,84,11,receive,18841738132,3432863
18845171468,134,15,receive,18841738972,3432496
18845171964,92,8,receive,18841535245,3636719
18845172447,74,6,receive,18841740622,3431825
18845172838,74,7,receive,18841740775,3432063
18845173229,38,15,receive,18841741098,3432131
18845173622,50,2,receive,18841428319,3745303
18845174033,96,23,receive,18841741323,3432710
18845174457,194,6,receive,18841741433,3433024
18845174835,98,11,receive,18841741440,3433395
18845175206,198,3,receive,18841741593,3433613
18845221207,120,19,receive,18841741782,3479425
18845221626,122,16,receive,18841742237,3479389
18845222119,80,18,receive,18841742320,3479799
18845222658,184,13,receive,18841743119,3479539
18845223031,56,9,receive,18841646408,3576623
18845223397,26,16,receive,18841744425,3478972
18845223781,128,13,receive,18841744784,3478997
18845224146,142,11,receive,18841746438,3477708
18845224591,170,6,receive,18841747203,3477388
18845224969,182,3,receive,18841747346,3477623
18845225335,42,15,receive,18841747358,3477977
18845225696,140,24,receive,18841747667,3478029
18845226065,22,6,receive,18841747969,3478096
18845226466,116,10,receive,18841748621,3477845
18845269859,120,20,receive,18841749952,3519907
18845270444,178,9,receive,18841674209,3596235
18845270941,144,5,receive,18841578180,3692761
18845271572,156,7,receive,18841563112,3708460
18845272111,144,6,receive,18841750197,3521914
18845272619,80,19,receive,18841751534,3521085
18845273096,54,12,receive,18841753341,3519755
18845273558,144,7,receive,18841753414,3520144
18845274023,56,10,receive,18841753733,3520290
18845274572,76,21,receive,18841754251,3520321
18845275097,72,2,receive,18841754525,3520572
18845322730,88,6,receive,18841725339,3597391
18845323124,100,7,receive,18841755410,3567714
18845323798,90,2,receive,18841588707,3735091
18845324174,36,17,receive,18841755746,3568428
18845324592,22,7,receive,18841756122,3568470
18845324985,66,9,receive,18841756187,3568798
18845326667,144,8,receive,18841756638,3570029
18845371428,142,12,receive,18841756681,3614747
18845371888,170,7,receive,18841757388,3614500
18845372500,134,16,receive,18841758188,3614312
18845372954,186,6,receive,18841635373,3737581
18845373469,192,10,receive,18841684669,3688800
18845373912,114,16,receive,18841758855,3615057
18845374464,118,22,receive,18841759044,3615420
18845374992,130,8,receive,18841759316,3615676
18845375447,118,23,receive,18841760230,3615217
18845375923,174,8,receive,18841650794,3725129
18845376468,22,8,receive,18841761292,3615176
18845376930,54,13,receive,18841765061,3611869
18845377385,34,16,receive,18841765135,3612250
18845377965,170,8,receive,18841765568,3612397
18845378439,10,10,receive,18841765594,3612845
18845422321,60,9,receive,18841765772,3656549
18845422757,16,5,receive,18841548173,3874584
18845423156,120,21,receive,18841766172,3656984
18845423727,110,4,receive,18841766644,3657083
18845424140,110,5,receive,18841766802,3657338
18845424549,34,17,receive,18841767301,3657248
18845424938,168,9,receive,18841633887,3791051
18845425325,140,25,receive,18841767836,3657489
18845425734,42,16,receive,18841768576,3657158
18845426166,16,6,receive,18841769344,3656822
18845426550,66,10,receive,18841769483,3657067
18845426924,190,9,receive,18841770238,3656686
18845464981,86,15,receive,18841772101,3692880
18845465377,28,20,receive,18841771263,3694114
18845465763,110,6,receive,18841772976,3692787
18845466244,8,11,receive,18841773292,3692952
18845466671,122,17,receive,18841774795,3691876
18845467052,80,20,receive,18841774838,3692214
18845467427,56,11,receive,18841775020,3692407
18845467845,118,24,receive,18841775424,3692421
18845468211,198,4,receive,18841775833,3692378
18845468632,140,26,receive,18841776021,3692611
18845469029,158,19,receive,18841776064,3692965
18845469428,186,7,receive,18841776432,3692996
18845513964,46,15,receive,18841776504,3737460
18845514362,136,14,receive,18841777287,3737075
18845514819,96,24,receive,18841777676,3737143
18845515302,102,12,receive,18841779002,3736300
18845515669,152,7,receive,18841779502,3736167
18845516036,30,11,receive,18841708602,3807434
18845516406,52,10,receive,18841781709,3734697
18845516863,68,6,receive,18841781988,3734875
18845517237,186,8,receive,18841782606,3734631
18845517846,182,4,receive,18841782657,3735189
18845518470,186,9,receive,18841783766,3734704
18845518925,186,10,receive,18841783886,3735039
18845566768,8,12,receive,18841785508,3781260
18845567164,156,8,receive,18841785524,3781640
18845567547,82,7,receive,18841711636,3855911
18845568174,148,2,receive,18841574296,3993878
18845568653,74,8,receive,18841788111,3780542
18845569842,120,22,receive,18841788415,3781427
18845570301,76,22,receive,18841788601,3781700
18845570731,46,16,receive,18841788733,3781998
18845571161,180,8,receive,18841572803,3998358
18845571595,186,11,receive,18841789019,3782576
18845572101,110,7,receive,18841789210,3782891
18845572552,120,23,receive,18841790597,3781955
18845572996,80,21,receive,18841781050,3791946
18845573440,4,7,receive,18841603874,3969566
18845616931,90,3,receive,18841792901,3824030
18845617312,116,11,receive,18841793037,3824275
18845617871,36,18,receive,18841793156,3824715
18845618273,48,15,receive,18841720731,3897542
18845618653,190,10,receive,18841794878,3823775
18845619055,52,11,receive,18841797002,3822053
18845619473,136,15,receive,18841797441,3822032
18845619853,88,7,receive,18841797956,3821897
18845620244,68,7,receive,18841798193,3822051
18845620620,34,18,receive,18841798535,3822085
18845620993,42,17,receive,18841798872,3822121
18845621383,100,8,receive,18841799816,3821567
18845666388,170,9,receive,18841799852,3866536
18845666942,196,2,receive,18841600169,4066773
18845667381,78,8,receive,18841636304,4031077
18845667889,96,25,receive,18841800192,3867697
18845668270,68,8,receive,18841800365,3867905
18845668647,166,7,receive,18841676492,3992155
18845669027,66,11,receive,18841800892,3868135
18845669549,108,3,receive,18841727853,3941696
18845669944,182,5,receive,18841802918,3867026
18845670344,180,9,receive,18841804194,3866150
18845670727,168,10,receive,18841805096,3865631
18845671111,144,9,receive,18841805106,3866005
18845671550,116,12,receive,18841805200,3866350
18845722927,144,10,receive,18841805309,3917618
18845723443,136,16,receive,18841805682,3917761
18845723864,42,18,receive,18841806058,3917806
18845724476,86,16,receive,18841807179,3917297
18845724847,114,17,receive,18841807187,3917660
18845725372,22,9,receive,18841807576,3917796
18845725753,42,19,receive,18841809249,3916504
18845726226,130,9,receive,18841809656,3916570
18845726616,122,18,receive,18841811199,3915417
18845727019,186,12,receive,18841811246,3915773
18845727408,100,9,receive,18841811997,3915411
18845727844,118,25,receive,18841812705,3915139
18845775957,116,13,receive,18841813388,3962569
18845776381,56,12,receive,18841813357,3963024
18845776763,96,26,receive,18841813572,3963191
18845777301,152,8,receive,18841813765,3963536
18845777664,170,10,receive,18841814060,3963604
18845778028,34,19,receive,18841814778,3963250
18845778383,198,5,receive,18841815174,3963209
18845778790,162,13,receive,18841727344,4051446
18845779163,74,9,receive,18841815425,3963738
18845779525,140,27,receive,18841815698,3963827
18845779895,56,13,receive,18841816624,3963271
18845780338,90,4,receive,18841817159,3963179
18845817828,140,28,receive,18841817899,3999929
18845818225,8,13,receive,18841818877,3999348
18845818651,126,9,receive,18841739219,4079432
18845819147,140,29,receive,18841820599,3998548
18845819526,158,20,receive,18841822474,3997052
18845819914,28,21,receive,18841822963,3996951
18845820301,78,9,receive,18841824553,3995748
18845820706,104,7,receive,18841699199,4121507
18845846789,104,8,receive,18841825131,4021658
18845847228,68,9,receive,18841825431,4021797
18845847695,118,26,receive,18841825919,4021776
18845848148,24,10,receive,18841641426,4206722
18845848524,110,8,receive,18841826548,4021976
18845848897,20,5,receive,18841591400,4257497
18845875730,36,12,receive,18841680327,4195403
18845876171,126,10,receive,18841828263,4047908
18845876553,180,10,receive,18841828478,4048075
18845877032,116,14,receive,18841828612,4048420
18845877393,4,8,receive,18841829214,4048179
18845877752,58,3,receive,18841742824,4134928
18845878206,68,10,receive,18841829569,4048637
18845878646,150,14,receive,18841717712,4160934
18845879024,100,10,receive,18841831174,4047850
18845879534,86,17,receive,18841831453,4048081
18845879948,96,27,receive,18841831797,4048151
18845880395,22,10,receive,18841832777,4047618
18845880835,114,22,receive,18841917464,3963371
18845881235,46,17,receive,18841832161,4049074
18845881610,190,12,receive,18841982763,3898847
18845929978,106,16,receive,18841894231,4035747
18845931208,188,10,receive,18841984118,3947090
18845931640,36,23,receive,18841913838,4017802
18845932142,190,13,receive,18841985915,3946227
18845932616,48,18,receive,18841986280,3946336
18845933631,6,15,receive,18841986517,3947114
18845934184,90,9,receive,18841986924,3947260
18845985709,138,13,receive,18841986964,3998745
18845986126,132,18,receive,18841987019,3999107
18845986627,100,19,receive,18841987357,3999270
18845987121,50,4,receive,18841987374,3999747
18845987495,42,23,receive,18841987589,3999906
18845987905,146,16,receive,18841987946,3999959
18845988289,120,26,receive,18841903620,4084669
18845988663,4,13,receive,18841989223,3999440
18845989028,134,18,receive,18841944476,4044552
18845989399,150,18,receive,18841976805,4012594
18845989796,40,13,receive,18841990873,3998923
18846032393,140,35,receive,18841991214,4041179
18846032839,160,3,receive,18841743791,4289048
18846033206,84,12,receive,18841759423,4273783
18846033663,84,13,receive,18841992797,4040866
18846034031,162,20,receive,18841985481,4048550
18846034397,186,21,receive,18841993217,4041180
18846034819,140,36,receive,18841993442,4041377
18846035262,80,23,receive,18841878655,4156607
18846035637,108,5,receive,18841995215,4040422
18846036003,24,15,receive,18841995226,4040777
18846036471,152,11,receive,18841995355,4041116
18846036848,124,9,receive,18841995498,4041350
18846037294,90,10,receive,18841996109,4041185
18846076806,198,7,receive,18841973122,4103684
18846077289,100,20,receive,18841996537,4080752
18846077665,172,11,receive,18841996887,4080778
18846078120,102,13,receive,18841828324,4249796
18846078479,60,12,receive,18841998629,4079850
18846078842,50,5,receive,18841999588,4079254
18846079324,68,17,receive,18842001610,4077714
18846079700,162,21,receive,18842002017,4077683
18846080087,174,13,receive,18842002047,4078040
18846080463,160,4,receive,18842002156,4078307
18846080836,196,5,receive,18842003331,4077505
18846081281,104,15,receive,18842005314,4075967
18846081645,62,7,receive,18842005510,4076135
18846082010,38,19,receive,18841962549,4119461
18846126922,186,22,receive,18842006460,4120462
18846127483,20,6,receive,18841876902,4250581
18846127876,50,6,receive,18842009819,4118057
18846128350,4,14,receive,18842010095,4118255
18846128712,132,19,receive,18842011272,4117440
18846129070,4,15,receive,18842011345,4117725
18846129456,84,14,receive,18842011960,4117496
18846129841,2,10,receive,18841963236,4166605
18846130220,78,15,receive,18842012766,4117454
18846130607,72,4,receive,18841959900,4170707
18846130979,112,17,receive,18842013105,4117874
18846131372,146,17,receive,18842013241,4118131
18846131773,122,19,receive,18841857583,4274190
18846173486,62,8,receive,18842014702,4158784
18846173861,172,12,receive,18842017098,4156763
18846174254,44,10,receive,18842017745,4156509
18846174719,72,5,receive,18842018272,4156447
18846244685,188,11,receive,18842018314,4226371
18846245090,16,13,receive,18842019359,4225731
18846245572,72,6,receive,18842019470,4226102
18846245939,52,22,receive,18842019979,4225960
18846246306,110,10,receive,18841882018,4364288
18846246733,26,18,receive,18841981500,4265233
18846247116,60,13,receive,18842020905,4226211
18846247500,112,18,receive,18842021300,4226200
18846247879,124,10,receive,18842021845,4226034
18846248257,176,7,receive,18842023241,4225016
18846248686,180,15,receive,18841992620,4256066
18846293762,184,15,receive,18841949221,4344541
18846294156,148,7,receive,18842026790,4267366
18846294626,146,18,receive,18842027440,4267186
18846295370,30,13,receive,18841978635,4316735
18846295998,34,24,receive,18841948481,4347517
18846296446,44,11,receive,18842028953,4267493
18846296833,40,14,receive,18842029305,4267528
18846297276,188,12,receive,18842029520,4267756
18846297673,152,12,receive,18842029700,4267973
18846298053,12,11,receive,18842030011,4268042
18846334883,100,21,receive,18842030833,4304050
18846335281,140,37,receive,18842030863,4304418
18846335660,48,19,receive,18842014582,4321078
18846336130,192,12,receive,18841919388,4416742
18846336593,148,8,receive,18842034028,4302565
18846337011,34,20,receive,18841828009,4509002
18846337373,176,8,receive,18842034494,4302879
18846337735,90,11,receive,18842036368,4301367
18846338136,172,13,receive,18842037236,4300900
18846338599,82,9,receive,18841955472,4383127
18846338992,92,11,receive,18841886940,4452052
18846367348,50,7,receive,18842039188,4328160
18846367741,40,15,receive,18842039545,4328196
18846368271,110,11,receive,18842035224,4333047
18846368771,4,16,receive,18842039619,4329152
18846369149,64,18,receive,18842023171,4345978
18846369571,152,13,receive,18842039860,4329711
18846370043,78,16,receive,18842040012,4330031
18846370426,178,12,receive,18841959571,4410855
18846370843,74,10,receive,18841831719,4539124
18846371251,62,9,receive,18842040972,4330279
18846396850,46,18,receive,18842022205,4374645
18846397241,146,19,receive,18842041619,4355622
18846397758,20,7,receive,18842043029,4354729
18846398126,124,11,receive,18842043101,4355025
18846398495,102,14,receive,18842045763,4352732
18846398891,178,13,receive,18842046481,4352410
18846399287,10,12,receive,18842012552,4386735
18846399662,196,6,receive,18842046828,4352834
18846400041,172,14,receive,18842047380,4352661
18846400402,90,12,receive,18842047580,4352822
18846400763,86,19,receive,18842016336,4384427
18846401221,192,13,receive,18842048999,4352222
18846401590,44,12,receive,18842049152,4352438
18846442551,194,8,receive,18841905352,4537199
18846443022,78,17,receive,18842050009,4393013
18846443543,60,14,receive,18842050166,4393377
18846444543,86,20,receive,18842049936,4394607
18846444972,38,20,receive,18842048090,4396882
18846445354,176,9,receive,18842051692,4393662
18846445729,112,19,receive,18842052603,4393126
18846446110,58,6,receive,18841949451,4496659
18846446511,36,24,receive,18842020824,4425687
18846447195,128,16,receive,18841987381,4459814
18846486968,136,20,receive,18842020449,4466519
18846487389,90,13,receive,18842056761,4430628
18846487809,90,14,receive,18842056886,4430923
18846488319,108,6,receive,18842025514,4462805
18846488698,180,16,receive,18842036008,4452690
18846489312,116,17,receive,18841963456,4525856
18846489753,168,13,receive,18841929179,4560574
18846490202,176,10,receive,18842060906,4429296
18846490580,164,14,receive,18841982610,4507970
18846491185,162,22,receive,18842010187,4480998
18846491871,114,23,receive,18842029271,4462600
18846492265,182,9,receive,18841929410,4562855
18846531126,124,12,receive,18842063318,4467808
18846531513,40,16,receive,18842063880,4467633
18846532479,56,18,receive,18841917436,4615043
18846532992,60,15,receive,18842065425,4467567
18846533353,110,12,receive,18842065508,4467845
18846533711,80,24,receive,18842038973,4494738
18846534371,192,14,receive,18842066252,4468119
18846534796,112,20,receive,18842067889,4466907
18846535322,120,27,receive,18842015735,4519587
18846535763,194,9,receive,18842069260,4466503
18846536147,166,8,receive,18841839168,4696979
18846536545,62,10,receive,18842070271,4466274
18846536916,52,23,receive,18842047317,4489599
18846537280,168,14,receive,18842070226,4467054
18846580300,22,20,receive,18841999764,4580536
18846580803,60,16,receive,18842074645,4506158
18846581212,2,11,receive,18842046072,4535140
18846581684,70,16,receive,18841983771,4597913
18846582045,102,15,receive,18842076090,4505955
18846582562,70,17,receive,18842077266,4505296
18846583029,130,16,receive,18841997449,4585580
18846583402,172,15,receive,18842049544,4533858
18846583932,76,27,receive,18841986718,4597214
18846584330,170,15,receive,18842008698,4575632
18846584704,104,16,receive,18842030605,4554099
18846585069,102,16,receive,18842081299,4503770
18846617905,62,11,receive,18842081481,4536424
18846618322,52,24,receive,18842081899,4536423
18846618682,50,8,receive,18842082678,4536004
18846619140,134,19,receive,18842000078,4619062
18846619498,110,13,receive,18842083699,4535799
18846619860,190,14,receive,18842034219,4585641
18846620334,126,16,receive,18842015725,4604609
18846620709,52,25,receive,18842085076,4535633
18846621084,52,26,receive,18842085197,4535887
18846622166,22,21,receive,18842084881,4537285
18846650883,96,30,receive,18841932029,4718854
18846651329,82,10,receive,18842059329,4592000
18846651689,152,14,receive,18842072276,4579413
18846652139,68,18,receive,18842046043,4606096
18846652524,58,7,receive,18842084514,4568010
18846652904,52,27,receive,18842089359,4563545
18846654257,26,19,receive,18842049598,4604659
18846692764,8,16,receive,18841928395,4764369
18846693159,150,19,receive,18842011938,4681221
18846693753,128,17,receive,18842075624,4618129
18846694245,24,16,receive,18842044543,4649702
18846694626,28,28,receive,18842015290,4679336
18846695026,142,14,receive,18841939534,4755492
18846695424,122,20,receive,18842057190,4638234
18846695809,8,17,receive,18842093987,4601822
18846696202,12,12,receive,18842046293,4649909
18846696569,166,9,receive,18842096031,4600538
18846696929,166,10,receive,18842097238,4599691
18846697281,84,15,receive,18842046216,4651065
18846747480,156,10,receive,18842001057,4746423
18846747852,166,11,receive,18842100437,4647415
18846748301,88,13,receive,18842003710,4744591
18846748803,144,12,receive,18841928389,4820414
18846749165,6,16,receive,18842027864,4721301
18846749525,72,7,receive,18842053919,4695606
18846749908,112,21,receive,18842103271,4646637
18846750314,162,23,receive,18842098750,4651564
18846751521,110,14,receive,18842106916,4644605
18846752064,162,24,receive,18842106505,4645559
18846792106,102,17,receive,18842107624,4684482
18846792515,62,12,receive,18842107708,4684807
18846792927,138,14,receive,18842019260,4773667
18846794334,24,17,receive,18842107868,4686466
18846794713,56,19,receive,18842107559,4687154
18846795110,44,13,receive,18842098498,4696612
18846795477,120,28,receive,18842084177,4711300
18846795845,44,14,receive,18842109059,4686786
18846796238,20,8,receive,18842084257,4711981
18846796608,50,9,receive,18842110011,4686597
18846797022,158,22,receive,18841943034,4853988
18846797624,192,15,receive,18842113710,4683914
18846839052,166,12,receive,18842113719,4725333
18846839436,56,20,receive,18842113897,4725539
18846839800,42,24,receive,18842025843,4813957
18846840359,156,11,receive,18842115310,4725049
18846840750,160,5,receive,18842030467,4810283
18846841419,136,21,receive,18842101785,4739634
18846841976,78,18,receive,18842075349,4766627
18846842363,30,14,receive,18842033796,4808567
18846842742,86,21,receive,18842060789,4781953
18846843891,196,7,receive,18842086189,4757702
18846844264,18,4,receive,18841885549,4958715
18846844632,12,13,receive,18842120173,4724459
18846884867,186,23,receive,18842039804,4845063
18846885261,118,28,receive,18841913330,4971931
18846885630,18,5,receive,18842121219,4764411
18846886168,2,12,receive,18842084988,4801180
18846886538,178,14,receive,18842064726,4821812
18846886899,138,15,receive,18842123902,4762997
18846887262,34,25,receive,18842060768,4826494
18846887620,168,15,receive,18842077460,4810160
18846888054,114,24,receive,18842106993,4781061
18846889379,66,13,receive,18841971668,4917711
18846889840,192,16,receive,18842130993,4758847
18846890281,4,17,receive,18842071965,4818316
18846919007,184,16,receive,18842038374,4880633
18846919466,10,13,receive,18842063961,4855505
18846919858,156,12,receive,18842132549,4787309
18846920257,90,15,receive,18842105261,4814996
18846920659,122,21,receive,18842100453,4820206
18846921041,126,17,receive,18842133429,4787612
18846921407,130,17,receive,18842120107,4801300
18846922535,54,16,receive,18841933778,4988757
18846922913,128,18,receive,18842113550,4809363
18846923276,174,14,receive,18842056134,4867142
18846923639,180,17,receive,18842102665,4820974
18846960548,134,20,receive,18842103278,4857270
18846960932,172,16,receive,18842096480,4864452
18846961294,22,22,receive,18842125196,4836098
18846961781,140,38,receive,18842050074,4911707
18846962166,166,13,receive,18842138065,4824101
18846962869,170,16,receive,18842110188,4852681
18846963251,198,8,receive,18842035770,4927481
18846963693,104,17,receive,18842117426,4846267
18846964073,70,18,receive,18842122646,4841427
18846964440,194,10,receive,18842107557,4856883
18846964805,46,19,receive,18842062751,4902054
18846965170,40,17,receive,18842093259,4871911
18847003870,50,10,receive,18842148379,4855491
18847004248,36,25,receive,18842087217,4917031
18847004605,110,15,receive,18842149220,4855385
18847005068,192,17,receive,18842149246,4855822
18847005425,120,29,receive,18842147261,4858164
18847005860,116,18,receive,18842095070,4910790
18847006229,20,9,receive,18842149612,4856617
18847006591,148,9,receive,18842071389,4935202
18847006953,48,20,receive,18842072212,4934741
18847007322,102,18,receive,18842153119,4854203
18847007788,188,13,receive,18842074935,4932853
18847008154,152,15,receive,18842135410,4872744
18847008640,90,16,receive,18842138209,4870431
18847009086,106,17,receive,18842036356,4972730
18847052963,90,17,receive,18842154760,4898203
18847053364,38,21,receive,18842089403,4963961
18847053756,62,13,receive,18842158094,4895662
18847054225,6,17,receive,18842139142,4915083
18847054590,58,8,receive,18842110384,4944206
18847054958,88,14,receive,18842136694,4918264
18847055346,154,18,receive,18841960272,5095074
18847055713,126,18,receive,18842159867,4895846
18847056073,146,20,receive,18842074867,4981206
18847056431,124,13,receive,18842097582,4958849
18847056790,82,11,receive,18842136037,4920753
18847057146,98,14,receive,18841999179,5057967
18847057583,158,23,receive,18842133461,4924122
18847057957,12,14,receive,18842131441,4926516
18847058409,160,6,receive,18842164456,4893953
18847092480,100,22,receive,18842078289,5014191
18847092865,80,25,receive,18842072798,5020067
18847093258,126,19,receive,18842166122,4927136
18847093755,178,15,receive,18842131063,4962692
18847094192,188,14,receive,18842166424,4927768
18847094570,96,31,receive,18842122657,4971913
18847094940,108,7,receive,18842077978,5016962
18847095342,76,28,receive,18842127535,4967807
18847095728,24,18,receive,18842148280,4947448
18847096198,186,24,receive,18842133661,4962537
18847096588,68,19,receive,18842132982,4963606
18847096972,182,10,receive,18842091827,5005145
18847097356,148,10,receive,18842170108,4927248
18847136556,26,20,receive,18842116787,5019769
18847136953,30,15,receive,18842145287,4991666
18847137329,138,16,receive,18842137414,4999915
18847138018,102,19,receive,18842173413,4964605
18847138403,2,13,receive,18842156200,4982203
18847138771,168,16,receive,18842141678,4997093
18847139142,148,11,receive,18842175307,4963835
18847139748,28,29,receive,18842118391,5021357
18847140477,52,28,receive,18842134623,5005854
18847141054,18,6,receive,18842177125,4963929
18847141502,188,15,receive,18842177631,4963871
18847141948,62,14,receive,18842178311,4963637
18847142573,200,6,receive,18841872347,5270226
18847143105,64,19,receive,18842077130,5065975
18847183471,172,17,receive,18842167484,5015987
18847183865,20,10,receive,18842174303,5009562
18847184401,86,22,receive,18842155887,5028514
18847184960,182,11,receive,18842181240,5003720
18847185499,160,7,receive,18842181682,5003817
18847185863,156,13,receive,18842181973,5003890
18847186287,54,17,receive,18842150212,5036075
18847186709,128,19,receive,18842162325,5024384
18847236623,122,22,receive,18842182440,5054183
18847238361,136,22,receive,18842155916,5082445
18847238978,176,11,receive,18842109294,5129684
18847239374,10,14,receive,18842154669,5084705
18847239767,50,11,receive,18842186744,5053023
18847240172,150,20,receive,18842136338,5103834
18847240599,14,14,receive,18841988292,5252307
18847241150,194,11,receive,18842168603,5072547
18847287113,110,16,receive,18842187645,5099468
18847287562,114,25,receive,18842151866,5135696
18847287932,34,26,receive,18842163745,5124187
18847288475,44,15,receive,18842131242,5157233
18847288871,164,15,receive,18842106549,5182322
18847289249,46,20,receive,18842185891,5103358
18847289623,84,16,receive,18842138378,5151245
18847289997,184,17,receive,18842159531,5130466
18847290373,46,21,receive,18842191952,5098421
18847290756,50,12,receive,18842192940,5097816
18847291159,142,15,receive,18842118570,5172589
18847291518,68,20,receive,18842191349,5100169
18847291882,46,22,receive,18842194088,5097794
18847292320,14,15,receive,18842195627,5096693
18847292744,144,13,receive,18842102520,5190224
18847332110,132,20,receive,18842039625,5292485
18847332501,140,39,receive,18842148794,5183707
18847332936,58,9,receive,18842165789,5167147
18847333595,16,14,receive,18842060891,5272704
18847334014,116,19,receive,18842193122,5140892
18847334401,50,13,receive,18842199147,5135254
18847334772,50,14,receive,18842199299,5135473
18847336068,182,12,receive,18842198442,5137626
18847336747,116,20,receive,18842200183,5136564
18847375873,66,14,receive,18842178406,5197467
18847376260,42,25,receive,18842162170,5214090
18847376620,40,18,receive,18842177048,5199572
18847377083,130,18,receive,18842178806,5198277
18847377665,50,15,receive,18842204469,5173196
18847378107,36,26,receive,18842189221,5188886
18847378481,118,29,receive,18842163933,5214548
18847378846,174,15,receive,18842152617,5226229
18847379208,196,8,receive,18842133182,5246026
18847379569,36,27,receive,18842205977,5173592
18847379995,170,17,receive,18842166707,5213288
18847380383,106,18,receive,18842160224,5220159
18847380746,18,7,receive,18842209451,5171295
18847419369,198,9,receive,18842182011,5237358
18847419751,72,8,receive,18842123508,5296243
18847420231,104,18,receive,18842145147,5275084
18847420598,190,15,receive,18842115672,5304926
18847420964,128,20,receive,18842188682,5232282
18847421398,70,19,receive,18842168502,5252896
18847421780,162,25,receive,18842156705,5265075
18847422161,180,18,receive,18842144014,5278147
18847422561,112,22,receive,18842127644,5294917
18847422947,134,21,receive,18842158021,5264926
18847423396,90,18,receive,18842167492,5255904
18847423779,102,20,receive,18842211782,5211997
18847424153,148,12,receive,18842211651,5212502
18847424518,92,12,receive,18842066160,5358358
18847424894,38,22,receive,18842199409,5225485
18847463763,56,21,receive,18842136158,5327605
18847464162,76,29,receive,18842207173,5256989
18847464532,158,24,receive,18842201422,5263110
18847465002,50,16,receive,18842219727,5245275
18847465441,152,16,receive,18842178505,5286936
18847465842,78,19,receive,18842157048,5308794
18847466220,26,21,receive,18842212871,5253349
18847466590,54,18,receive,18842186624,5279966
18847466956,16,15,receive,18842221713,5245243
18847467394,82,12,receive,18842175131,5292263
18847467765,168,17,receive,18842192083,5275682
18847468131,22,23,receive,18842183182,5284949
18847468505,50,17,receive,18842226933,5241572
18847468893,12,15,receive,18842176624,5292269
18847469336,180,19,receive,18842233089,5236247
18847508007,162,26,receive,18842232977,5275030
18847508441,66,15,receive,18842213681,5294760
18847508808,116,21,receive,18842249066,5259742
18847509373,198,10,receive,18842257394,5251979
18847509740,32,4,receive,18841925632,5584108
18847510122,70,20,receive,18842250899,5259223
18847510483,26,22,receive,18842250832,5259651
18847510845,96,33,receive,18842262753,5248092
18847511278,76,30,receive,18842254093,5257185
18847511640,22,24,receive,18842248441,5263199
18847512031,36,29,receive,18842271950,5240081
18847512389,54,19,receive,18842266036,5246353
18847546306,116,22,receive,18842286818,5259488
18847546717,104,21,receive,18842317928,5228789
18847547100,174,17,receive,18842267264,5279836
18847547575,164,17,receive,18842289630,5257945
18847547937,190,16,receive,18842259803,5288134
18847548323,70,21,receive,18842312195,5236128
18847551215,180,20,receive,18842270909,5280306
18847551650,130,22,receive,18842282903,5268747
18847552017,162,27,receive,18842280499,5271518
18847552383,20,13,receive,18842300952,5251431
18847552940,76,31,receive,18842302007,5250933
18847553367,54,20,receive,18842279266,5274101
18847595513,160,10,receive,18842286022,5309491
18847596076,22,25,receive,18842292118,5303958
18847596847,36,31,receive,18842362026,5234821
18847597242,130,23,receive,18842348859,5248383
18847597663,116,23,receive,18842331403,5266260
18847598089,20,14,receive,18842331593,5266496
18847598467,132,23,receive,18842327147,5271320
18847598938,114,28,receive,18842355355,5243583
18847599340,72,11,receive,18842292426,5306914
18847599717,24,23,receive,18842366874,5232843
18847605385,24,24,receive,18842370732,5234653
18847613316,144,17,receive,18842369911,5243405
18847614103,104,22,receive,18842342371,5271732
18847617026,70,22,receive,18842368798,5248228
18847618935,22,26,receive,18842335926,5283009
18847620459,118,33,receive,18842367972,5252487
18847622992,24,25,receive,18842396055,5226937
18847625527,126,23,receive,18842403985,5221542
18847627182,10,18,receive,18842386372,5240810
18847629396,92,16,receive,18842402580,5226816
18847632766,114,29,receive,18842381420,5251346
18847636153,70,23,receive,18842418838,5217315
18847639676,66,17,receive,18842357057,5282619
18847642064,10,19,receive,18842419700,5222364
18847645105,144,18,receive,18842385038,5260067
18847647416,152,19,receive,18842393704,5253712
18847649949,22,27,receive,18842416259,5233690
18847652905,178,20,receive,18842414029,5238876
18847655324,160,12,receive,18842410227,5245097
18847658532,70,24,receive,18842464167,5194365
18847661002,126,24,receive,18842440849,5220153
18847665601,98,17,receive,18842367627,5297974
18847669423,118,34,receive,18842438723,5230700
18847673710,152,20,receive,18842447483,5226227
18847675323,186,31,receive,18842454322,5221001
18847677802,22,28,receive,18842434762,5243040
18847704663,16,20,receive,18842437527,5267136
18847705079,190,18,receive,18842469041,5236038
18847708755,160,13,receive,18842455719,5253036
18847735031,54,24,receive,18842446653,5288378
18847735535,86,27,receive,18842438073,5297462
18847736047,144,19,receive,18842464586,5271461
18847736558,10,20,receive,18842427096,5309462
18847737001,140,45,receive,18842511291,5225710
18847737373,190,19,receive,18842485290,5252083
18847737747,188,21,receive,18842466312,5271435
18847738196,90,23,receive,18842487914,5250282
18847738683,130,26,receive,18842480927,5257756
18847739062,178,21,receive,18842466420,5272642
18847739451,118,35,receive,18842514514,5224937
18847763848,38,28,receive,18842486516,5277332
18847764248,152,21,receive,18842515413,5248835
18847764637,46,28,receive,18842484770,5279867
18847765010,168,22,receive,18842470665,5294345
18847765391,126,25,receive,18842499677,5265714
18847765812,78,24,receive,18842471591,5294221
18847766190,54,25,receive,18842513319,5252871
18847766585,158,32,receive,18842551779,5214806
18847766991,46,29,receive,18842558896,5208095
18847767360,176,16,receive,18842500979,5266381
18847767782,196,16,receive,18842552043,5215739
18847798006,188,22,receive,18842539425,5258581
18847798396,118,36,receive,18842565169,5233227
18847798767,130,27,receive,18842554443,5244324
18847799376,168,23,receive,18842527296,5272080
18847799840,46,30,receive,18842571487,5228353
18847800230,12,23,receive,18842558249,5241981
18847800698,76,36,receive,18842562320,5238378
18847802419,76,37,receive,18842573783,5228636
18847802967,144,22,receive,18842589808,5213159
18847803353,150,29,receive,18842599371,5203982
18847803736,160,16,receive,18842624273,5179463
18847804113,160,17,receive,18842629337,5174776
18847804486,114,33,receive,18842611614,5192872
18847838931,188,24,receive,18842629017,5209914
18847839338,54,27,receive,18842615345,5223993
18847839739,68,28,receive,18842619319,5220420
18847840130,110,25,receive,18842590307,5249823
18847840496,78,26,receive,18842596931,5243565
18847840888,56,31,receive,18842632373,5208515
18847841261,72,16,receive,18842599909,5241352
18847841623,48,28,receive,18842625329,5216294
18847841989,182,21,receive,18842610381,5231608
18847842351,68,29,receive,18842669839,5172512
18847842740,144,23,receive,18842676072,5166668
18847843145,72,17,receive,18842666545,5176600
18847843574,96,42,receive,18842686876,5156698
18847843940,14,25,receive,18842686819,5157121
18847881111,84,27,receive,18842683380,5197731
18847881708,132,29,receive,18842658083,5223625
18847882094,58,19,receive,18842648128,5233966
18847882469,58,20,receive,18842689245,5193224
18847882854,142,25,receive,18842684513,5198341
18847883229,82,21,receive,18842645224,5238005
18847883650,116,30,receive,18842690376,5193274
18847884028,8,27,receive,18842710518,5173510
18847884411,114,35,receive,18842725857,5158554
18847886665,182,23,receive,18842726173,5160492
18847887119,176,19,receive,18842703444,5183675
18847887530,82,22,receive,18842720972,5166558
18847888016,188,26,receive,18842703203,5184813
18847888382,118,39,receive,18842696771,5191611
18847888838,58,21,receive,18842732594,5156244
18847889246,78,28,receive,18842719952,5169294
18847889835,96,43,receive,18842707513,5182322
18847928663,84,28,receive,18842714655,5214008
18847929128,44,27,receive,18842700999,5228129
18847929517,132,30,receive,18842709900,5219617
18847930027,38,33,receive,18842764675,5165352
18847930403,150,32,receive,18842781120,5149283
18847930809,116,31,receive,18842743827,5186982
18847931221,132,31,receive,18842768632,5162589
18847931601,58,22,receive,18842775729,5155872
18847931985,112,34,receive,18842774325,5157660
18847932361,182,24,receive,18842767819,5164542
18847932764,96,44,receive,18842760545,5172219
18847933217,126,29,receive,18842740815,5192402
18847933596,82,23,receive,18842762387,5171209
18847970289,136,33,receive,18842752655,5217634
18847970670,8,28,receive,18842756231,5214439
18847971124,84,29,receive,18842765565,5205559
18847971590,116,32,receive,18842792161,5179429
18847971956,128,33,receive,18842830624,5141332
18847972326,58,23,receive,18842835037,5137289
18847972726,150,33,receive,18842826485,5146241
18847973112,182,25,receive,18842816138,5156974
18847974099,148,24,receive,18842809836,5164263
18847975028,132,32,receive,18842833539,5141489
18847975998,182,26,receive,18842837279,5138719
18847976694,22,36,receive,18842797085,5179609
18848010241,84,30,receive,18842802875,5207366
18848011217,18,15,receive,18842807342,5203875
18848011649,44,29,receive,18842803419,5208230
18848012333,62,27,receive,18842824962,5187371
18848012698,82,24,receive,18842829814,5182884
18848013056,188,28,receive,18842837291,5175765
18848014388,22,37,receive,18842841289,5173099
18848014880,18,16,receive,18842842843,5172037
18848049228,22,38,receive,18842867895,5181333
18848049616,184,30,receive,18842859337,5190279
18848049998,44,30,receive,18842884440,5165558
18848050522,200,20,receive,18842865061,5185461
18848050884,182,28,receive,18842891059,5159825
18848051401,82,25,receive,18842863068,5188333
18848051797,6,30,receive,18842863876,5187921
18848052298,62,28,receive,18842872815,5179483
18848053045,148,25,receive,18842875787,5177258
18848053669,184,31,receive,18842891832,5161837
18848082356,142,29,receive,18842870420,5211936
18848083024,188,29,receive,18842844345,5238679
18848083777,150,35,receive,18842915943,5167834
18848084322,88,30,receive,18842906514,5177808
18848084917,58,25,receive,18842936882,5148035
18848085307,84,32,receive,18842906575,5178732
18848085684,190,24,receive,18842819014,5266670
18848086105,182,29,receive,18842907351,5178754
18848086478,126,31,receive,18842879277,5207201
18848087068,14,30,receive,18842913534,5173534
18848121074,116,34,receive,18842912165,5208909
18848121463,134,35,receive,18842907472,5213991
18848121827,188,30,receive,18842928421,5193406
18848122192,82,26,receive,18842915606,5206586
18848122605,84,33,receive,18842983908,5138697
18848123015,96,48,receive,18842981285,5141730
18848123672,58,26,receive,18842981425,5142247
18848124046,116,35,receive,18842973981,5150065
18848124413,30,30,receive,18842944521,5179892
18848124803,54,35,receive,18842952655,5172148
18848125242,126,32,receive,18842959309,5165933
18848125604,22,40,receive,18842994087,5131517
18848125958,88,31,receive,18842954990,5170968
18848126320,176,24,receive,18842958203,5168117
18848126672,138,33,receive,18842994960,5131712
18848127112,158,42,receive,18842974157,5152955
18848127475,102,36,receive,18842990369,5137106
18848127835,20,28,receive,18842957393,5170442
18848128191,184,33,receive,18842965961,5162230
18848162131,134,36,receive,18842956808,5205323
18848162520,2,29,receive,18843004802,5157718
18848162889,138,34,receive,18843043188,5119701
18848163444,146,35,receive,18843021756,5141688
18848163811,158,43,receive,18843028254,5135557
18848164251,30,31,receive,18843042419,5121832
18848164829,184,34,receive,18843026505,5138324
18848165329,80,44,receive,18843012889,5152440
18848165710,58,27,receive,18843018938,5146772
18848166075,8,33,receive,18843020745,5145330
18848166440,82,29,receive,18843011549,5154891
18848166802,142,32,receive,18843028224,5138578
18848167198,170,34,receive,18843031706,5135492
18848167571,78,34,receive,18843047104,5120467
18848201269,146,36,receive,18843059338,5141931
18848201665,96,50,receive,18843058965,5142700
18848202029,168,33,receive,18843071285,5130744
18848202492,80,45,receive,18843073478,5129014
18848202857,142,33,receive,18843095601,5107256
18848203266,184,35,receive,18843074993,5128273
18848203636,148,29,receive,18843077988,5125648
18848204005,14,33,receive,18843061400,5142605
18848204368,10,33,receive,18843052683,5151685
18848204733,170,35,receive,18843097095,5107638
18848205126,140,58,receive,18843077859,5127267
18848205504,80,46,receive,18843114106,5091398
18848205869,70,38,receive,18843118111,5087758
18848206465,82,31,receive,18843123099,5083366
18848246358,24,42,receive,18843123894,5122464
18848247710,66,34,receive,18843109406,5138304
18848248178,170,36,receive,18843130150,5118028
18848248671,42,47,receive,18843139038,5109633
18848249076,154,37,receive,18843140181,5108895
18848249529,134,39,receive,18843133899,5115630
18848249978,8,35,receive,18843152131,5097847
18848250441,34,45,receive,18843132011,5118430
18848278359,148,30,receive,18843129346,5149013
18848278981,96,52,receive,18843135666,5143315
18848279393,26,39,receive,18843169110,5110283
18848279880,26,40,receive,18843204031,5075849
18848280348,28,47,receive,18843198773,5081575
18848280823,70,39,receive,18843172913,5107910
18848281183,24,43,receive,18843202693,5078490
18848281666,82,32,receive,18843168600,5113066
18848282093,174,34,receive,18843197900,5084193
18848282525,146,38,receive,18843193099,5089426
18848282922,78,36,receive,18843180875,5102047
18848316899,170,37,receive,18843179324,5137575
18848317286,154,38,receive,18843187144,5130142
18848317735,108,28,receive,18843209004,5108731
18848318288,42,48,receive,18843203598,5114690
18848318647,34,46,receive,18843166646,5152001
18848319084,34,47,receive,18843211721,5107363
18848319453,68,39,receive,18843206400,5113053
18848319823,2,33,receive,18843222098,5097725
18848320196,168,36,receive,18843233999,5086197
18848320564,26,41,receive,18843247501,5073063
18848320983,24,44,receive,18843233584,5087399
18848321373,10,36,receive,18843241842,5079531
18848337804,26,42,receive,18843260941,5076863
18848338735,34,48,receive,18843242973,5095762
18848344020,106,42,receive,18843256056,5087964
18848344939,166,34,receive,18843254924,5090015
18848346980,174,35,receive,18843216577,5130403
18848352649,42,49,receive,18843244547,5108102
18848354232,146,39,receive,18843223115,5131117
18848355787,148,32,receive,18843227380,5128407
18848357566,78,37,receive,18843228485,5129081
18848359683,82,34,receive,18843264392,5095291
18848361998,2,34,receive,18843296157,5065841
18848374172,70,41,receive,18843291751,5082421
18848376580,174,36,receive,18843305881,5070699
18848379104,14,37,receive,18843265218,5113886
18848382172,24,45,receive,18843304977,5077195
18848384385,144,35,receive,18843277500,5106885
18848387067,10,37,receive,18843307250,5079817
18848389319,34,49,receive,18843305013,5084306
18848391502,200,28,receive,18843304553,5086949
18848394033,26,43,receive,18843280282,5113751
18848396377,28,49,receive,18843287647,5108730
18848401068,46,48,receive,18843281768,5119300
18848403676,106,43,receive,18843277241,5126435
18848405656,98,34,receive,18843298749,5106907
18848408552,16,33,receive,18843261289,5147263
18848411049,180,39,receive,18843357909,5053140
18848413677,2,35,receive,18843327964,5085713
18848416258,98,35,receive,18843362693,5053565
18848418095,34,50,receive,18843351182,5066913
18848424532,200,29,receive,18843337418,5087114
18848424995,14,38,receive,18843347304,5077691
18848425384,10,38,receive,18843342304,5083080
18848425757,90,40,receive,18843330281,5095476
18848426120,26,44,receive,18843334864,5091256
18848426484,28,50,receive,18843355750,5070734
18848426841,34,51,receive,18843390451,5036390
18848427202,186,50,receive,18843375368,5051834
18848427646,82,37,receive,18843415421,5012225
18848428022,106,45,receive,18843392181,5035841
18848428382,200,30,receive,18843374443,5053939
18848428756,90,41,receive,18843394142,5034614
18848460035,24,47,receive,18843372012,5088023
18848460481,186,51,receive,18843417696,5042785
18848460895,180,40,receive,18843373021,5087874
18848461365,128,45,receive,18843385117,5076248
18848461730,28,51,receive,18843388986,5072744
18848462097,48,43,receive,18843443429,5018668
18848462481,34,52,receive,18843457896,5004585
18848462899,172,41,receive,18843434280,5028619
18848463276,128,46,receive,18843444377,5018899
18848463644,106,46,receive,18843461618,5002026
18848464003,166,37,receive,18843442512,5021491
18848464360,118,52,receive,18843449641,5014719
18848464715,98,37,receive,18843458644,5006071
18848496598,82,38,receive,18843420811,5075787
18848496996,174,39,receive,18843443313,5053683
18848497362,70,44,receive,18843447077,5050285
18848497833,176,33,receive,18843424915,5072918
18848498198,168,41,receive,18843476758,5021440
18848498590,18,25,receive,18843463351,5035239
18848498967,86,46,receive,18843482181,5016786
18848499335,124,41,receive,18843476915,5022420
18848499803,82,39,receive,18843468681,5031122
18848500205,82,40,receive,18843510206,4989999
18848500629,116,45,receive,18843476344,5024285
18848501001,30,40,receive,18843477683,5023318
18848501369,92,40,receive,18843469343,5032026
18848533539,98,38,receive,18843473504,5060035
18848533925,34,53,receive,18843496294,5037631
18848534292,140,67,receive,18843532010,5002282
18848534760,8,42,receive,18843533528,5001232
18848535276,142,42,receive,18843509847,5025429
18848535648,128,48,receive,18843544545,4991103
18848536014,98,40,receive,18843520738,5015276
18848536380,88,41,receive,18843541597,4994783
18848536743,92,41,receive,18843554657,4982086
18848537102,6,43,receive,18843527021,5010081
18848537549,188,42,receive,18843545226,4992323
18848537983,124,42,receive,18843513828,5024155
18848555470,64,45,receive,18843527558,5027912
18848556721,116,46,receive,18843525415,5031306
18848559381,198,34,receive,18843548821,5010560
18848561601,6,44,receive,18843561602,4999999
18848564844,140,68,receive,18843600007,4964837
18848567650,98,41,receive,18843584060,4983590
18848569065,188,43,receive,18843605420,4963645
18848571334,96,59,receive,18843603567,4967767
18848573541,116,47,receive,18843570823,5002718
18848575203,34,57,receive,18843606155,4969048
18848577325,66,42,receive,18843568783,5008542
18848578551,88,42,receive,18843584456,4994095
18848580072,6,45,receive,18843570131,5009941
18848582947,106,49,receive,18843609648,4973299
18848584885,124,43,receive,18843578508,5006377
18848587228,64,46,receive,18843610511,4976717
18848588799,92,42,receive,18843572697,5016102
18848590738,98,42,receive,18843633111,4957627
18848592808,142,44,receive,18843643441,4949367
18848594433,14,44,receive,18843635273,4959160
18848596172,96,60,receive,18843647909,4948263
18848600667,90,46,receive,18843651287,4949380
18848601833,106,50,receive,18843645301,4956532
18848604307,104,48,receive,18843661720,4942587
18848673129,200,35,receive,18843654024,5019105
18848674658,40,48,receive,18843643276,5031382
18848676289,6,46,receive,18843623135,5053154
18848677891,34,58,receive,18843634503,5043388
18848679459,78,44,receive,18843635226,5044233
18848681004,184,44,receive,18843662611,5018393
18848683552,174,44,receive,18843693875,4989677
18848684942,114,55,receive,18843689407,4995535
18848686769,200,36,receive,18843689559,4997210
18848692259,188,44,receive,18843661836,5030423
18848694189,22,54,receive,18843694458,4999731
18848696130,8,45,receive,18843692275,5003855
18848698204,70,49,receive,18843717628,4980576
18848699830,196,41,receive,18843690583,5009247
18848701799,82,45,receive,18843722130,4979669
18848707219,124,45,receive,18843715661,4991558
18848708498,100,52,receive,18843706445,5002053
18848710702,6,47,receive,18843669498,5041204
18848712397,88,44,receive,18843717666,4994731
18848713622,190,31,receive,18843649047,5064575
18848726619,178,47,receive,18843680902,5045717
18848727813,68,49,receive,18843673922,5053891
18848728968,4,56,receive,18843749530,4979438
18848732056,24,54,receive,18843766877,4965179
18848732924,22,55,receive,18843767445,4965479
18848733720,86,51,receive,18843770881,4962839
18848734586,30,46,receive,18843766127,4968459
18848735389,120,62,receive,18843786291,4949098
18848737782,148,43,receive,18843757389,4980393
18848739584,52,61,receive,18843774325,4965259
18848740982,20,44,receive,18843764435,4976547
18848749522,162,56,receive,18843787678,4961844
18848752490,154,49,receive,18843781623,4970867
18848754486,12,49,receive,18843765764,4988722
18848757039,8,46,receive,18843747633,5009406
18848760232,102,53,receive,18843758233,5001999
18848762279,74,44,receive,18843828437,4933842
18848764652,120,63,receive,18843825005,4939647
18848766770,78,47,receive,18843822168,4944602
18848769023,148,44,receive,18843827546,4941477
18848773906,24,55,receive,18843803280,4970626
18848777402,22,56,receive,18843815337,4962065
18848778420,16,38,receive,18843722112,5056308
18848780428,88,46,receive,18843815415,4965013
18848781566,30,47,receive,18843831774,4949792
18848782751,182,48,receive,18843830919,4951832
18848783975,4,57,receive,18843808827,4975148
18848785307,124,48,receive,18843858656,4926651
18848787717,166,46,receive,18843850557,4937160
18848789239,100,55,receive,18843846432,4942807
18848796473,40,52,receive,18843848510,4947963
18848799805,74,45,receive,18843858817,4940988
18848802070,120,64,receive,18843881632,4920438
18848804084,104,53,receive,18843874583,4929501
18848806054,24,56,receive,18843859299,4946755
18848807971,194,45,receive,18843849829,4958142
18848809861,68,52,receive,18843868913,4940948
18848816897,100,56,receive,18843885039,4931858
18848818518,148,45,receive,18843854854,4963664
18848819910,22,57,receive,18843858116,4961794
18848822478,120,65,receive,18843906492,4915986
18848824571,6,51,receive,18843901974,4922597
18848826637,190,34,receive,18843881799,4944838
18848828716,82,49,receive,18843903735,4924981
18848832988,174,48,receive,18843921645,4911343
18848834757,200,40,receive,18843911674,4923083
18848837083,146,53,receive,18843921359,4915724
18848839251,124,49,receive,18843910298,4928953
18848842302,74,46,receive,18843920976,4921326
18848843891,100,57,receive,18843887375,4956516
18848846086,108,41,receive,18843928455,4917631
18848848104,40,53,receive,18843891226,4956878
18848849926,188,48,receive,18843920907,4929019
18848860486,120,66,receive,18843957610,4902876
18848862202,82,50,receive,18843956900,4905302
18848863764,168,51,receive,18843977239,4886525
18848871217,186,61,receive,18843959425,4911792
18848871920,100,58,receive,18843956383,4915537
18848873607,6,52,receive,18843949911,4923696
18848875439,132,56,receive,18843951154,4924285
18848876713,40,54,receive,18843967879,4908834
18848878894,182,52,receive,18843973498,4905396
18848881376,154,55,receive,18843950457,4930919
18848884746,124,50,receive,18843952883,4931863
18848886041,100,59,receive,18843986447,4899594
18848888412,194,47,receive,18843959912,4928500
18848901670,104,55,receive,18843976455,4925215
18848904054,6,53,receive,18844022002,4882052
18848905631,186,62,receive,18844000774,4904857
18848907718,120,67,receive,18844018452,4889266
18848910140,66,52,receive,18844011304,4898836
18848911968,182,53,receive,18844015386,4896582
18848913944,62,52,receive,18844034469,4879475
18848916831,40,55,receive,18844018528,4898303
18848917988,8,51,receive,18844014225,4903763
18848920323,194,48,receive,18844020644,4899679
18848922380,180,53,receive,18844012571,4909809
18848923558,124,51,receive,18844002300,4921258
18848926592,30,52,receive,18844008163,4918429
18848928153,74,48,receive,18844023155,4904998
18848930304,100,61,receive,18844071422,4858882
18848931535,186,63,receive,18844039375,4892160
18848934354,120,68,receive,18844084667,4849687
18848936267,6,54,receive,18844083293,4852974
18848939074,154,57,receive,18844054468,4884606
18848940733,172,52,receive,18844048061,4892672
18848943091,182,54,receive,18844084236,4858855
18848945023,62,53,receive,18844079212,4865811
18848946685,194,49,receive,18844044232,4902453
18848954182,26,57,receive,18844044315,4909867
18848955538,4,61,receive,18844039965,4915573
18848957662,30,53,receive,18844086633,4871029
18848959406,36,67,receive,18844085509,4873897
18848961489,70,60,receive,18844094231,4867258
18848963876,178,56,receive,18844086802,4877074
18848965555,120,69,receive,18844101331,4864224
18848967325,16,41,receive,18844019204,4948121
18848968900,20,50,receive,18844127620,4841280
18848970146,166,50,receive,18844087780,4882366
18848973305,32,42,receive,18844109412,4863893
18848975079,56,64,receive,18844103571,4871508
18848976445,54,59,receive,18844085320,4891125
18848983495,168,54,receive,18844109436,4874059
18848985437,92,51,receive,18844111162,4874275
18848988863,2,50,receive,18844170883,4817980
18848992010,126,50,receive,18844092007,4900003
18848993218,136,60,receive,18844136374,4856844
18848994265,178,57,receive,18844179358,4814907
18848995769,158,68,receive,18844141280,4854489
18848997203,132,61,receive,18844163694,4833509
18849000197,20,51,receive,18844139262,4860935
18849002312,164,41,receive,18844128723,4873589
18849007841,70,61,receive,18844172750,4835091
18849009407,166,51,receive,18844169963,4839444
18849011000,22,64,receive,18844155013,4855987
18849012938,54,60,receive,18844163215,4849723
18849014240,32,43,receive,18844145120,4869120
18849016193,56,67,receive,18844220324,4795869
18849018163,32,44,receive,18844209014,4809149
18849020166,168,56,receive,18844232098,4788068
18849022109,82,55,receive,18844213451,4808658
18849025042,6,57,receive,18844236502,4788540
18849026723,62,56,receive,18844231397,4795326
18849029058,136,61,receive,18844195557,4833501
18849032408,154,60,receive,18844196057,4836351
18849034004,122,62,receive,18844223551,4810453
18849035752,34,72,receive,18844242054,4793698
18849037327,160,50,receive,18844253865,4783462
18849039540,72,48,receive,18844253780,4785760
18849041326,22,66,receive,18844252807,4788519
18849042905,156,55,receive,18844233802,4809103
18849045319,106,61,receive,18844234656,4810663
18849046902,178,59,receive,18844241339,4805563
18849051665,68,59,receive,18844268565,4783100
18849054522,142,56,receive,18844251880,4802642
18849056102,198,48,receive,18844261522,4794580
18849059003,20,53,receive,18844254595,4804408
18849061224,174,56,receive,18844310991,4750233
18849064853,150,65,receive,18844278840,4786013
18849069659,80,70,receive,18844309428,4760231
18849072971,114,67,receive,18844313355,4759616
18849074706,156,56,receive,18844298429,4776277
18849077732,112,66,receive,18844311380,4766352
18849079153,146,61,receive,18844280497,4798656
18849082947,176,51,receive,18844304853,4778094
18849086378,44,59,receive,18844281475,4804903
18849088737,46,69,receive,18844274534,4814203
18849090304,84,62,receive,18844364353,4725951
18849095133,132,64,receive,18844320226,4774907
18849097394,156,57,receive,18844351377,4746017
18849099846,120,74,receive,18844334325,4765521
18849102232,80,71,receive,18844332478,4769754
18849104226,16,44,receive,18844340097,4764129
18849106017,174,57,receive,18844333650,4772367
18849107602,22,68,receive,18844367076,4740526
18849109233,150,66,receive,18844353344,4755889
18849112637,112,67,receive,18844370863,4741774
18849114922,114,69,receive,18844371351,4743571
18849116878,46,70,receive,18844370415,4746463
18849119461,44,60,receive,18844345089,4774372
18849123672,150,67,receive,18844372046,4751626
18849125257,24,64,receive,18844337444,4787813
18849126868,148,55,receive,18844337428,4789440
18849131124,114,70,receive,18844387626,4743498
18849137532,120,75,receive,18844385843,4751689
18849139053,44,61,receive,18844406636,4732417
18849141486,24,65,receive,18844398070,4743416
18849146819,36,74,receive,18844423212,4723607
18849148393,126,52,receive,18844293075,4855318
18849150434,140,84,receive,18844408897,4741537
18849153690,54,65,receive,18844392613,4761077
18849154437,90,61,receive,18844411847,4742590
18849155245,46,71,receive,18844394934,4760311
18849156423,112,68,receive,18844415372,4741051
18849158103,146,63,receive,18844426105,4731998
18849159784,112,69,receive,18844463479,4696305
18849164226,186,71,receive,18844475113,4689113
18849165970,70,68,receive,18844472795,4693175
18849167487,114,71,receive,18844461789,4705698
18849169190,14,60,receive,18844429721,4739469
18849170745,36,75,receive,18844470832,4699913
18849173349,96,77,receive,18844447945,4725404
18849174507,174,59,receive,18844437487,4737020
18849176797,90,62,receive,18844457350,4719447
18849178769,178,63,receive,18844459341,4719428
18849180699,126,53,receive,18844452480,4728219
18849182729,106,65,receive,18844470988,4711741
18849184802,60,65,receive,18844472518,4712284
18849186756,10,61,receive,18844478527,4708229
18849188976,136,66,receive,18844493780,4695196
18849190909,54,67,receive,18844483874,4707035
18849192911,150,70,receive,18844500193,4692718
18849194840,50,64,receive,18844499389,4695451
18849196810,22,71,receive,18844489711,4707099
18849198970,70,69,receive,18844520676,4678294
18849200934,192,63,receive,18844498864,4702070
18849203244,112,70,receive,18844518184,4685060
18849205427,46,74,receive,18844473715,4731712
18849207440,162,71,receive,18844479854,4727586
18849209379,32,50,receive,18844551555,4657824
18849211393,118,72,receive,18844517498,4693895
18849213845,192,64,receive,18844553751,4660094
18849215715,62,62,receive,18844538614,4677101
18849217781,156,62,receive,18844548442,4669339
18849219807,162,72,receive,18844538473,4681334
18849222266,140,87,receive,18844562763,4659503
18849223783,80,75,receive,18844546729,4677054
18849225691,10,62,receive,18844565599,4660092
18849227662,98,61,receive,18844563487,4664175
18849230028,70,70,receive,18844569641,4660387
18849232039,46,75,receive,18844553259,4678780
18849234347,136,67,receive,18844530762,4703585
18849235486,32,51,receive,18844608544,4626942
18849239287,108,56,receive,18844587249,4652038
18849240957,60,67,receive,18844601655,4639302
18849243523,188,60,receive,18844603121,4640402
18849244695,78,63,receive,18844610563,4634132
18849245869,70,71,receive,18844580658,4665211
18849247365,98,62,receive,18844626954,4620411
18849249772,78,64,receive,18844627973,4621799
18849255100,44,65,receive,18844597957,4657143
18849256747,88,61,receive,18844658224,4598523
18849258322,98,63,receive,18844653738,4604584
18849260066,108,57,receive,18844654099,4605967
18849261221,156,64,receive,18844663189,4598032
18849262842,190,46,receive,18844650233,4612609
18849264453,156,65,receive,18844676807,4587646
18849266126,32,52,receive,18844647489,4618637
18849267257,70,72,receive,18844645430,4621827
18849269376,128,70,receive,18844660287,4609089
18849271422,14,64,receive,18844675085,4596337
18849272940,80,77,receive,18844635511,4637429
18849274921,108,58,receive,18844721053,4553868
18849276862,50,68,receive,18844718732,4558130
18849278872,150,74,receive,18844680363,4598509
18849281387,184,63,receive,18844693295,4588092
18849283410,180,67,receive,18844694284,4589126
18849285348,90,67,receive,18844684685,4600663
18849289722,134,71,receive,18844684604,4605118
18849292274,60,69,receive,18844674578,4617696
18849293882,192,67,receive,18844714805,4579077
18849300823,148,62,receive,18844694515,4606308
18849303525,178,70,receive,18844723116,4580409
18849318194,60,70,receive,18844726475,4591719
