receive_timestamp,source_vehicle,message_id,event_type,send_timestamp,latency_us
373577078,590,4,receive,373292667,284411
373577527,104,2,receive,373292892,284635
373577986,90,2,receive,373293038,284948
373578380,778,2,receive,373293094,285286
373781016,432,1,receive,373294811,486205
373781397,68,1,receive,373294917,486480
373781768,346,1,receive,373295462,486306
373782201,320,1,receive,373296620,485581
373782660,108,2,receive,373288603,494057
373783098,84,1,receive,373282609,500489
373783496,302,1,receive,373297189,486307
373784345,84,2,receive,373297268,487077
373784751,612,1,receive,373297315,487436
373785630,150,2,receive,373297382,488248
373786641,974,1,receive,373292613,494028
374029289,674,1,receive,373297959,731330
374029719,106,2,receive,373298141,731578
374030189,778,3,receive,373298369,731820
374030602,104,3,receive,373300144,730458
374031026,98,2,receive,373301015,730011
374031449,152,3,receive,373301213,730236
374031844,384,1,receive,373301901,729943
374032710,86,2,receive,373303095,729615
374033165,448,1,receive,373303372,729793
374033627,486,1,receive,373304542,729085
374034054,42,3,receive,373242320,791734
374266999,426,1,receive,373306585,960414
374267462,160,2,receive,373306687,960775
374267899,634,1,receive,373308105,959794
374268318,408,1,receive,373308867,959451
374268722,870,1,receive,373309486,959236
374269136,210,1,receive,373310039,959097
374269586,26,4,receive,373245006,1024580
374270186,114,4,receive,373311673,958513
374270643,64,3,receive,373282318,988325
374271093,30,1,receive,373312619,958474
374492356,196,4,receive,373313394,1178962
374492931,408,2,receive,373314436,1178495
374493583,974,2,receive,373314787,1178796
374494093,140,2,receive,373316070,1178023
374494527,104,4,receive,373316474,1178053
374494966,184,4,receive,373316662,1178304
374495471,166,1,receive,373316885,1178586
374495920,128,4,receive,373317077,1178843
374496352,790,1,receive,373318464,1177888
374496780,798,1,receive,373318566,1178214
374759470,50,1,receive,373318434,1441036
374759952,196,5,receive,373318774,1441178
374760389,54,1,receive,373318997,1441392
374760806,18,2,receive,373320016,1440790
374761222,202,3,receive,373294291,1466931
374761679,80,1,receive,373322157,1439522
374762109,86,3,receive,373322441,1439668
374762535,400,1,receive,373323456,1439079
374763014,122,1,receive,373296841,1466173
374763538,158,1,receive,373304081,1459457
374763974,230,2,receive,373326675,1437299
375020480,320,2,receive,373327062,1693418
375020963,98,3,receive,373323391,1697572
375021450,384,2,receive,373330017,1691433
375021883,252,1,receive,373331018,1690865
375022321,634,2,receive,373331441,1690880
375022751,632,1,receive,373332263,1690488
375023214,118,1,receive,373332253,1690961
375023636,6,4,receive,373278304,1745332
375024050,90,3,receive,373332855,1691195
375029296,818,1,receive,373332891,1696405
375551050,90,4,receive,373333221,2217829
375551466,400,2,receive,373333307,2218159
375551880,150,3,receive,373334297,2217583
375552284,44,5,receive,373273715,2278569
375552728,154,2,receive,373334689,2218039
375553191,486,2,receive,373334774,2218417
375553611,758,1,receive,373334743,2218868
375554020,182,3,receive,373296292,2257728
375554428,206,2,receive,373335639,2218789
375554901,972,1,receive,373336349,2218552
375555312,798,2,receive,373336605,2218707
375809929,728,1,receive,373337175,2472754
375810417,152,4,receive,373321810,2488607
375810889,58,4,receive,373280331,2530558
375811367,670,1,receive,373337448,2473919
375811846,132,1,receive,373337427,2474419
375812329,766,1,receive,373337608,2474721
375812821,84,3,receive,373324172,2488649
375813328,312,1,receive,373339142,2474186
375813796,312,2,receive,373339616,2474180
375814279,100,1,receive,373257727,2556552
376058181,96,3,receive,373340772,2717409
376058662,274,1,receive,373342284,2716378
376059130,204,1,receive,373342449,2716681
376059610,188,2,receive,373340656,2718954
376060127,426,2,receive,373343822,2716305
376060604,408,3,receive,373344177,2716427
376061086,338,1,receive,373344313,2716773
376061554,18,3,receive,373343300,2718254
376062026,12,5,receive,373315677,2746349
376062515,138,1,receive,373345262,2717253
376297382,626,1,receive,373345494,2951888
376297857,110,3,receive,373345744,2952113
376298314,590,5,receive,373345797,2952517
376298795,782,1,receive,373346124,2952671
376299276,160,3,receive,373346421,2952855
376299760,290,1,receive,373311159,2988601
376300241,964,1,receive,373346825,2953416
376300770,96,4,receive,373346856,2953914
376301259,432,2,receive,373347684,2953575
376559726,670,2,receive,373349026,3210700
376560189,632,2,receive,373350024,3210165
376560614,106,3,receive,373351343,3209271
376561040,708,1,receive,373351772,3209268
376561443,158,2,receive,373351916,3209527
376561842,150,4,receive,373352784,3209058
376562271,284,1,receive,373353815,3208456
376562681,70,5,receive,373288342,3274339
376563080,426,3,receive,373354781,3208299
376563528,868,2,receive,373354805,3208723
376563939,730,1,receive,373355393,3208546
376803545,206,3,receive,373355353,3448192
376803965,1000,1,receive,373355649,3448316
376804386,382,1,receive,373356097,3448289
376804934,320,3,receive,373357048,3447886
376805379,80,2,receive,373357455,3447924
376805779,36,2,receive,373357977,3447802
376806238,56,3,receive,373241375,3564863
376806659,490,1,receive,373358269,3448390
376807107,400,3,receive,373358854,3448253
376807520,554,1,receive,373359320,3448200
376807931,598,1,receive,373359649,3448282
377055506,212,1,receive,373360429,3695077
377055917,104,5,receive,373360476,3695441
377056303,818,2,receive,373360893,3695410
377056686,128,5,receive,373361359,3695327
377057074,190,1,receive,373362713,3694361
377057517,764,1,receive,373362713,3694804
377057914,210,2,receive,373363083,3694831
377058347,230,3,receive,373364522,3693825
377058771,778,4,receive,373364429,3694342
377059171,592,1,receive,373364608,3694563
377059553,488,1,receive,373367149,3692404
377059945,426,4,receive,373367583,3692362
377315318,332,1,receive,373367726,3947592
377315739,354,1,receive,373368455,3947284
377316292,582,1,receive,373368957,3947335
377316687,114,5,receive,373368894,3947793
377317167,86,4,receive,373369044,3948123
377317599,640,1,receive,373369448,3948151
377318096,166,2,receive,373358761,3959335
377318490,300,1,receive,373370044,3948446
377318875,192,1,receive,373370182,3948693
377319257,712,1,receive,373370313,3948944
377319695,486,3,receive,373371338,3948357
377563328,130,3,receive,373309045,4254283
377563720,524,1,receive,373374149,4189571
377564092,130,4,receive,373373933,4190159
377564595,530,1,receive,373374600,4189995
377564982,436,1,receive,373374829,4190153
377565362,130,5,receive,373375029,4190333
377565739,636,2,receive,373376013,4189726
377566149,90,5,receive,373376866,4189283
377566532,508,1,receive,373376887,4189645
377566908,130,6,receive,373376476,4190432
377567352,972,2,receive,373377276,4190076
377801939,426,5,receive,373377644,4424295
377802394,634,3,receive,373378345,4424049
377802792,918,1,receive,373378463,4424329
377803205,618,1,receive,373379066,4424139
377803600,166,3,receive,373380013,4423587
377803986,112,2,receive,373285041,4518945
377804621,196,6,receive,373381922,4422699
377805014,868,3,receive,373382063,4422951
377805385,8,5,receive,373278178,4527207
377805754,90,6,receive,373382316,4423438
377806165,400,4,receive,373382781,4423384
378040376,340,1,receive,373296934,4743442
378040875,486,4,receive,373383975,4656900
378041319,432,3,receive,373383008,4658311
378041760,126,2,receive,373305048,4736712
378042220,222,1,receive,373375932,4666288
378042679,316,1,receive,373386209,4656470
378043124,486,5,receive,373386787,4656337
378043585,730,2,receive,373387278,4656307
378044066,2,5,receive,373273391,4770675
378269422,154,3,receive,373388709,4880713
378269898,734,1,receive,373389539,4880359
378270377,444,1,receive,373334200,4936177
378270841,436,2,receive,373390018,4880823
378271310,492,2,receive,373390020,4881290
378271774,638,1,receive,373371725,4900049
378272228,366,1,receive,373390145,4882083
378272683,618,2,receive,373390437,4882246
378273160,62,4,receive,373250337,5022823
378273616,774,1,receive,373390624,4882992
378494926,756,1,receive,373390885,5104041
