receive_timestamp,source_vehicle,message_id,event_type,send_timestamp,latency_us
262802805490,90,1,receive,262794644062,8161428
262802806196,278,1,receive,262794645016,8161180
262802806865,132,1,receive,262794645162,8161703
262802807522,96,1,receive,262794645700,8161822
262802808179,262,1,receive,262794646137,8162042
262802808832,82,1,receive,262794647666,8161166
262802875101,110,1,receive,262794648198,8226903
262802875881,12,1,receive,262794651507,8224374
262802888012,372,1,receive,262794651592,8236420
262802902354,156,1,receive,262794652107,8250247
262802942649,198,1,receive,262794652771,8289878
262802943314,186,1,receive,262794653417,8289897
262802943958,16,1,receive,262794654371,8289587
262802944617,376,1,receive,262794656043,8288574
262802966308,582,1,receive,262794656105,8310203
262802966958,380,1,receive,262794656620,8310338
262803013944,210,1,receive,262794657065,8356879
262803014568,580,1,receive,262794657773,8356795
262803015212,218,1,receive,262794659052,8356160
262803015860,596,1,receive,262794659861,8355999
262803016517,50,1,receive,262794660037,8356480
262803072085,76,1,receive,262794660045,8412040
262803072739,44,1,receive,262794661029,8411710
262803073395,592,1,receive,262794664405,8408990
262803074052,420,1,receive,262794665047,8409005
262803074716,588,1,receive,262794665889,8408827
262803139448,150,1,receive,262794668319,8471129
262803140103,632,1,receive,262794668908,8471195
262803140759,164,1,receive,262794669151,8471608
262803141423,384,1,receive,262794669749,8471674
262803166549,14,1,receive,262794650105,8516444
262803212376,542,1,receive,262794672968,8539408
262803213065,628,1,receive,262794676074,8536991
262803213734,52,1,receive,262794677035,8536699
262803214416,590,1,receive,262794679633,8534783
262803242712,170,1,receive,262794680405,8562307
262803274127,226,1,receive,262794680969,8593158
262803274792,364,1,receive,262794682340,8592452
262803275467,10,1,receive,262794651651,8623816
262803286251,88,1,receive,262794684352,8601899
262803286928,134,1,receive,262794684917,8602011
262803340846,358,1,receive,262794685038,8655808
262803341507,120,1,receive,262794685420,8656087
262803350064,758,1,receive,262794685979,8664085
262803350723,166,1,receive,262794688499,8662224
262803351383,208,1,receive,262794691855,8659528
262803418051,344,1,receive,262794693037,8725014
262803418731,832,1,receive,262794694048,8724683
262803419404,794,1,receive,262794695138,8724266
262803420060,442,1,receive,262794697452,8722608
262803420712,450,1,receive,262794698023,8722689
262803479400,162,1,receive,262794700773,8778627
262803480081,802,1,receive,262794702973,8777108
262803480750,812,1,receive,262794703956,8776794
262803481427,834,1,receive,262794704045,8777382
262803482103,126,1,receive,262794705053,8777050
262803482777,824,1,receive,262794709244,8773533
262803561743,818,1,receive,262794710825,8850918
262803562426,552,1,receive,262794712774,8849652
262803563105,752,1,receive,262794715035,8848070
262803563787,274,1,receive,262794718059,8845728
262803564458,830,1,receive,262794719284,8845174
262803632982,480,1,receive,262794719296,8913686
262803633666,822,1,receive,262794719860,8913806
262803634343,618,1,receive,262794721795,8912548
262803635010,520,1,receive,262794730338,8904672
262803635697,630,1,receive,262794730659,8905038
262803720391,500,1,receive,262794731099,8989292
262803721075,526,1,receive,262794732762,8988313
262803721759,348,1,receive,262794733707,8988052
262803722444,508,1,receive,262794734772,8987672
262803723138,836,1,receive,262794737218,8985920
262803723836,792,1,receive,262794738039,8985797
262803796503,762,1,receive,262794738054,9058449
262803797175,820,1,receive,262794738579,9058596
262803797885,168,1,receive,262794739068,9058817
262803798568,454,1,receive,262794739055,9059513
262803840225,354,1,receive,262794739204,9101021
262803840880,840,1,receive,262794739718,9101162
262803841539,388,1,receive,262794699467,9142072
262803842202,488,1,receive,262794741721,9100481
262803842860,92,1,receive,262794651844,9191016
262803876556,816,1,receive,262794745511,9131045
262803877256,202,1,receive,262794745539,9131717
262803877939,244,1,receive,262794745732,9132207
262803897507,212,1,receive,262794749217,9148290
262803933210,432,1,receive,262794657302,9275908
262803933884,178,1,receive,262794679202,9254682
262803934553,352,1,receive,262794747193,9187360
262803935217,610,1,receive,262794753207,9182010
262803954022,634,1,receive,262794756062,9197960
262803986229,540,1,receive,262794759061,9227168
262803986912,786,1,receive,262794759277,9227635
262803987602,494,1,receive,262794759442,9228160
262803998943,482,1,receive,262794759783,9239160
262804007755,838,1,receive,262794760973,9246782
262804030736,736,1,receive,262794761059,9269677
262804031387,712,1,receive,262794765916,9265471
262804040238,606,1,receive,262794767049,9273189
262804055240,594,1,receive,262794771037,9284203
262804075238,62,1,receive,262794771460,9303778
262804076166,236,1,receive,262794669024,9407142
262804085165,356,1,receive,262794775038,9310127
262804095333,724,1,receive,262794775084,9320249
262804108022,722,1,receive,262794775712,9332310
262804135637,788,1,receive,262794776734,9358903
262804136311,638,1,receive,262794777049,9359262
262804136993,466,1,receive,262794779063,9357930
262804137672,754,1,receive,262794779855,9357817
262804138360,744,1,receive,262794782098,9356262
262804183376,718,1,receive,262794784101,9399275
262804184059,58,1,receive,262794634580,9549479
262804184672,852,1,receive,262794785938,9398734
262804185258,842,1,receive,262794787098,9398160
262804185923,140,1,receive,262794705034,9480889
262804186582,874,1,receive,262794790712,9395870
262804248028,608,1,receive,262794791047,9456981
262804248704,740,1,receive,262794791185,9457519
262804249384,862,1,receive,262794791404,9457980
262804262391,586,1,receive,262794773034,9489357
262804272453,680,1,receive,262794800964,9471489
262804309655,556,1,receive,262794801210,9508445
262804310325,80,1,receive,262794753077,9557248
262804311009,810,1,receive,262794800687,9510322
262804311686,682,1,receive,262794803273,9508413
262804312398,848,1,receive,262794804357,9508041
262804368095,688,1,receive,262794805146,9562949
262804368728,670,1,receive,262794805425,9563303
262804369403,706,1,receive,262794805754,9563649
262804377449,532,1,receive,262794804039,9573410
262804390327,866,1,receive,262794807290,9583037
262804421734,846,1,receive,262794808433,9613301
262804422401,700,1,receive,262794808661,9613740
262804423082,666,1,receive,262794808832,9614250
262804423753,726,1,receive,262794809152,9614601
262804439426,886,1,receive,262794809654,9629772
262804478403,280,1,receive,262794804038,9674365
262804479063,534,1,receive,262794810019,9669044
262804479715,742,1,receive,262794810046,9669669
262804480376,734,1,receive,262794805975,9674401
262804481031,738,1,receive,262794804564,9676467
262804481701,578,1,receive,262794813571,9668130
262804535629,614,1,receive,262794818064,9717565
262804545624,766,1,receive,262794818592,9727032
262804546106,814,1,receive,262794819547,9726559
262804546579,760,1,receive,262794820818,9725761
262804547062,620,1,receive,262794817830,9729232
262804547530,864,1,receive,262794816273,9731257
262804547998,612,1,receive,262794824582,9723416
262804548475,768,1,receive,262794826059,9722416
262804548942,472,1,receive,262794824203,9724739
262804569976,890,1,receive,262794828041,9741935
262804570455,902,1,receive,262794828444,9742011
262804570916,878,1,receive,262794829373,9741543
262804571381,558,1,receive,262794826751,9744630
262804571833,882,1,receive,262794827769,9744064
262804572304,730,1,receive,262794831114,9741190
262804572766,780,1,receive,262794831798,9740968
262804596114,32,1,receive,262794664030,9932084
262804596559,174,1,receive,262794707028,9889531
262804596998,538,1,receive,262794831395,9765603
262804597465,774,1,receive,262794834551,9762914
262804597913,782,1,receive,262794831156,9766757
262804598370,636,1,receive,262794835757,9762613
262804638621,230,1,receive,262794836017,9802604
262804639074,568,1,receive,262794828903,9810171
262804639523,276,1,receive,262794718788,9920735
262804639963,184,1,receive,262794837518,9802445
262804640420,888,1,receive,262794838015,9802405
262804640877,708,1,receive,262794823509,9817368
262804641343,704,1,receive,262794836511,9804832
262804641789,536,1,receive,262794827439,9814350
262804698267,884,1,receive,262794818675,9879592
262804698730,880,1,receive,262794828803,9869927
262804699202,856,1,receive,262794841630,9857572
262804699652,674,1,receive,262794842731,9856921
262804700118,678,1,receive,262794849031,9851087
262804700576,868,1,receive,262794833809,9866767
262804730898,698,1,receive,262794848604,9882294
262804731346,806,1,receive,262794853081,9878265
262804731778,778,1,receive,262794855512,9876266
262804732222,720,1,receive,262794843242,9888980
262804732647,844,1,receive,262794842017,9890630
262804733084,900,1,receive,262794839300,9893784
262804733540,464,1,receive,262794827781,9905759
262804733992,804,1,receive,262794860983,9873009
262804778485,444,1,receive,262794861645,9916840
262804778931,790,1,receive,262794850137,9928794
262804779397,896,1,receive,262794858653,9920744
262804779850,870,1,receive,262794831029,9948821
262804780306,912,1,receive,262794858038,9922268
262804790744,116,1,receive,262794852130,9938614
262804808491,716,1,receive,262794853883,9954608
262804808917,876,1,receive,262794852260,9956657
262804809360,732,1,receive,262794852037,9957323
262804809803,854,1,receive,262794864460,9945343
262804810271,914,1,receive,262794874858,9935413
262804810718,828,1,receive,262794871988,9938730
262804822907,910,1,receive,262794873486,9949421
262804841653,892,1,receive,262794863422,9978231
262804842117,600,1,receive,262794874615,9967502
262804842558,924,1,receive,262794879157,9963401
262804842998,124,2,receive,262794780600,10062398
262804843445,918,1,receive,262794884191,9959254
262804843892,858,1,receive,262794875062,9968830
262804844343,628,2,receive,262794887482,9956861
262804844784,222,1,receive,262794858074,9986710
262804881288,826,1,receive,262794888886,9992402
262804881726,908,1,receive,262794887953,9993773
262804882173,916,1,receive,262794895909,9986264
262804882605,898,1,receive,262794897612,9984993
262804883060,206,1,receive,262794894084,9988976
262804883528,906,1,receive,262794896323,9987205
262804883994,176,1,receive,262794885163,9998831
262804884463,850,1,receive,262794880639,10003824
262804884918,702,1,receive,262794859037,10025881
262804929649,920,1,receive,262794906037,10023612
262804930115,904,1,receive,262794898967,10031148
262804930561,104,1,receive,262794693040,10237521
262804940030,894,1,receive,262794910035,10029995
262804940469,714,1,receive,262794869932,10070537
262804940921,432,2,receive,262794897567,10043354
262804969150,362,1,receive,262794890412,10078738
262804969591,74,2,receive,262794891949,10077642
262804970035,138,1,receive,262794906230,10063805
262804970480,872,1,receive,262794868647,10101833
262804970922,926,1,receive,262794922243,10048679
262804978639,860,1,receive,262794864783,10113856
262804985034,928,1,receive,262794926348,10058686
262805005153,922,1,receive,262794927383,10077770
262805005594,442,2,receive,262794921009,10084585
262805006053,172,1,receive,262794871811,10134242
262805006507,152,1,receive,262794921274,10085233
262805006958,820,2,receive,262794926445,10080513
262805007415,562,1,receive,262794948009,10059406
262805007867,378,1,receive,262794945663,10062204
262805041145,114,1,receive,262794899455,10141690
262805041589,758,2,receive,262794953280,10088309
262805042045,110,2,receive,262794921860,10120185
262805042493,148,1,receive,262794843310,10199183
262805042942,772,1,receive,262794960625,10082317
262805043401,212,2,receive,262794923249,10120152
262805043857,354,2,receive,262794884812,10159045
262805044315,938,1,receive,262794965518,10078797
262805044759,736,2,receive,262794901012,10143747
262805081858,934,1,receive,262794966837,10115021
262805082305,580,2,receive,262794955918,10126387
262805082737,888,2,receive,262794981489,10101248
262805083186,956,1,receive,262794984049,10099137
262805083617,508,2,receive,262794961472,10122145
262805084081,262,2,receive,262794986507,10097574
262805084542,962,1,receive,262794987230,10097312
262805123557,220,1,receive,262794979264,10144293
262805124005,838,2,receive,262794990251,10133754
262805124819,930,1,receive,262794990426,10134393
262805125279,700,2,receive,262794990760,10134519
262805125721,418,1,receive,262794895366,10230355
262805134710,12,2,receive,262794920545,10214165
262805138826,958,1,receive,262794999239,10139587
262805159219,964,1,receive,262795001085,10158134
262805159670,954,1,receive,262795002131,10157539
262805160120,948,1,receive,262795005276,10154844
262805160553,950,1,receive,262795006730,10153823
262805160989,944,1,receive,262795008940,10152049
262805161432,952,1,receive,262795010977,10150455
262805161869,358,2,receive,262795011078,10150791
262805162336,942,1,receive,262795012579,10149757
262805162772,20,2,receive,262794917166,10245606
262805210801,946,1,receive,262795013041,10197760
262805211267,404,1,receive,262795004819,10206448
262805211728,960,1,receive,262795017037,10194691
262805212211,940,14,receive,262802782439,2429772
262805212670,726,15,receive,262802781909,2430761
262805213135,916,13,receive,262802755614,2457521
262805213597,674,14,receive,262802783650,2429947
262805250565,76,18,receive,262802805634,2444931
262805251046,970,11,receive,262802811006,2440040
262805251516,452,2,receive,262802876536,2374980
262805251977,20,14,receive,262802830006,2421971
262805253165,92,13,receive,262802868469,2384696
262805253625,86,13,receive,262802874005,2379620
262805254088,180,6,receive,262802904880,2349208
262805288700,622,12,receive,262802928260,2360440
262805289174,578,15,receive,262802908412,2380762
262805289632,388,15,receive,262802877356,2412276
262805290104,946,15,receive,262802962006,2328098
262805290561,4,1,receive,262802882579,2407982
262805291031,148,13,receive,262802976270,2314761
262805291491,912,12,receive,262802962872,2328619
262805291945,986,15,receive,262803025481,2266464
262805333272,974,13,receive,262803000505,2332767
262805333698,50,17,receive,262803001005,2332693
262805334135,406,11,receive,262803048380,2285755
262805334560,74,15,receive,262803078833,2255727
262805349033,968,13,receive,262802972008,2377025
262805349486,302,1,receive,262803039907,2309579
262805349930,52,13,receive,262803044252,2305678
262805373838,306,1,receive,262803146510,2227328
262805374302,792,15,receive,262803087641,2286661
262805374734,658,12,receive,262803124863,2249871
262805381200,956,15,receive,262803110679,2270521
262805388400,772,17,receive,262803175005,2213395
262805388839,662,8,receive,262803228009,2160830
262805389312,660,11,receive,262803244094,2145218
262805389758,940,15,receive,262803216005,2173753
262805423216,820,16,receive,262803242010,2181206
262805423658,398,14,receive,262803150009,2273649
262805424121,314,1,receive,262803278355,2145766
262805424572,98,17,receive,262803258430,2166142
262805425029,336,4,receive,262803217791,2207238
262805425481,310,1,receive,262803218537,2206944
262805425924,806,13,receive,262803259150,2166774
262805459469,536,14,receive,262803337070,2122399
262805460324,212,19,receive,262803344800,2115524
262805460782,110,17,receive,262803359004,2101778
262805461236,942,12,receive,262803315601,2145635
262805461670,80,16,receive,262803349006,2112664
262805462118,526,14,receive,262803419768,2042350
262805506553,492,1,receive,262803373505,2133048
262805506984,368,1,receive,262803422628,2084356
262805507421,582,15,receive,262803421006,2086415
262805507848,372,18,receive,262803388083,2119765
262805508290,470,10,receive,262803434370,2073920
262805508743,308,6,receive,262803440338,2068405
262805509196,686,7,receive,262803445270,2063926
262805509644,968,14,receive,262803489013,2020631
262805546053,864,15,receive,262803439101,2106952
262805546499,194,10,receive,262803443006,2103493
262805547555,554,6,receive,262803555779,1991776
262805547999,386,5,receive,262803570022,1977977
262805548442,682,16,receive,262803551016,1997426
262805548882,452,3,receive,262803546390,2002492
262805549329,920,13,receive,262803517743,2031586
262805549763,824,13,receive,262803636916,1912847
262805594221,232,10,receive,262803635618,1958603
262805594678,812,15,receive,262803570414,2024264
262805595139,944,13,receive,262803591308,2003831
262805595585,614,15,receive,262803611718,1983867
262805596047,340,1,receive,262803724592,1871455
262805596502,442,15,receive,262803686016,1910486
262805596951,996,16,receive,262803702012,1894939
262805632120,310,2,receive,262803694545,1937575
262805632567,338,3,receive,262803736658,1895909
262805633012,246,4,receive,262803728262,1904750
262805633450,192,4,receive,262803769735,1863715
262805633885,284,3,receive,262803766504,1867381
262805634337,332,5,receive,262803819643,1814694
262805634778,408,1,receive,262803825323,1809455
262805674638,362,16,receive,262803821005,1853633
262805675065,308,7,receive,262803868473,1806592
262805675483,430,3,receive,262803821073,1854410
262805675899,20,17,receive,262803885063,1790836
262805680479,412,1,receive,262803872185,1808294
262805686790,312,6,receive,262803896007,1790783
262805693595,944,14,receive,262803898885,1794710
262805717012,478,3,receive,262803855127,1861885
262805717452,344,17,receive,262803900634,1816818
262805717883,668,9,receive,262803904396,1813487
262805718343,314,2,receive,262803860264,1858079
262805718783,302,4,receive,262803903131,1815652
262805719241,960,14,receive,262803934990,1784251
262805719686,470,11,receive,262803925070,1794616
262805758159,28,15,receive,262803952004,1806155
262805758609,824,14,receive,262803908477,1850132
262805759063,242,6,receive,262803980403,1778660
262805759523,368,2,receive,262803986007,1773516
262805760205,100,16,receive,262803972080,1788125
262805760633,836,14,receive,262804038744,1721889
262805770916,4,2,receive,262804008077,1762839
262805807033,294,3,receive,262804015092,1791941
262805807458,998,14,receive,262804050423,1757035
262805807873,152,17,receive,262804063200,1744673
262805808305,940,16,receive,262804073842,1734463
262805808721,504,2,receive,262804072123,1736598
262805809165,182,8,receive,262804062765,1746400
262805809608,18,14,receive,262804071204,1738404
262805810058,86,16,receive,262804036620,1773438
262805810496,952,18,receive,262804187200,1623296
262805810929,978,16,receive,262804164457,1646472
262805858466,614,16,receive,262804167881,1690585
262805858918,538,17,receive,262804165566,1693352
262805859380,878,14,receive,262804171010,1688370
262805859825,920,15,receive,262804168529,1691296
262805860283,332,6,receive,262804172078,1688205
262805860728,214,7,receive,262804189911,1670817
262805861183,806,14,receive,262804216802,1644381
262805861629,690,1,receive,262804217203,1644426
262805907011,302,5,receive,262804216129,1690882
262805907448,324,8,receive,262804212400,1695048
262805907872,20,18,receive,262804228771,1679101
262805909431,394,12,receive,262804226188,1683243
262805909879,58,19,receive,262804268078,1641801
262805910326,668,10,receive,262804304975,1605351
262805910767,424,4,receive,262804319751,1591016
262805911217,708,19,receive,262804269048,1642169
262805911653,696,5,receive,262804313008,1598645
262805958098,372,19,receive,262804297138,1660960
262805958557,270,5,receive,262804367006,1591551
262805959424,934,19,receive,262804381960,1577464
262805959873,862,16,receive,262804387321,1572552
262805960333,244,19,receive,262804367538,1592795
262805960779,188,7,receive,262804399297,1561482
262805961238,300,5,receive,262804419010,1542228
262805961685,538,18,receive,262804403249,1558436
262806008269,490,13,receive,262804413350,1594919
262806008700,672,1,receive,262804446661,1562039
262806009309,608,15,receive,262804452583,1556726
262806009760,520,17,receive,262804439525,1570235
262806010245,458,3,receive,262804479960,1530285
262806010696,412,2,receive,262804449456,1561240
262806011161,728,2,receive,262804503275,1507886
262806011609,916,16,receive,262804440404,1571205
262806057885,594,18,receive,262804512456,1545429
262806058354,468,4,receive,262804536143,1522211
262806058808,8,18,receive,262804542079,1516729
262806059267,28,16,receive,262804522740,1536527
262806073248,74,17,receive,262804514932,1558316
262806073689,656,10,receive,262804559008,1514681
262806074138,360,4,receive,262804553008,1521130
262806074579,50,19,receive,262804565893,1508686
262806121209,492,3,receive,262804564089,1557120
262806121657,616,1,receive,262804585726,1535931
262806122096,192,5,receive,262804586076,1536020
262806122529,362,17,receive,262804586379,1536150
262806122955,84,17,receive,262804523004,1599951
262806123397,298,5,receive,262804542012,1581385
262806123825,302,6,receive,262804571822,1552003
262806124282,310,4,receive,262804601503,1522779
262806124711,336,6,receive,262804595287,1529424
262806180225,256,5,receive,262804578062,1602163
262806180777,88,19,receive,262804539007,1641770
262806181219,490,14,receive,262804620636,1560583
262806181646,368,3,receive,262804608565,1573081
262806184465,342,7,receive,262804564252,1620213
262806184912,662,10,receive,262804598447,1586465
262806185363,86,17,receive,262804625563,1559800
262806185826,664,2,receive,262804641318,1544508
262806199950,578,17,receive,262804629316,1570634
262806200479,510,2,receive,262804654389,1546090
262806200914,242,8,receive,262804653823,1547091
262806201364,272,9,receive,262804612135,1589229
262806201804,340,2,receive,262804659400,1542404
262806202250,246,5,receive,262804669063,1533187
262806202696,188,8,receive,262804714006,1488690
262806223777,360,5,receive,262804723296,1500481
262806224248,130,2,receive,262804730069,1494179
262806224695,514,2,receive,262804709550,1515145
262806225148,436,10,receive,262804742282,1482866
262806225593,484,2,receive,262804739880,1485713
262806226049,662,11,receive,262804746982,1479067
262806226523,862,17,receive,262804732727,1493796
262806261309,498,3,receive,262804737782,1523527
262806261769,416,2,receive,262804740016,1521753
262806262234,204,1,receive,262804752892,1509342
262806262695,258,12,receive,262804663620,1599075
262806263165,868,17,receive,262804757693,1505472
262806263627,430,4,receive,262804756961,1506666
262806298423,440,1,receive,262804780053,1518370
262806298867,426,2,receive,262804774323,1524544
262806299325,4,3,receive,262804784270,1515055
262806299772,182,9,receive,262804781009,1518763
262806300220,332,9,receive,262804787948,1512272
262806307168,410,6,receive,262804785006,1522162
262806317309,408,2,receive,262804802126,1515183
262806336293,446,1,receive,262804814426,1521867
262806336757,412,3,receive,262804796874,1539883
262806337224,458,4,receive,262804802773,1534451
262806337701,370,4,receive,262804804015,1533686
262806338163,502,15,receive,262804792791,1545372
262806338621,308,8,receive,262804839012,1499609
262806350879,970,13,receive,262804815658,1535221
262806376034,546,2,receive,262804823127,1552907
262806376510,692,2,receive,262804847010,1529500
262806376970,216,1,receive,262804830298,1546672
262806377459,334,3,receive,262804837010,1540449
262806385544,390,17,receive,262804859537,1526007
262806385970,980,20,receive,262804866319,1519651
262806386398,652,11,receive,262804839070,1547328
262806417614,294,4,receive,262804877832,1539782
262806418078,492,4,receive,262804901549,1516529
262806418518,192,6,receive,262804898386,1520132
262806418963,314,3,receive,262804905006,1513957
262806419411,180,9,receive,262804884631,1534780
262806419847,414,12,receive,262804909944,1509903
262806420312,696,6,receive,262804891467,1528845
262806420753,342,8,receive,262804931525,1489228
262806467444,686,10,receive,262804917440,1550004
262806467902,648,1,receive,262804941804,1526098
262806468388,246,6,receive,262804950347,1518041
262806468841,302,7,receive,262804937007,1531834
262806469306,940,17,receive,262804929515,1539791
262806469765,404,16,receive,262804955802,1513963
262806470255,318,3,receive,262804956147,1514108
262806470709,474,1,receive,262804965055,1505654
262806521874,200,2,receive,262804933237,1588637
262806522421,306,5,receive,262804970207,1552214
262806523402,470,13,receive,262804973755,1549647
262806523849,336,7,receive,262804971009,1552840
262806535242,238,7,receive,262804968728,1566514
262806535669,258,13,receive,262804986006,1549663
262806559103,692,3,receive,262804967657,1591446
262806559577,312,7,receive,262804931064,1628513
262806560041,328,9,receive,262805004006,1556035
262806560502,268,8,receive,262804979068,1581434
262806560958,414,13,receive,262805040696,1520262
262806561429,424,5,receive,262805024207,1537222
262806561889,710,3,receive,262805040121,1521768
262806612638,980,21,receive,262805030772,1581866
262806613120,616,2,receive,262805040162,1572958
262806613586,250,1,receive,262805034868,1578718
262806616294,504,3,receive,262805044692,1571602
262806616713,452,5,receive,262805013115,1603598
262806617152,300,7,receive,262805024607,1592545
262806617574,456,1,receive,262805056587,1560987
262806659296,412,4,receive,262805061858,1597438
262806659807,386,8,receive,262805028008,1631799
262806660306,330,3,receive,262805069606,1590700
262806660784,260,1,receive,262805099706,1561078
262806661275,518,2,receive,262805092006,1569269
262806684040,604,14,receive,262805107182,1576858
262806685792,188,9,receive,262805087004,1598788
262806717281,598,1,receive,262805113564,1603717
262806717732,320,12,receive,262805109011,1608721
262806718204,486,1,receive,262805114959,1603245
262806718671,764,1,receive,262805141798,1576873
262806719137,326,3,receive,262805135697,1583440
262806719597,196,2,receive,262805124693,1594904
262806720062,690,2,receive,262805081914,1638148
262806720521,316,9,receive,262805145489,1575032
262806720978,662,12,receive,262805130006,1590972
262806773029,264,1,receive,262805143277,1629752
262806773483,360,6,receive,262805130688,1642795
262806773915,394,13,receive,262805138304,1635611
262806774885,256,6,receive,262805147116,1627769
262806775362,602,1,receive,262805158467,1616895
262806775819,510,4,receive,262805180850,1594969
262806809884,546,3,receive,262805158253,1651631
262806810342,252,12,receive,262805181884,1628458
262806810782,258,14,receive,262805187192,1623590
262806811244,572,1,receive,262805248804,1562440
262806811689,554,9,receive,262805200140,1611549
262806812146,270,6,receive,262805239912,1572234
262806846293,286,1,receive,262805262144,1584149
262806846761,254,2,receive,262805260976,1585785
262806847215,672,3,receive,262805271582,1575633
262806847654,470,14,receive,262805249361,1598293
262806848105,654,16,receive,262805274094,1574011
262806859775,310,5,receive,262805252184,1607591
262806875790,468,5,receive,262805268571,1607219
262806876258,296,9,receive,262805268385,1607873
262806876701,650,1,receive,262805295838,1580863
262806902374,314,4,receive,262805280222,1622152
262806902811,498,4,receive,262805295946,1606865
262806903257,194,12,receive,262805294005,1609252
262806903694,512,2,receive,262805291636,1612058
262806904150,504,4,receive,262805300296,1603854
262806904588,332,10,receive,262805282670,1621918
262806932251,550,2,receive,262805315453,1616798
262806945746,292,1,receive,262805307930,1637816
262806948322,304,7,receive,262805307394,1640928
262806953521,642,2,receive,262805301806,1651715
262806959488,522,2,receive,262805310866,1648622
262806967507,424,6,receive,262805311310,1656197
262806967956,360,7,receive,262805355011,1612945
262806968411,322,4,receive,262805344801,1623610
262806968872,416,3,receive,262805350613,1618259
262807000625,644,1,receive,262805371488,1629137
262807001177,270,7,receive,262805384819,1616358
262807001619,346,1,receive,262805416711,1584908
262807002074,386,9,receive,262805398863,1603211
262807002515,518,4,receive,262805438335,1564180
262807002955,516,1,receive,262805438809,1564146
262807003410,250,2,receive,262805450472,1552938
262807003846,238,8,receive,262805456699,1547147
262807051915,396,1,receive,262805450533,1601382
262807052376,664,3,receive,262805459394,1592982
262807052819,298,6,receive,262805458122,1594697
262807053272,514,4,receive,262805442693,1610579
262807053710,544,3,receive,262805458288,1595422
262807074898,410,7,receive,262805487390,1587508
262807075374,266,6,receive,262805488127,1587247
262807075830,370,5,receive,262805466631,1609199
262807088939,486,2,receive,262805510844,1578095
262807089397,390,18,receive,262805497928,1591469
262807089834,306,6,receive,262805502007,1587827
262807090292,130,3,receive,262805520501,1569791
262807090730,460,4,receive,262805458140,1632590
262807091187,498,5,receive,262805493182,1598005
262807096628,462,2,receive,262805487011,1609617
262807111702,550,3,receive,262805548354,1563348
262807122497,656,11,receive,262805552326,1570171
262807122922,240,1,receive,262805562225,1560697
262807123368,676,4,receive,262805536281,1587087
262807123788,312,8,receive,262805571334,1552454
262807124235,406,14,receive,262805556218,1568017
262807142625,296,10,receive,262805553935,1588690
262807145443,368,4,receive,262805552363,1593080
262807145879,528,1,receive,262805579475,1566404
262807157257,490,15,receive,262805554147,1603110
262807157710,192,7,receive,262805559144,1598566
262807158181,318,4,receive,262805547320,1610861
262807158632,524,3,receive,262805580014,1578618
262807178197,308,9,receive,262805581347,1596850
262807186770,180,10,receive,262805599423,1587347
262807203547,452,6,receive,262805592279,1611268
262807203978,522,3,receive,262805602304,1601674
262807204611,746,1,receive,262805617836,1586775
262807211580,370,6,receive,262805627983,1583597
262807212019,506,2,receive,262805592712,1619307
262807212468,504,5,receive,262805589006,1623462
262807229355,264,2,receive,262805617951,1611404
262807239667,204,2,receive,262805631120,1608547
262807248585,254,3,receive,262805640096,1608489
262807249146,456,2,receive,262805618226,1630920
262807249626,412,5,receive,262805654532,1595094
262807250115,484,3,receive,262805610010,1640105
262807250581,692,4,receive,262805654779,1595802
262807251052,478,6,receive,262805653538,1597514
262807251516,784,1,receive,262805674500,1577016
262807251978,292,2,receive,262805652444,1599534
262807299823,430,5,receive,262805662875,1636948
262807300466,414,14,receive,262805664270,1636196
262807310107,502,16,receive,262805669618,1640489
262807314139,696,8,receive,262805664809,1649330
262807314558,334,4,receive,262805651543,1663015
262807314977,492,5,receive,262805668411,1646566
262807315414,200,3,receive,262805697750,1617664
262807315858,616,3,receive,262805698166,1617692
262807342366,242,10,receive,262805713537,1628829
262807342806,458,5,receive,262805717705,1625101
262807343270,328,10,receive,262805731066,1612204
262807360343,664,4,receive,262805710121,1650222
262807366075,694,8,receive,262805739501,1626574
262807366549,4,4,receive,262805783907,1582642
262807385765,584,1,receive,262805774020,1611745
262807386265,300,8,receive,262805751078,1635187
262807386739,338,7,receive,262805771590,1615149
262807387216,446,3,receive,262805780509,1606707
262807387686,296,11,receive,262805782010,1605676
262807388166,498,6,receive,262805813633,1574533
262807413434,272,12,receive,262805826186,1587248
262807431210,250,3,receive,262805827783,1603427
262807431714,286,2,receive,262805801329,1630385
262807432926,270,8,receive,262805819842,1613084
262807433389,572,2,receive,262805850008,1583381
262807433836,200,4,receive,262805850047,1583789
262807434301,530,2,receive,262805749324,1684977
262807434754,400,4,receive,262805848138,1586616
262807470764,748,1,receive,262805863930,1606834
262807471246,342,9,receive,262805854484,1616762
262807471702,566,1,receive,262805908526,1563176
262807472155,602,2,receive,262805830687,1641468
262807472611,256,7,receive,262805912007,1560604
262807473066,260,2,receive,262805924474,1548592
262807499100,576,1,receive,262805908848,1590252
262807499546,196,3,receive,262805883302,1616244
262807520455,350,4,receive,262805844856,1675599
262807520928,662,13,receive,262805922416,1598512
262807521403,336,8,receive,262805929478,1591925
262807522130,490,16,receive,262805935506,1586624
262807522588,750,1,receive,262805955878,1566710
262807523059,326,4,receive,262805960006,1563053
262807523526,130,4,receive,262805956306,1567220
262807523984,246,7,receive,262805928181,1595803
262807557041,808,1,receive,262805971317,1585724
262807557523,330,6,receive,262805970126,1587397
262807558049,486,3,receive,262805863010,1695039
262807558507,518,5,receive,262805940815,1617692
262807558955,624,1,receive,262805991483,1567472
262807559423,528,2,receive,262805988246,1571177
262807559870,696,9,receive,262805976688,1583182
262807608912,268,9,receive,262805984007,1624905
262807609378,504,6,receive,262805997618,1611760
262807609827,332,11,receive,262805991648,1618179
262807610290,296,12,receive,262805964189,1646101
262807624665,474,2,receive,262805994426,1630239
262807630805,570,1,receive,262805990540,1640265
262807645109,426,4,receive,262806043068,1602041
262807645578,776,1,receive,262806067035,1578543
262807646021,462,3,receive,262806051403,1594618
262807646460,516,3,receive,262806070955,1575505
262807646892,492,6,receive,262806060684,1586208
262807647344,566,2,receive,262806074876,1572468
262807647782,254,4,receive,262806063858,1583924
262807648228,672,6,receive,262806074591,1573637
262807648662,272,13,receive,262806074007,1574655
262807691629,240,2,receive,262806043357,1648272
262807692550,690,3,receive,262806107006,1585544
262807698435,764,2,receive,262806118459,1579976
262807698908,710,4,receive,262806041356,1657552
262807699382,216,3,receive,262806137007,1562375
262807699847,282,2,receive,262806127188,1572659
262807732322,242,12,receive,262806140075,1592247
262807732737,524,4,receive,262806163855,1568882
262807733189,642,3,receive,262806168315,1564874
262807733624,238,9,receive,262806175653,1557971
262807734066,298,7,receive,262806114009,1620057
262807744332,756,2,receive,262806149855,1594477
262807744775,656,12,receive,262806183727,1561048
262807769501,270,10,receive,262806141557,1627944
262807769938,4,5,receive,262806188767,1581171
262807770389,662,14,receive,262806187545,1582844
262807770829,468,6,receive,262806164982,1605847
262807771276,214,10,receive,262806191725,1579551
262807771717,286,3,receive,262806203873,1567844
262807772178,808,2,receive,262806204882,1567296
