receive_timestamp,source_vehicle,message_id,event_type,send_timestamp,latency_us
373648790,634,1,receive,373308105,340685
373649241,408,1,receive,373308867,340374
373649661,870,1,receive,373309486,340175
373650068,210,1,receive,373310039,340029
373650464,26,4,receive,373245006,405458
373650855,114,4,receive,373311673,339182
373651247,64,3,receive,373282318,368929
373651673,30,1,receive,373312619,339054
373652094,196,4,receive,373313394,338700
373652506,408,2,receive,373314436,338070
373652918,974,2,receive,373314787,338131
373653329,140,2,receive,373316070,337259
373653757,104,4,receive,373316474,337283
373654170,184,4,receive,373316662,337508
373654579,166,1,receive,373316885,337694
373654991,128,4,receive,373317077,337914
373655417,790,1,receive,373318464,336953
373868602,50,1,receive,373318434,550168
373869037,798,1,receive,373318566,550471
373869474,196,5,receive,373318774,550700
373869888,54,1,receive,373318997,550891
373870314,18,2,receive,373320016,550298
373870719,202,3,receive,373294291,576428
373871136,80,1,receive,373322157,548979
373871536,86,3,receive,373322441,549095
373871946,400,1,receive,373323456,548490
373872732,122,1,receive,373296841,575891
374106968,158,1,receive,373304081,802887
374107449,230,2,receive,373326675,780774
374107896,320,2,receive,373327062,780834
374108356,98,3,receive,373323391,784965
374108799,384,2,receive,373330017,778782
374109247,252,1,receive,373331018,778229
374109709,634,2,receive,373331441,778268
374110168,632,1,receive,373332263,777905
374110615,118,1,receive,373332253,778362
374111059,6,4,receive,373278304,832755
374335752,90,3,receive,373332855,1002897
374336357,818,1,receive,373332891,1003466
374336860,90,4,receive,373333221,1003639
374337353,400,2,receive,373333307,1004046
374338075,44,5,receive,373273715,1064360
374338631,150,3,receive,373334297,1004334
374339158,154,2,receive,373334689,1004469
374339729,486,2,receive,373334774,1004955
374340231,758,1,receive,373334743,1005488
374340738,182,3,receive,373296292,1044446
374550675,206,2,receive,373335639,1215036
374551153,972,1,receive,373336349,1214804
374551624,798,2,receive,373336605,1215019
374552084,152,4,receive,373321810,1230274
374552552,728,1,receive,373337175,1215377
374553011,58,4,receive,373280331,1272680
374553474,670,1,receive,373337448,1216026
374553932,132,1,receive,373337427,1216505
374554400,766,1,receive,373337608,1216792
374779469,84,3,receive,373324172,1455297
374779930,312,1,receive,373339142,1440788
374780459,312,2,receive,373339616,1440843
374780942,100,1,receive,373257727,1523215
374781396,96,3,receive,373340772,1440624
374781850,188,2,receive,373340656,1441194
374782326,274,1,receive,373342284,1440042
374782799,204,1,receive,373342449,1440350
374783256,426,2,receive,373343822,1439434
374783713,18,3,receive,373343300,1440413
375030373,408,3,receive,373344177,1686196
375030924,338,1,receive,373344313,1686611
375031341,12,5,receive,373315677,1715664
375031813,138,1,receive,373345262,1686551
375032268,626,1,receive,373345494,1686774
375032718,110,3,receive,373345744,1686974
375033181,590,5,receive,373345797,1687384
375033647,782,1,receive,373346124,1687523
375034118,160,3,receive,373346421,1687697
375034574,290,1,receive,373311159,1723415
375259263,964,1,receive,373346825,1912438
375259742,96,4,receive,373346856,1912886
375260230,432,2,receive,373347684,1912546
375261324,670,2,receive,373349026,1912298
375261784,632,2,receive,373350024,1911760
375262258,106,3,receive,373351343,1910915
375262717,708,1,receive,373351772,1910945
375263205,158,2,receive,373351916,1911289
375475515,150,4,receive,373352784,2122731
375476009,284,1,receive,373353815,2122194
375476481,70,5,receive,373288342,2188139
375476953,868,2,receive,373354805,2122148
375477457,426,3,receive,373354781,2122676
375477936,730,1,receive,373355393,2122543
375478407,206,3,receive,373355353,2123054
375478877,1000,1,receive,373355649,2123228
375479348,382,1,receive,373356097,2123251
375479816,320,3,receive,373357048,2122768
375726245,80,2,receive,373357455,2368790
375726747,36,2,receive,373357977,2368770
375727218,56,3,receive,373241375,2485843
375727659,490,1,receive,373358269,2369390
375728115,400,3,receive,373358854,2369261
375728592,554,1,receive,373359320,2369272
375729060,598,1,receive,373359649,2369411
375729518,104,5,receive,373360476,2369042
375729993,212,1,receive,373360429,2369564
375730469,818,2,receive,373360893,2369576
375970751,128,5,receive,373361359,2609392
375971168,190,1,receive,373362713,2608455
375971560,764,1,receive,373362713,2608847
375972014,210,2,receive,373363083,2608931
375972422,230,3,receive,373364522,2607900
375972888,778,4,receive,373364429,2608459
375973297,592,1,receive,373364608,2608689
375973702,488,1,receive,373367149,2606553
375974103,426,4,receive,373367583,2606520
375974503,332,1,receive,373367726,2606777
375974982,354,1,receive,373368455,2606527
375975503,582,1,receive,373368957,2606546
376222724,114,5,receive,373368894,2853830
376223188,86,4,receive,373369044,2854144
376223652,640,1,receive,373369448,2854204
376224132,166,2,receive,373358761,2865371
376224608,300,1,receive,373370044,2854564
376225083,192,1,receive,373370182,2854901
376225566,712,1,receive,373370313,2855253
376226034,486,3,receive,373371338,2854696
376226512,130,3,receive,373309045,2917467
376227109,524,1,receive,373374149,2852960
376457593,130,4,receive,373373933,3083660
376458073,530,1,receive,373374600,3083473
376458539,436,1,receive,373374829,3083710
376458993,130,5,receive,373375029,3083964
376459471,636,2,receive,373376013,3083458
376459949,90,5,receive,373376866,3083083
376460439,508,1,receive,373376887,3083552
376460904,130,6,receive,373376476,3084428
376461412,972,2,receive,373377276,3084136
376461893,426,5,receive,373377644,3084249
376697999,634,3,receive,373378345,3319654
376698461,918,1,receive,373378463,3319998
376698939,618,1,receive,373379066,3319873
376699450,166,3,receive,373380013,3319437
376699912,112,2,receive,373285041,3414871
376700401,8,5,receive,373278178,3422223
376700881,868,3,receive,373382063,3318818
376701349,196,6,receive,373381922,3319427
376701814,90,6,receive,373382316,3319498
376702283,400,4,receive,373382781,3319502
376936838,432,3,receive,373383008,3553830
376937307,340,1,receive,373296934,3640373
376937758,486,4,receive,373383975,3553783
376938202,126,2,receive,373305048,3633154
376938672,222,1,receive,373375932,3562740
376939114,316,1,receive,373386209,3552905
376939580,486,5,receive,373386787,3552793
376940036,730,2,receive,373387278,3552758
376940491,2,5,receive,373273391,3667100
376940939,154,3,receive,373388709,3552230
377159716,734,1,receive,373389539,3770177
377160230,444,1,receive,373334200,3826030
377160671,436,2,receive,373390018,3770653
377161114,638,1,receive,373371725,3789389
377161549,492,2,receive,373390020,3771529
377162009,366,1,receive,373390145,3771864
377162448,618,2,receive,373390437,3772011
377162886,62,4,receive,373250337,3912549
377163319,774,1,receive,373390624,3772695
377163766,756,1,receive,373390885,3772881
377401787,554,2,receive,373391272,4010515
377402253,196,7,receive,373391318,4010935
377402716,678,1,receive,373391717,4010999
377403162,964,2,receive,373391772,4011390
377403609,724,1,receive,373392160,4011449
377404064,64,4,receive,373354344,4049720
377404513,488,2,receive,373393759,4010754
377404943,798,3,receive,373393968,4010975
377405384,320,4,receive,373394395,4010989
377405848,222,2,receive,373395466,4010382
377628664,778,5,receive,373395541,4233123
377629167,778,6,receive,373395881,4233286
377629610,32,3,receive,373285087,4344523
377630071,206,4,receive,373396720,4233351
377630520,336,1,receive,373396941,4233579
377630978,2,6,receive,373393761,4237217
377631438,766,2,receive,373397603,4233835
377631886,352,1,receive,373355333,4276553
377632343,164,2,receive,373287511,4344832
377632924,434,1,receive,373398867,4234057
377855903,804,1,receive,373398932,4456971
377856365,456,2,receive,373399942,4456423
377856822,612,2,receive,373391742,4465080
377857290,858,1,receive,373343766,4513524
377857750,150,5,receive,373400589,4457161
377858200,330,1,receive,373400981,4457219
377858655,560,1,receive,373401198,4457457
377859214,204,2,receive,373401651,4457563
377859706,564,1,receive,373401672,4458034
378071331,222,3,receive,373402437,4668894
378071779,778,7,receive,373402673,4669106
378072229,230,4,receive,373403215,4669014
378072677,586,1,receive,373403229,4669448
378073127,670,3,receive,373403888,4669239
378073578,982,1,receive,373404064,4669514
378074081,592,2,receive,373404299,4669782
378074538,554,3,receive,373404704,4669834
378074993,994,1,receive,373404655,4670338
378316497,634,4,receive,373405133,4911364
378316952,634,5,receive,373405599,4911353
378317400,426,6,receive,373405950,4911450
378317834,964,3,receive,373407361,4910473
378318297,316,2,receive,373407547,4910750
378318744,844,1,receive,373407892,4910852
378319195,586,2,receive,373408806,4910389
378319641,566,1,receive,373360373,4959268
378320129,482,1,receive,373410119,4910010
378320579,370,1,receive,373410438,4910141
378529042,836,1,receive,373411253,5117789
378529504,836,2,receive,373411872,5117632
378529945,54,2,receive,373411868,5118077
378530404,150,6,receive,373412059,5118345
378530878,252,2,receive,373415349,5115529
378531334,312,3,receive,373415998,5115336
378531769,448,2,receive,373327134,5204635
378532217,238,1,receive,373416159,5116058
378532691,312,4,receive,373416340,5116351
378533190,396,1,receive,373416732,5116458
378733725,868,4,receive,373416750,5316975
378734209,640,2,receive,373417199,5317010
378734659,318,1,receive,373417412,5317247
378735114,530,2,receive,373420076,5315038
378735579,746,1,receive,373420030,5315549
378736026,192,2,receive,373420126,5315900
378736470,810,1,receive,373420516,5315954
378736910,502,1,receive,373422960,5313950
378737383,888,1,receive,373423157,5314226
378922414,892,1,receive,373424788,5497626
378922866,896,1,receive,373425194,5497672
378923315,244,1,receive,373425208,5498107
378923772,924,1,receive,373425571,5498201
378924240,82,3,receive,373387972,5536268
378924728,964,4,receive,373427070,5497658
378925183,300,2,receive,373427165,5498018
378925634,492,3,receive,373427954,5497680
378926104,166,4,receive,373430014,5496090
378926571,332,2,receive,373417168,5509403
379123987,428,1,receive,373430101,5693886
379124448,792,1,receive,373430663,5693785
379124898,450,1,receive,373431662,5693236
379125349,582,2,receive,373432544,5692805
379125816,506,1,receive,373432861,5692955
379126264,538,1,receive,373433495,5692769
379126717,478,1,receive,373433985,5692732
379127189,230,5,receive,373434750,5692439
379127661,498,1,receive,373436296,5691365
379303551,964,5,receive,373438204,5865347
379304032,166,5,receive,373438419,5865613
379304552,300,3,receive,373438927,5865625
379305045,224,1,receive,373439255,5865790
379305519,124,1,receive,373430406,5875113
379306010,486,6,receive,373440016,5865994
379306469,860,1,receive,373336252,5970217
379306937,136,1,receive,373374011,5932926
379307410,258,1,receive,373440131,5867279
379452791,788,1,receive,373440383,6012408
379453265,584,1,receive,373440677,6012588
379453740,860,2,receive,373442319,6011421
379454163,972,3,receive,373442573,6011590
379454637,352,2,receive,373443173,6011464
379455110,598,2,receive,373443786,6011324
379455888,312,5,receive,373444006,6011882
379456321,612,3,receive,373444252,6012069
379456876,868,5,receive,373446264,6010612
379594107,150,7,receive,373447583,6146524
379594567,730,3,receive,373448020,6146547
379595038,964,6,receive,373450038,6145000
379595505,358,1,receive,373450130,6145375
379595981,364,1,receive,373450269,6145712
379596506,430,1,receive,373450892,6145614
379596980,240,1,receive,373451132,6145848
379597436,312,6,receive,373451246,6146190
379597889,652,3,receive,373648626,5949263
379598380,934,3,receive,373648825,5949555
379749254,630,2,receive,373648991,6100263
379749723,378,2,receive,373650017,6099706
379750171,874,1,receive,373650346,6099825
379750597,330,2,receive,373650459,6100138
379751075,404,2,receive,373650528,6100547
379751535,852,1,receive,373651088,6100447
379752007,46,1,receive,373330033,6421974
379752475,554,6,receive,373651344,6101131
379752940,708,6,receive,373651918,6101022
379753411,838,2,receive,373653496,6099915
379912182,272,4,receive,373653674,6258508
379912669,486,16,receive,373654417,6258252
379913129,368,4,receive,373654854,6258275
379913601,682,3,receive,373654973,6258628
379914061,814,2,receive,373655070,6258991
379914540,312,12,receive,373655125,6259415
379915005,980,1,receive,373655348,6259657
379915464,374,4,receive,373655431,6260033
379915925,702,5,receive,373655541,6260384
379916410,554,7,receive,373655695,6260715
380055753,842,3,receive,373655926,6399827
380056223,386,2,receive,373656029,6400194
380056689,572,1,receive,373484841,6571848
380057148,338,7,receive,373656915,6400233
380057601,654,4,receive,373658351,6399250
380058053,166,7,receive,373658356,6399697
380058555,594,2,receive,373658501,6400054
380058997,516,3,receive,373658726,6400271
380059443,408,8,receive,373659378,6400065
380059899,502,8,receive,373659770,6400129
380207499,574,5,receive,373659865,6547634
380207965,424,2,receive,373651412,6556553
380208440,418,6,receive,373659991,6548449
380208899,888,4,receive,373660017,6548882
380209371,702,8,receive,373743321,6466050
380209837,762,2,receive,373743670,6466167
380210317,656,5,receive,373743793,6466524
380210777,330,5,receive,373740697,6470080
380211221,556,6,receive,373744182,6467039
380211677,508,7,receive,373744236,6467441
380343719,960,2,receive,373744892,6598827
380344198,266,7,receive,373745337,6598861
380344653,966,5,receive,373745654,6598999
380345146,580,2,receive,373745816,6599330
380345684,684,2,receive,373745944,6599740
380346160,132,2,receive,373427169,6918991
380346618,606,15,receive,373746811,6599807
380347108,606,16,receive,373746934,6600174
380347585,866,1,receive,373709809,6637776
380464815,706,1,receive,373717534,6747281
380465611,394,4,receive,373872959,6592652
380466581,216,1,receive,373433119,7033462
380467213,372,5,receive,373734740,6732473
380467726,636,5,receive,373874513,6593213
380572497,842,5,receive,373762586,6809911
380572898,202,6,receive,373827558,6745340
380573326,184,5,receive,373345697,7227629
380573748,782,4,receive,373801285,6772463
380574196,594,8,receive,373878134,6696062
380574662,636,6,receive,373900352,6674310
380575178,240,6,receive,373924326,6650852
380575629,718,2,receive,373906904,6668725
380576074,524,10,receive,373712659,6863415
380576533,202,7,receive,373881299,6695234
380704722,638,2,receive,373410806,7293916
380705240,668,2,receive,373759700,6945540
380705871,862,5,receive,373927920,6777951
380706525,664,10,receive,373871823,6834702
380707284,524,11,receive,374114593,6592691
380707712,714,6,receive,374126760,6580952
380708144,586,7,receive,374032479,6675665
380708811,68,5,receive,374125682,6583129
380810434,536,5,receive,374109675,6700759
380810900,166,10,receive,374115969,6694931
380811337,450,7,receive,374120982,6690355
380811777,736,4,receive,374129126,6682651
380812285,942,5,receive,374128919,6683366
380812753,700,3,receive,374151318,6661435
380813270,494,3,receive,374356265,6457005
380813767,184,7,receive,374271316,6542451
380814219,232,4,receive,374368512,6445707
380814691,534,6,receive,374305503,6509188
380933076,14,13,receive,374333884,6599192
380933584,968,5,receive,374364056,6569528
380933999,850,3,receive,374237029,6696970
380934410,936,4,receive,374331319,6603091
380934821,696,5,receive,374359503,6575318
380935278,974,7,receive,374315999,6619279
380935667,552,5,receive,374547776,6387891
380936077,374,7,receive,374386691,6549386
380936464,478,13,receive,374568711,6367753
380936844,602,6,receive,374521697,6415147
380937309,850,4,receive,374579995,6357314
381056869,38,10,receive,374568970,6487899
381057598,534,7,receive,374592104,6465494
381058228,478,14,receive,374784084,6274144
381058727,688,8,receive,374565207,6493520
381059165,424,9,receive,374601597,6457568
381059599,732,11,receive,374832341,6227258
381060072,462,4,receive,374451669,6608403
381060543,612,16,receive,374813942,6246601
381060970,132,8,receive,374826703,6234267
381061394,514,12,receive,374735789,6325605
381190030,688,9,receive,374815448,6374582
381190751,270,10,receive,374772929,6417822
381191411,916,6,receive,374789172,6402239
381191915,328,5,receive,374825835,6366080
381192464,680,7,receive,374809593,6382871
381193084,602,8,receive,375051363,6141721
381193587,496,12,receive,374940527,6253060
381194077,564,15,receive,375035036,6159041
381282053,146,8,receive,375051736,6230317
381282613,602,9,receive,375262110,6020503
381283134,138,7,receive,374677534,6605600
381283604,110,11,receive,375038887,6244717
381284142,732,12,receive,375065121,6219021
381284673,150,20,receive,375281999,6002674
381285200,976,7,receive,375026798,6258402
381285680,148,6,receive,375196206,6089474
381286184,698,11,receive,375254479,6031705
381370045,850,7,receive,375274357,6095688
