receive_timestamp,source_vehicle,message_id,event_type,send_timestamp,latency_us
262794711214,40,1,receive,262794639832,71382
262794711951,108,1,receive,262794640838,71113
262794712537,86,1,receive,262794641071,71466
262794713085,234,1,receive,262794641428,71657
262794713672,106,1,receive,262794641533,72139
262794714251,428,1,receive,262794641957,72294
262794714836,392,1,receive,262794641371,73465
262794875572,422,1,receive,262794642630,232942
262794876160,136,1,receive,262794642655,233505
262794876733,142,1,receive,262794643116,233617
262794877310,90,1,receive,262794644062,233248
262794877879,132,1,receive,262794645162,232717
262794878439,96,1,receive,262794645700,232739
262794878991,262,1,receive,262794646137,232854
262794975071,82,1,receive,262794647666,327405
262794975711,110,1,receive,262794648198,327513
262794976382,12,1,receive,262794651507,324875
262794977017,372,1,receive,262794651592,325425
262794977656,156,1,receive,262794652107,325549
262795071789,198,1,receive,262794652771,419018
262795072432,186,1,receive,262794653417,419015
262795073110,16,1,receive,262794654371,418739
262795073698,376,1,receive,262794656043,417655
262795074327,582,1,receive,262794656105,418222
262795074984,380,1,receive,262794656620,418364
262795184047,210,1,receive,262794657065,526982
262795184707,580,1,receive,262794657773,526934
262795185431,218,1,receive,262794659052,526379
262795186100,596,1,receive,262794659861,526239
262795186775,50,1,receive,262794660037,526738
262795280672,76,1,receive,262794660045,620627
262795281334,44,1,receive,262794661029,620305
262795281989,592,1,receive,262794664405,617584
262795282649,420,1,receive,262794665047,617602
262795283336,588,1,receive,262794665889,617447
262795389363,150,1,receive,262794668319,721044
262795390012,632,1,receive,262794668908,721104
262795390659,164,1,receive,262794669151,721508
262795391321,384,1,receive,262794669749,721572
262795391977,14,1,receive,262794650105,741872
262795392645,542,1,receive,262794672968,719677
262795480564,628,1,receive,262794676074,804490
262795481258,52,1,receive,262794677035,804223
262795481941,590,1,receive,262794679633,802308
262795496827,170,1,receive,262794680405,816422
262795497512,226,1,receive,262794680969,816543
262795588920,364,1,receive,262794682340,906580
262795589602,10,1,receive,262794651651,937951
262795590285,88,1,receive,262794684352,905933
262795590932,134,1,receive,262794684917,906015
262795648083,358,1,receive,262794685038,963045
262795713963,120,1,receive,262794685420,1028543
262795714629,758,1,receive,262794685979,1028650
262795715277,166,1,receive,262794688499,1026778
262795715931,208,1,receive,262794691855,1024076
262795716616,344,1,receive,262794693037,1023579
262795817593,832,1,receive,262794694048,1123545
262795818267,794,1,receive,262794695138,1123129
262795818943,442,1,receive,262794697452,1121491
262795819628,450,1,receive,262794698023,1121605
262795820328,162,1,receive,262794700773,1119555
262795938223,802,1,receive,262794702973,1235250
262795938873,812,1,receive,262794703956,1234917
262795939557,834,1,receive,262794704045,1235512
262795940245,126,1,receive,262794705053,1235192
262795940924,824,1,receive,262794709244,1231680
262795941609,818,1,receive,262794710825,1230784
262796044865,552,1,receive,262794712774,1332091
262796045528,752,1,receive,262794715035,1330493
262796046212,274,1,receive,262794718059,1328153
262796047250,830,1,receive,262794719284,1327966
262796047921,480,1,receive,262794719296,1328625
262796114923,822,1,receive,262794719860,1395063
262796115610,618,1,receive,262794721795,1393815
262796116293,520,1,receive,262794730338,1385955
262796116926,630,1,receive,262794730659,1386267
262796199458,500,1,receive,262794731099,1468359
262796200131,526,1,receive,262794732762,1467369
262796200788,348,1,receive,262794733707,1467081
262796226426,508,1,receive,262794734772,1491654
262796249471,836,1,receive,262794737218,1512253
262796299475,792,1,receive,262794738039,1561436
262796300138,762,1,receive,262794738054,1562084
262796300783,820,1,receive,262794738579,1562204
262796301446,168,1,receive,262794739068,1562378
262796302105,454,1,receive,262794739055,1563050
262796302756,354,1,receive,262794739204,1563552
262796404686,840,1,receive,262794739718,1664968
262796405647,388,1,receive,262794699467,1706180
262796420532,488,1,receive,262794741721,1678811
262796444327,92,1,receive,262794651844,1792483
262796498322,816,1,receive,262794745511,1752811
262796498986,202,1,receive,262794745539,1753447
262796499669,244,1,receive,262794745732,1753937
262796500340,212,1,receive,262794749217,1751123
262796529204,432,1,receive,262794657302,1871902
262796565225,178,1,receive,262794679202,1886023
262796566019,352,1,receive,262794747193,1818826
262796566672,610,1,receive,262794753207,1813465
262796567342,634,1,receive,262794756062,1811280
262796657971,540,1,receive,262794759061,1898910
262796658659,786,1,receive,262794759277,1899382
262796659348,494,1,receive,262794759442,1899906
262796675066,482,1,receive,262794759783,1915283
262796705154,838,1,receive,262794760973,1944181
262796771223,736,1,receive,262794761059,2010164
262796771919,712,1,receive,262794765916,2006003
262796772600,606,1,receive,262794767049,2005551
262796773272,594,1,receive,262794771037,2002235
262796773928,62,1,receive,262794771460,2002468
262796867645,236,1,receive,262794669024,2198621
262796868441,356,1,receive,262794775038,2093403
262796875353,724,1,receive,262794775084,2100269
262796876043,722,1,receive,262794775712,2100331
262796876698,788,1,receive,262794776734,2099964
262796963497,638,1,receive,262794777049,2186448
262796964185,466,1,receive,262794779063,2185122
262796976704,754,1,receive,262794779855,2196849
262797002060,744,1,receive,262794782098,2219962
262797002700,718,1,receive,262794784101,2218599
262797075322,58,1,receive,262794634580,2440742
262797075977,852,1,receive,262794785938,2290039
262797076634,842,1,receive,262794787098,2289536
262797077306,140,1,receive,262794705034,2372272
262797077985,874,1,receive,262794790712,2287273
262797165701,608,1,receive,262794791047,2374654
262797166356,740,1,receive,262794791185,2375171
262797185293,862,1,receive,262794791404,2393889
262797185978,586,1,receive,262794773034,2412944
262797253593,680,1,receive,262794800964,2452629
262797254273,556,1,receive,262794801210,2453063
262797269087,80,1,receive,262794753077,2516010
262797289923,810,1,receive,262794800687,2489236
262797353452,682,1,receive,262794803273,2550179
262797354114,848,1,receive,262794804357,2549757
262797354776,688,1,receive,262794805146,2549630
262797355449,670,1,receive,262794805425,2550024
262797356160,706,1,receive,262794805754,2550406
262797464286,532,1,receive,262794804039,2660247
262797464968,866,1,receive,262794807290,2657678
262797465657,846,1,receive,262794808433,2657224
262797466350,700,1,receive,262794808661,2657689
262797467041,666,1,receive,262794808832,2658209
262797467726,726,1,receive,262794809152,2658574
262797599195,886,1,receive,262794809654,2789541
262797599877,280,1,receive,262794804038,2795839
262797610669,534,1,receive,262794810019,2800650
262797615588,742,1,receive,262794810046,2805542
262797616283,734,1,receive,262794805975,2810308
262797616968,738,1,receive,262794804564,2812404
262797734896,578,1,receive,262794813571,2921325
262797735587,614,1,receive,262794818064,2917523
262797736221,766,1,receive,262794818592,2917629
262797736725,814,1,receive,262794819547,2917178
262797737243,760,1,receive,262794820818,2916425
262797737765,620,1,receive,262794817830,2919935
262797864782,864,1,receive,262794816273,3048509
262797865472,612,1,receive,262794824582,3040890
262797866147,768,1,receive,262794826059,3040088
262797866783,890,1,receive,262794828041,3038742
262797867451,472,1,receive,262794824203,3043248
262797978204,902,1,receive,262794828444,3149760
262797978895,878,1,receive,262794829373,3149522
262797979585,558,1,receive,262794826751,3152834
262797980259,882,1,receive,262794827769,3152490
262797980919,730,1,receive,262794831114,3149805
262797981580,780,1,receive,262794831798,3149782
262798111266,32,1,receive,262794664030,3447236
262798111927,174,1,receive,262794707028,3404899
262798112596,538,1,receive,262794831395,3281201
262798147019,774,1,receive,262794834551,3312468
262798158023,782,1,receive,262794831156,3326867
262798158708,636,1,receive,262794835757,3322951
262798290138,230,1,receive,262794836017,3454121
262798290818,568,1,receive,262794828903,3461915
262798291501,276,1,receive,262794718788,3572713
262798292182,184,1,receive,262794837518,3454664
262798406725,888,1,receive,262794838015,3568710
262798407402,708,1,receive,262794823509,3583893
262798408062,704,1,receive,262794836511,3571551
262798408743,536,1,receive,262794827439,3581304
262798442046,884,1,receive,262794818675,3623371
262798442734,880,1,receive,262794828803,3613931
262798541422,856,1,receive,262794841630,3699792
262798542104,674,1,receive,262794842731,3699373
262798542759,678,1,receive,262794849031,3693728
262798543419,868,1,receive,262794833809,3709610
262798544079,698,1,receive,262794848604,3695475
262798544737,806,1,receive,262794853081,3691656
262798670425,778,1,receive,262794855512,3814913
262798671192,720,1,receive,262794843242,3827950
262798671873,844,1,receive,262794842017,3829856
262798672529,900,1,receive,262794839300,3833229
262798673212,464,1,receive,262794827781,3845431
262798673891,804,1,receive,262794860983,3812908
262798790155,444,1,receive,262794861645,3928510
262798790811,790,1,receive,262794850137,3940674
262798791477,896,1,receive,262794858653,3932824
262798815404,870,1,receive,262794831029,3984375
262798886500,912,1,receive,262794858038,4028462
262798887157,116,1,receive,262794852130,4035027
262798887854,716,1,receive,262794853883,4033971
262798888537,876,1,receive,262794852260,4036277
262798923024,732,1,receive,262794852037,4070987
262798993803,854,1,receive,262794864460,4129343
262798994559,914,1,receive,262794874858,4119701
262798995457,828,1,receive,262794871988,4123469
262799004441,910,1,receive,262794873486,4130955
262799041347,892,1,receive,262794863422,4177925
262799095337,600,1,receive,262794874615,4220722
262799096032,924,1,receive,262794879157,4216875
262799096714,124,2,receive,262794780600,4316114
262799097401,918,1,receive,262794884191,4213210
262799098075,858,1,receive,262794875062,4223013
262799199795,628,2,receive,262794887482,4312313
262799200459,222,1,receive,262794858074,4342385
262799201127,826,1,receive,262794888886,4312241
262799201809,908,1,receive,262794887953,4313856
262799202454,916,1,receive,262794895909,4306545
262799345015,898,1,receive,262794897612,4447403
262799345701,206,1,receive,262794894084,4451617
262799346390,906,1,receive,262794896323,4450067
262799347076,176,1,receive,262794885163,4461913
262799347750,850,1,receive,262794880639,4467111
262799461032,702,1,receive,262794859037,4601995
262799461825,920,1,receive,262794906037,4555788
262799462475,904,1,receive,262794898967,4563508
262799463138,104,1,receive,262794693040,4770098
262799463794,894,1,receive,262794910035,4553759
262799581496,714,1,receive,262794869932,4711564
262799582214,432,2,receive,262794897567,4684647
262799582897,362,1,receive,262794890412,4692485
262799583579,74,2,receive,262794891949,4691630
262799709056,138,1,receive,262794906230,4802826
262799709739,872,1,receive,262794868647,4841092
262799710432,926,1,receive,262794922243,4788189
262799711276,860,1,receive,262794864783,4846493
262799711938,928,1,receive,262794926348,4785590
262799814916,922,1,receive,262794927383,4887533
262799815581,442,2,receive,262794921009,4894572
262799816261,172,1,receive,262794871811,4944450
262799828066,152,1,receive,262794921274,4906792
262799828738,820,2,receive,262794926445,4902293
262799914754,562,1,receive,262794948009,4966745
262799915442,378,1,receive,262794945663,4969779
262799928021,114,1,receive,262794899455,5028566
262799928694,758,2,receive,262794953280,4975414
262799929383,110,2,receive,262794921860,5007523
262800040055,148,1,receive,262794843310,5196745
262800040748,772,1,receive,262794960625,5080123
262800041447,212,2,receive,262794923249,5118198
262800042146,354,2,receive,262794884812,5157334
262800042835,938,1,receive,262794965518,5077317
262800120875,736,2,receive,262794901012,5219863
262800121738,934,1,receive,262794966837,5154901
262800122431,580,2,receive,262794955918,5166513
262800123124,888,2,receive,262794981489,5141635
262800123811,956,1,receive,262794984049,5139762
262800218415,508,2,receive,262794961472,5256943
262800218938,262,2,receive,262794986507,5232431
262800219609,962,1,receive,262794987230,5232379
262800239190,220,1,receive,262794979264,5259926
262800239876,838,2,receive,262794990251,5249625
262800307352,930,1,receive,262794990426,5316926
262800308017,700,2,receive,262794990760,5317257
262800308674,418,1,receive,262794895366,5413308
262800309351,12,2,receive,262794920545,5388806
262800406323,958,1,receive,262794999239,5407084
262800407016,964,1,receive,262795001085,5405931
262800407703,954,1,receive,262795002131,5405572
262800408397,948,1,receive,262795005276,5403121
262800409076,950,1,receive,262795006730,5402346
262800409739,944,1,receive,262795008940,5400799
262800541944,952,1,receive,262795010977,5530967
262800542616,358,2,receive,262795011078,5531538
262800543299,942,1,receive,262795012579,5530720
262800543992,20,2,receive,262794917166,5626826
262800544681,946,1,receive,262795013041,5531640
262800664812,404,1,receive,262795004819,5659993
262800665495,960,1,receive,262795017037,5648458
262800666177,162,2,receive,262795004120,5662057
262800666841,586,2,receive,262795027329,5639512
262800667525,98,2,receive,262794964568,5702957
