receive_timestamp,source_vehicle,message_id,event_type,send_timestamp,latency_us
373729484,130,3,receive,373309045,420439
373729931,524,1,receive,373374149,355782
373730378,130,4,receive,373373933,356445
373730794,530,1,receive,373374600,356194
373731208,436,1,receive,373374829,356379
373731620,130,5,receive,373375029,356591
373732042,636,2,receive,373376013,356029
373732452,90,5,receive,373376866,355586
373732862,508,1,receive,373376887,355975
373733292,130,6,receive,373376476,356816
373733703,972,2,receive,373377276,356427
373734123,426,5,receive,373377644,356479
373974866,634,3,receive,373378345,596521
373975312,918,1,receive,373378463,596849
373975756,618,1,receive,373379066,596690
373976215,166,3,receive,373380013,596202
373976663,112,2,receive,373285041,691622
373977112,8,5,receive,373278178,698934
373977556,196,6,receive,373381922,595634
373978009,868,3,receive,373382063,595946
373978452,90,6,receive,373382316,596136
373978914,340,1,receive,373296934,681980
374207278,400,4,receive,373382781,824497
374207744,432,3,receive,373383008,824736
374208190,486,4,receive,373383975,824215
374208635,126,2,receive,373305048,903587
374209097,222,1,receive,373375932,833165
374209558,316,1,receive,373386209,823349
374210017,486,5,receive,373386787,823230
374210466,730,2,receive,373387278,823188
374210914,2,5,receive,373273391,937523
374211370,154,3,receive,373388709,822661
374441484,734,1,receive,373389539,1051945
374441953,444,1,receive,373334200,1107753
374443372,638,1,receive,373371725,1071647
374443850,436,2,receive,373390018,1053832
374444329,492,2,receive,373390020,1054309
374444781,366,1,receive,373390145,1054636
374445236,618,2,receive,373390437,1054799
374445717,62,4,receive,373250337,1195380
374724579,774,1,receive,373390624,1333955
374725043,756,1,receive,373390885,1334158
374725498,554,2,receive,373391272,1334226
374725986,196,7,receive,373391318,1334668
374726458,678,1,receive,373391717,1334741
374726908,964,2,receive,373391772,1335136
374727365,724,1,receive,373392160,1335205
374727849,64,4,receive,373354344,1373505
374728306,488,2,receive,373393759,1334547
374728761,798,3,receive,373393968,1334793
374954085,320,4,receive,373394395,1559690
374954574,222,2,receive,373395466,1559108
374955035,778,5,receive,373395541,1559494
374955498,778,6,receive,373395881,1559617
374955954,32,3,receive,373285087,1670867
374956420,206,4,receive,373396720,1559700
374956887,336,1,receive,373396941,1559946
374957356,2,6,receive,373393761,1563595
374957825,766,2,receive,373397603,1560222
374958314,352,1,receive,373355333,1602981
375198109,164,2,receive,373287511,1910598
375198576,434,1,receive,373398867,1799709
375199042,804,1,receive,373398932,1800110
375199508,456,2,receive,373399942,1799566
375199991,612,2,receive,373391742,1808249
375200475,858,1,receive,373343766,1856709
375200946,150,5,receive,373400589,1800357
375201467,330,1,receive,373400981,1800486
375201936,560,1,receive,373401198,1800738
375202406,204,2,receive,373401651,1800755
375432620,564,1,receive,373401672,2030948
375433093,222,3,receive,373402437,2030656
375433560,778,7,receive,373402673,2030887
375434042,230,4,receive,373403215,2030827
375434520,586,1,receive,373403229,2031291
375434975,670,3,receive,373403888,2031087
375435434,982,1,receive,373404064,2031370
375435891,592,2,receive,373404299,2031592
375436371,994,1,receive,373404655,2031716
375436829,554,3,receive,373404704,2032125
375672171,634,4,receive,373405133,2267038
375672662,634,5,receive,373405599,2267063
375673130,426,6,receive,373405950,2267180
375673605,964,3,receive,373407361,2266244
375674086,316,2,receive,373407547,2266539
375674538,844,1,receive,373407892,2266646
375675001,586,2,receive,373408806,2266195
375675457,566,1,receive,373360373,2315084
375675939,482,1,receive,373410119,2265820
375676393,370,1,receive,373410438,2265955
375913550,836,1,receive,373411253,2502297
375913969,836,2,receive,373411872,2502097
375914443,54,2,receive,373411868,2502575
375914833,150,6,receive,373412059,2502774
375915259,252,2,receive,373415349,2499910
375915663,448,2,receive,373327134,2588529
375916060,312,3,receive,373415998,2500062
375916541,238,1,receive,373416159,2500382
375916948,312,4,receive,373416340,2500608
375917350,868,4,receive,373416750,2500600
375917792,396,1,receive,373416732,2501060
376169431,640,2,receive,373417199,2752232
376169862,318,1,receive,373417412,2752450
376170296,746,1,receive,373420030,2750266
376170706,530,2,receive,373420076,2750630
376171171,192,2,receive,373420126,2751045
376171574,810,1,receive,373420516,2751058
376171982,502,1,receive,373422960,2749022
376172384,888,1,receive,373423157,2749227
376172781,892,1,receive,373424788,2747993
376173255,896,1,receive,373425194,2748061
376173773,244,1,receive,373425208,2748565
376415046,924,1,receive,373425571,2989475
376415551,82,3,receive,373387972,3027579
376416053,964,4,receive,373427070,2988983
376416548,300,2,receive,373427165,2989383
376417038,492,3,receive,373427954,2989084
376417518,332,2,receive,373417168,3000350
376418007,166,4,receive,373430014,2987993
376418477,428,1,receive,373430101,2988376
376418980,792,1,receive,373430663,2988317
376646601,450,1,receive,373431662,3214939
376647132,582,2,receive,373432544,3214588
376647609,506,1,receive,373432861,3214748
376648078,538,1,receive,373433495,3214583
376648572,478,1,receive,373433985,3214587
376649036,230,5,receive,373434750,3214286
376649516,498,1,receive,373436296,3213220
376650050,964,5,receive,373438204,3211846
376650523,166,5,receive,373438419,3212104
376651008,300,3,receive,373438927,3212081
376895425,224,1,receive,373439255,3456170
376895872,124,1,receive,373430406,3465466
376896307,860,1,receive,373336252,3560055
376896754,136,1,receive,373374011,3522743
376897191,486,6,receive,373440016,3457175
376897623,258,1,receive,373440131,3457492
376898082,788,1,receive,373440383,3457699
376898526,584,1,receive,373440677,3457849
376898967,860,2,receive,373442319,3456648
376899414,972,3,receive,373442573,3456841
377129797,352,2,receive,373443173,3686624
377130274,598,2,receive,373443786,3686488
377130729,312,5,receive,373444006,3686723
377131196,612,3,receive,373444252,3686944
377131727,868,5,receive,373446264,3685463
377132220,150,7,receive,373447583,3684637
377132728,730,3,receive,373448020,3684708
377133171,964,6,receive,373450038,3683133
377133631,358,1,receive,373450130,3683501
377350379,364,1,receive,373450269,3900110
377350833,430,1,receive,373450892,3899941
377351289,240,1,receive,373451132,3900157
377351727,312,6,receive,373451246,3900481
377352173,656,1,receive,373452049,3900124
377352609,284,2,receive,373428397,3924212
377353062,696,1,receive,373453421,3899641
377353507,362,1,receive,373453682,3899825
377353950,320,5,receive,373453829,3900121
377354389,252,3,receive,373455163,3899226
377580244,274,2,receive,373407508,4172736
377580689,338,2,receive,373455536,4125153
377581157,510,1,receive,373456262,4124895
377581613,730,4,receive,373457374,4124239
377582089,868,6,receive,373457618,4124471
377582565,420,1,receive,373457777,4124788
377583025,456,3,receive,373458002,4125023
377583483,240,2,receive,373458406,4125077
377583929,228,1,receive,373458664,4125265
377796177,404,1,receive,373458775,4337402
377796591,766,3,receive,373459094,4337497
377797339,606,1,receive,373459342,4337997
377797810,356,1,receive,373459582,4338228
377798259,908,1,receive,373460048,4338211
377798735,304,1,receive,373460382,4338353
377799184,236,1,receive,373460929,4338255
377799665,178,1,receive,373391181,4408484
377800138,500,1,receive,373461772,4338366
378028447,598,3,receive,373462312,4566135
378028907,616,1,receive,373463550,4565357
378029368,334,1,receive,373464651,4564717
378029841,360,1,receive,373465058,4564783
378030355,634,6,receive,373465210,4565145
378030800,252,4,receive,373467636,4563164
378031297,274,3,receive,373467950,4563347
378031768,282,1,receive,373468146,4563622
378032235,456,4,receive,373468388,4563847
378262962,352,3,receive,373468467,4794495
378263354,932,1,receive,373468666,4794688
378263771,204,3,receive,373469146,4794625
378264141,292,1,receive,373469744,4794397
378264519,818,3,receive,373470014,4794505
378264936,492,4,receive,373470026,4794910
378265318,458,1,receive,373470440,4794878
378265741,472,1,receive,373470774,4794967
378266139,516,1,receive,373471220,4794919
378266573,120,1,receive,373471753,4794820
378267058,54,3,receive,373474163,4792895
378451943,486,7,receive,373475225,4976718
378452418,408,4,receive,373392875,5059543
