receive_timestamp,source_vehicle,message_id,event_type,send_timestamp,latency_us
249889130677,4,1,receive,249889130281,396
249889130975,56,1,receive,249889130313,662
249889131303,28,1,receive,249889130386,917
249889131545,48,1,receive,249889130368,1177
249889131790,52,1,receive,249889130408,1382
249889132060,8,1,receive,249889130464,1596
249889132294,24,1,receive,249889130472,1822
249889132601,16,1,receive,249889130461,2140
249889132887,2,1,receive,249889132459,428
249889133528,6,1,receive,249889133320,208
249889134017,10,1,receive,249889133660,357
249889134551,12,1,receive,249889134422,129
249889135409,18,1,receive,249889134509,900
249889135865,30,1,receive,249889134823,1042
249889136337,26,1,receive,249889134907,1430
249889139990,14,1,receive,249889135635,4355
249889140480,38,1,receive,249889136921,3559
249889141562,22,1,receive,249889137125,4437
249889145016,34,1,receive,249889138002,7014
249889145479,40,1,receive,249889138600,6879
249889145944,36,1,receive,249889138677,7267
249889146411,62,1,receive,249889139779,6632
249889146871,74,1,receive,249889139943,6928
249889159386,70,1,receive,249889140442,18944
249889159861,80,1,receive,249889140557,19304
249889160344,50,1,receive,249889140929,19415
249889160819,42,1,receive,249889141130,19689
249889161304,84,1,receive,249889141215,20089
249889161788,54,1,receive,249889141515,20273
249889162264,32,1,receive,249889141754,20510
249889162743,66,1,receive,249889141943,20800
249889176244,64,1,receive,249889142028,34216
249889176745,100,1,receive,249889142413,34332
249889177250,76,1,receive,249889142744,34506
249889177746,82,1,receive,249889143326,34420
249889178216,96,1,receive,249889143463,34753
249889178717,58,1,receive,249889148021,30696
249889189209,88,1,receive,249889148136,41073
249889189729,78,1,receive,249889148186,41543
249889190247,72,1,receive,249889148287,41960
249889190763,68,1,receive,249889149974,40789
249889191253,94,1,receive,249889150153,41100
249889191791,46,1,receive,249889150349,41442
249889192304,44,1,receive,249889152335,39969
249889192804,86,1,receive,249889152340,40464
249889195383,92,1,receive,249889152776,42607
249889195901,90,1,receive,249889155402,40499
249889196191,98,1,receive,249889155773,40418
249889196471,60,1,receive,249889159023,37448
249889196751,20,1,receive,249889158256,38495
249889249722,38,2,receive,249889248251,1471
249889256482,2,2,receive,249889255678,804
249889269235,96,2,receive,249889267777,1458
249889271785,98,2,receive,249889270013,1772
249889278306,10,2,receive,249889276875,1431
249889308523,4,2,receive,249889307526,997
249889311342,60,2,receive,249889308961,2381
249889312985,50,2,receive,249889312149,836
249889329234,16,2,receive,249889328769,465
249889342601,26,2,receive,249889342164,437
249889350608,12,2,receive,249889349638,970
249889358665,74,2,receive,249889358202,463
249889381138,38,3,receive,249889380685,453
249889403388,88,2,receive,249889402406,982
249889404168,28,2,receive,249889403855,313
249889408603,42,2,receive,249889405377,3226
249889427502,94,2,receive,249889426492,1010
249889442314,60,3,receive,249889441335,979
249889449018,26,3,receive,249889448607,411
249889454035,16,3,receive,249889453199,836
249889480618,50,3,receive,249889480190,428
249889491693,24,2,receive,249889490744,949
249889534134,68,2,receive,249889533231,903
249889536165,96,3,receive,249889535876,289
249889540552,62,2,receive,249889537801,2751
249889550942,76,2,receive,249889550122,820
249889566747,2,3,receive,249889565781,966
249889618616,90,2,receive,249889616717,1899
249889626361,98,3,receive,249889626086,275
249889665832,44,2,receive,249889665448,384
249889668880,2,4,receive,249889667742,1138
249889675879,34,2,receive,249889674233,1646
249889688568,84,2,receive,249889686752,1816
249889693778,92,2,receive,249889693029,749
249889726760,100,2,receive,249889724809,1951
249889733797,24,3,receive,249889731929,1868
249889760176,20,2,receive,249889758424,1752
249889790323,88,3,receive,249889786541,3782
249889790809,80,2,receive,249889788239,2570
249889812511,18,2,receive,249889810746,1765
249889812896,94,3,receive,249889811670,1226
249889813262,52,2,receive,249889812251,1011
249889822192,70,2,receive,249889819919,2273
249889864521,66,2,receive,249889863705,816
249889865886,86,2,receive,249889864591,1295
249889872790,34,3,receive,249889871138,1652
249889885364,46,2,receive,249889884575,789
249889886818,72,2,receive,249889885974,844
249889900528,48,2,receive,249889899611,917
249889909248,36,2,receive,249889907895,1353
249889926936,14,2,receive,249889923883,3053
249889927432,82,2,receive,249889925616,1816
249889929812,54,2,receive,249889927353,2459
249889937261,32,2,receive,249889934998,2263
249889942697,4,3,receive,249889941392,1305
249889952212,78,2,receive,249889950968,1244
249889954871,12,3,receive,249889953601,1270
249889970247,6,2,receive,249889968528,1719
249889979038,58,2,receive,249889978300,738
249889982626,66,3,receive,249889981007,1619
249889999732,46,3,receive,249889998389,1343
249890006341,34,4,receive,249890004719,1622
249890028671,56,2,receive,249890026541,2130
249890047030,50,4,receive,249890045028,2002
249890051332,64,2,receive,249890049265,2067
249890052380,44,3,receive,249890051547,833
249890058545,8,2,receive,249890057644,901
249890068591,60,4,receive,249890066075,2516
249890069092,22,2,receive,249890066329,2763
249890071633,92,3,receive,249890069948,1685
249890081924,62,3,receive,249890080023,1901
249890103408,30,2,receive,249890103023,385
249890109224,40,2,receive,249890107019,2205
249890128102,42,3,receive,249890127751,351
249890132966,56,3,receive,249890129493,3473
249890133488,84,3,receive,249890131859,1629
249890148913,10,3,receive,249890146966,1947
249890167277,68,3,receive,249890166846,431
249890185467,74,3,receive,249890184094,1373
249890201285,24,4,receive,249890200107,1178
249890209199,98,4,receive,249890207436,1763
249890211226,80,3,receive,249890209321,1905
249890215957,54,3,receive,249890214783,1174
249890219660,26,4,receive,249890218900,760
249890269752,38,4,receive,249890269383,369
249890271076,14,3,receive,249890270750,326
249890273443,36,3,receive,249890273108,335
249890280715,12,4,receive,249890279416,1299
249890284407,16,4,receive,249890284091,316
249890325104,42,4,receive,249890324691,413
249890337334,46,4,receive,249890336644,690
249890351138,52,3,receive,249890350771,367
249890359543,74,4,receive,249890359166,377
249890362045,94,4,receive,249890361752,293
249890376127,14,4,receive,249890374661,1466
249890383045,76,3,receive,249890382260,785
249890395042,40,3,receive,249890393014,2028
249890401702,28,3,receive,249890400899,803
249890424310,32,3,receive,249890422355,1955
249890425094,62,4,receive,249890424730,364
249890427762,96,4,receive,249890426923,839
249890444795,86,3,receive,249890442892,1903
249890445342,2,5,receive,249890444819,523
249890456824,54,4,receive,249890454985,1839
249890462698,78,3,receive,249890462307,391
249890471999,88,4,receive,249890470786,1213
249890475810,84,4,receive,249890474069,1741
249890476604,58,3,receive,249890476337,267
249890479384,14,5,receive,249890479038,346
249890481626,8,3,receive,249890481332,294
249890493878,18,3,receive,249890492418,1460
249890503216,48,3,receive,249890502863,353
249890507578,50,5,receive,249890506769,809
249890508112,68,4,receive,249890506871,1241
249890529229,10,4,receive,249890527122,2107
249890551777,92,4,receive,249890550437,1340
249890571273,42,5,receive,249890569973,1300
249890582159,36,4,receive,249890579987,2172
249890591828,90,3,receive,249890590962,866
249890596839,96,5,receive,249890595546,1293
249890605693,62,5,receive,249890604934,759
249890635656,28,4,receive,249890634331,1325
249890637321,40,4,receive,249890636104,1217
249890650978,98,5,receive,249890649692,1286
249890652057,20,3,receive,249890650958,1099
249890665502,100,3,receive,249890663149,2353
249890708666,66,4,receive,249890707879,787
249890717659,8,4,receive,249890716469,1190
249890739215,22,3,receive,249890737822,1393
249890740849,4,4,receive,249890740605,244
249890746138,80,4,receive,249890744697,1441
249890754129,18,4,receive,249890753193,936
249890756440,54,5,receive,249890756132,308
249890788010,46,5,receive,249890786342,1668
249890793005,94,5,receive,249890791802,1203
249890810670,6,3,receive,249890808849,1821
249890814916,70,3,receive,249890814117,799
249890822487,72,3,receive,249890820897,1590
249890833695,20,4,receive,249890832417,1278
249890834307,66,5,receive,249890833915,392
249890838270,86,4,receive,249890837093,1177
249890842248,38,5,receive,249890840458,1790
249890853871,34,5,receive,249890853370,501
249890855021,14,6,receive,249890854649,372
249890860398,62,6,receive,249890860015,383
249890861804,82,3,receive,249890861463,341
249890866099,64,3,receive,249890864087,2012
249890911388,8,5,receive,249890910389,999
249890971636,96,6,receive,249890970752,884
249890972303,44,4,receive,249890971921,382
249890987076,68,5,receive,249890986279,797
249890990845,36,5,receive,249890989286,1559
249891000999,84,5,receive,249890998966,2033
249891014677,70,4,receive,249891013536,1141
249891024625,56,4,receive,249891023302,1323
249891025102,30,3,receive,249891024506,596
249891032547,34,6,receive,249891030650,1897
249891045364,60,5,receive,249891043934,1430
249891047477,98,6,receive,249891045303,2174
249891073736,26,5,receive,249891072899,837
249891079723,6,4,receive,249891078959,764
249891086711,54,6,receive,249891084824,1887
249891093708,2,6,receive,249891092956,752
249891101866,38,6,receive,249891100348,1518
249891108718,80,5,receive,249891107545,1173
249891109109,52,4,receive,249891108525,584
249891131403,12,5,receive,249891129378,2025
249891147501,50,6,receive,249891146259,1242
249891150434,76,4,receive,249891149737,697
249891156554,24,5,receive,249891155511,1043
249891164271,88,5,receive,249891163591,680
249891182865,14,7,receive,249891182185,680
249891211267,16,5,receive,249891209656,1611
249891228289,92,5,receive,249891227133,1156
249891237361,10,5,receive,249891237034,327
249891239742,82,4,receive,249891239122,620
249891251531,84,6,receive,249891250798,733
249891272920,48,4,receive,249891272580,340
249891294296,90,4,receive,249891291665,2631
249891294640,58,4,receive,249891293513,1127
249891308686,86,5,receive,249891306784,1902
249891348284,2,7,receive,249891346688,1596
249891362547,70,5,receive,249891359459,3088
249891362895,74,5,receive,249891359623,3272
249891369972,20,5,receive,249891368940,1032
249891372461,78,4,receive,249891371585,876
249891382685,66,6,receive,249891381314,1371
249891391710,100,4,receive,249891390736,974
249891399752,32,4,receive,249891398289,1463
249891413250,68,6,receive,249891412590,660
249891433740,52,5,receive,249891431949,1791
249891436482,4,5,receive,249891435509,973
249891438819,22,4,receive,249891438604,215
249891449031,18,5,receive,249891447198,1833
249891449839,26,6,receive,249891449318,521
249891453676,8,6,receive,249891451452,2224
249891459845,42,6,receive,249891458284,1561
249891469310,40,5,receive,249891467655,1655
249891479146,72,4,receive,249891477844,1302
249891494195,64,4,receive,249891492119,2076
249891505578,6,5,receive,249891505281,297
249891514565,56,5,receive,249891513230,1335
249891518533,28,5,receive,249891516181,2352
249891519029,94,6,receive,249891517342,1687
249891524418,12,6,receive,249891523729,689
249891538173,52,6,receive,249891537891,282
249891555378,58,5,receive,249891554592,786
249891564269,24,6,receive,249891562917,1352
249891572276,16,6,receive,249891571090,1186
249891586663,22,5,receive,249891586369,294
249891602852,44,5,receive,249891602153,699
249891653849,46,6,receive,249891653505,344
249891670581,14,8,receive,249891670246,335
249891686371,100,5,receive,249891685551,820
249891726999,54,7,receive,249891726631,368
249891756099,62,7,receive,249891754462,1637
249891784532,88,6,receive,249891783896,636
249891787474,56,6,receive,249891787187,287
249891794115,4,6,receive,249891793803,312
249891801115,70,6,receive,249891800385,730
249891802746,78,5,receive,249891802435,311
249891804215,40,6,receive,249891803532,683
249891807126,64,5,receive,249891806584,542
249891807606,50,7,receive,249891806796,810
249891825420,38,7,receive,249891823166,2254
249891830523,96,7,receive,249891829868,655
249891832627,34,7,receive,249891831930,697
249891845251,8,7,receive,249891844920,331
249891848229,84,7,receive,249891847018,1211
249891848717,28,6,receive,249891847058,1659
249891887469,36,6,receive,249891885182,2287
249891894236,26,7,receive,249891893113,1123
249891935840,60,6,receive,249891934362,1478
249891948532,98,7,receive,249891946951,1581
249891949345,54,8,receive,249891948695,650
249891959597,74,6,receive,249891957688,1909
249891963073,30,4,receive,249891961959,1114
249891998114,10,6,receive,249891997524,590
249892002037,48,5,receive,249892000491,1546
249892015193,20,6,receive,249892013006,2187
249892043973,6,6,receive,249892043157,816
249892046981,18,6,receive,249892045506,1475
249892059107,82,5,receive,249892058761,346
249892063256,70,7,receive,249892062932,324
249892064072,12,7,receive,249892063728,344
249892068965,80,6,receive,249892066235,2730
249892079138,92,6,receive,249892078750,388
249892092674,14,9,receive,249892091917,757
249892106725,58,6,receive,249892105671,1054
249892107204,76,5,receive,249892106846,358
249892109905,56,7,receive,249892108459,1446
249892130983,46,7,receive,249892130103,880
249892154971,86,6,receive,249892153733,1238
249892155353,32,5,receive,249892153709,1644
249892160328,60,7,receive,249892159110,1218
249892161349,66,7,receive,249892161009,340
249892161869,94,7,receive,249892161185,684
249892181374,2,8,receive,249892181064,310
249892184630,4,7,receive,249892184364,266
249892188145,30,5,receive,249892187885,260
249892208307,42,7,receive,249892207329,978
249892214361,52,7,receive,249892212631,1730
249892222576,88,7,receive,249892222214,362
249892230913,12,8,receive,249892229102,1811
249892241749,90,5,receive,249892241473,276
249892256411,44,6,receive,249892255978,433
249892285203,68,7,receive,249892283354,1849
249892287886,38,8,receive,249892286609,1277
249892305590,8,8,receive,249892304763,827
249892334230,78,6,receive,249892332388,1842
249892353508,86,7,receive,249892351273,2235
249892357477,76,6,receive,249892356276,1201
249892372918,24,7,receive,249892371164,1754
249892376738,50,8,receive,249892375093,1645
249892380198,44,7,receive,249892379565,633
249892385659,34,8,receive,249892384962,697
249892387670,28,7,receive,249892386177,1493
249892413212,100,6,receive,249892412483,729
249892431200,6,7,receive,249892430463,737
249892434772,72,5,receive,249892434485,287
249892454992,70,8,receive,249892453176,1816
249892455496,66,8,receive,249892454196,1300
249892459184,74,7,receive,249892457038,2146
249892460260,16,7,receive,249892460009,251
249892506763,42,8,receive,249892506467,296
249892523015,32,6,receive,249892522758,257
249892535881,96,8,receive,249892535653,228
249892560284,46,8,receive,249892559982,302
249892565933,22,6,receive,249892565613,320
249892567444,88,8,receive,249892566729,715
249892569446,4,8,receive,249892569199,247
249892587412,74,8,receive,249892586688,724
249892599777,54,9,receive,249892597881,1896
249892600690,30,6,receive,249892599914,776
249892613638,48,6,receive,249892612918,720
249892628021,62,8,receive,249892627249,772
249892630340,14,10,receive,249892630127,213
249892636309,40,7,receive,249892636085,224
249892639029,98,8,receive,249892638316,713
249892652295,84,8,receive,249892651502,793
249892653402,60,8,receive,249892653144,258
249892667494,34,9,receive,249892667185,309
249892679004,36,7,receive,249892677027,1977
249892700515,38,9,receive,249892699828,687
249892705010,6,8,receive,249892703939,1071
249892721453,64,6,receive,249892719748,1705
249892747415,80,7,receive,249892745719,1696
249892760442,58,7,receive,249892759293,1149
249892768613,86,8,receive,249892766945,1668
249892772074,42,9,receive,249892771372,702
249892804342,82,6,receive,249892803102,1240
249892805312,44,8,receive,249892803821,1491
249892808957,52,8,receive,249892807135,1822
249892818317,18,7,receive,249892817972,345
249892826894,62,9,receive,249892826195,699
249892835858,94,8,receive,249892834699,1159
249892867234,16,8,receive,249892866882,352
249892873184,86,9,receive,249892871664,1520
249892888502,26,8,receive,249892886660,1842
249892889615,24,8,receive,249892888598,1017
249892893638,20,7,receive,249892892370,1268
249892902504,74,9,receive,249892901329,1175
249892905753,4,9,receive,249892905074,679
249892921198,10,7,receive,249892918962,2236
249892929820,90,6,receive,249892928456,1364
249892935625,98,9,receive,249892934430,1195
249892953144,92,7,receive,249892951968,1176
249892961397,100,7,receive,249892960628,769
249892970069,56,8,receive,249892968799,1270
249892982551,58,8,receive,249892981190,1361
249892992299,66,9,receive,249892990545,1754
249892999685,2,9,receive,249892998544,1141
249893004024,76,7,receive,249893002861,1163
249893019139,46,9,receive,249893018853,286
249893020638,60,9,receive,249893019497,1141
249893028450,22,7,receive,249893027675,775
249893035552,12,9,receive,249893034771,781
249893045782,38,10,receive,249893044548,1234
249893048610,36,8,receive,249893047859,751
249893060579,90,7,receive,249893059403,1176
249893070268,70,9,receive,249893069433,835
249893079549,18,8,receive,249893075033,4516
249893087557,94,9,receive,249893086691,866
249893109455,8,9,receive,249893109023,432
249893145874,80,8,receive,249893145438,436
249893152301,96,9,receive,249893150486,1815
249893170506,78,7,receive,249893170018,488
249893196764,34,10,receive,249893195889,875
249893206488,14,11,receive,249893201873,4615
249893207087,50,9,receive,249893203840,3247
249893211559,92,8,receive,249893211012,547
249893224819,68,8,receive,249893223306,1513
249893236213,28,8,receive,249893235025,1188
249893268975,4,10,receive,249893264575,4400
249893294762,40,8,receive,249893293016,1746
249893307413,42,10,receive,249893305096,2317
249893316257,64,7,receive,249893314019,2238
249893326164,82,7,receive,249893321225,4939
249893336158,76,8,receive,249893335030,1128
249893347065,54,10,receive,249893343036,4029
249893363037,52,9,receive,249893360236,2801
249893369042,2,10,receive,249893366258,2784
249893369931,22,8,receive,249893368465,1466
249893378662,88,9,receive,249893370363,8299
249893379135,36,9,receive,249893371707,7428
249893402405,48,7,receive,249893400737,1668
249893408267,30,7,receive,249893406773,1494
249893412804,72,6,receive,249893410141,2663
249893430127,84,9,receive,249893428469,1658
249893454981,92,9,receive,249893451576,3405
249893455621,28,9,receive,249893453141,2480
249893462469,6,9,receive,249893459744,2725
249893478191,98,10,receive,249893476645,1546
249893485509,58,9,receive,249893484025,1484
249893488402,60,10,receive,249893487841,561
249893508792,86,10,receive,249893507458,1334
249893510761,32,7,receive,249893509980,781
249893517970,26,9,receive,249893516695,1275
249893544150,66,10,receive,249893543420,730
249893547692,40,9,receive,249893546294,1398
249893555701,70,10,receive,249893554274,1427
249893559055,44,9,receive,249893557134,1921
249893560870,78,8,receive,249893560215,655
249893589995,58,10,receive,249893588507,1488
249893605859,24,9,receive,249893604383,1476
249893641264,74,10,receive,249893640508,756
249893648778,12,10,receive,249893646680,2098
249893652642,16,9,receive,249893650289,2353
249893687884,62,10,receive,249893686439,1445
249893695241,40,10,receive,249893693585,1656
249893711921,38,11,receive,249893710591,1330
249893713897,24,10,receive,249893712802,1095
249893717374,56,9,receive,249893715688,1686
249893724394,20,8,receive,249893722297,2097
249893724735,34,11,receive,249893722994,1741
249893735262,46,10,receive,249893733186,2076
249893736351,84,10,receive,249893735183,1168
249893742030,4,11,receive,249893740097,1933
249893758649,8,10,receive,249893757549,1100
249893775188,94,10,receive,249893774025,1163
249893787531,76,9,receive,249893785951,1580
249893803436,42,11,receive,249893801782,1654
249893805077,50,10,receive,249893803628,1449
249893808486,58,11,receive,249893806653,1833
249893812855,100,8,receive,249893811388,1467
249893825756,92,10,receive,249893823007,2749
249893832658,6,10,receive,249893832007,651
249893846637,96,10,receive,249893845721,916
249893862188,18,9,receive,249893859516,2672
249893863941,46,11,receive,249893863664,277
249893871726,2,11,receive,249893870176,1550
249893876115,12,11,receive,249893875016,1099
249893878944,48,8,receive,249893878329,615
249893881489,84,11,receive,249893880454,1035
249893883752,10,8,receive,249893882558,1194
249893920835,62,11,receive,249893920096,739
249893925656,68,9,receive,249893924514,1142
249893928238,76,10,receive,249893927113,1125
249893979430,90,8,receive,249893977741,1689
249893983178,82,8,receive,249893982079,1099
249894013276,60,11,receive,249894011445,1831
249894018019,6,11,receive,249894016408,1611
249894038241,30,8,receive,249894037009,1232
249894042702,52,10,receive,249894041973,729
249894049160,14,12,receive,249894048017,1143
249894054156,12,12,receive,249894053898,258
249894065545,46,12,receive,249894063827,1718
249894072979,64,8,receive,249894072640,339
249894087952,76,11,receive,249894087598,354
249894098202,26,10,receive,249894097838,364
249894115759,38,12,receive,249894115482,277
249894129598,80,9,receive,249894129352,246
249894131694,98,11,receive,249894131396,298
249894139032,34,12,receive,249894138400,632
249894161723,90,9,receive,249894161365,358
249894191946,50,11,receive,249894191566,380
249894220178,78,9,receive,249894219780,398
249894238543,68,10,receive,249894238203,340
249894239047,22,9,receive,249894238229,818
249894253964,54,11,receive,249894252568,1396
249894265431,52,11,receive,249894263292,2139
249894278031,36,10,receive,249894276190,1841
249894287114,56,10,receive,249894285520,1594
249894318468,88,10,receive,249894317549,919
249894328413,86,11,receive,249894327089,1324
249894350441,32,8,receive,249894349616,825
249894354914,58,12,receive,249894353566,1348
249894378723,66,11,receive,249894377906,817
249894390503,72,7,receive,249894390091,412
249894402184,70,11,receive,249894400937,1247
249894420431,44,10,receive,249894419984,447
249894423299,28,10,receive,249894421768,1531
249894429602,60,12,receive,249894429113,489
249894444479,2,12,receive,249894444012,467
249894468929,34,13,receive,249894467559,1370
249894475105,12,13,receive,249894474523,582
249894484817,18,10,receive,249894484115,702
249894485937,42,12,receive,249894484974,963
249894492916,80,10,receive,249894491863,1053
249894501279,30,9,receive,249894499435,1844
249894522250,92,11,receive,249894520453,1797
249894544715,74,11,receive,249894543845,870
249894562592,44,11,receive,249894560796,1796
249894574311,64,9,receive,249894573624,687
249894577117,94,11,receive,249894575186,1931
249894588130,46,13,receive,249894587388,742
249894590730,42,13,receive,249894588745,1985
249894609456,24,11,receive,249894607652,1804
249894609821,2,13,receive,249894608465,1356
249894629432,16,10,receive,249894628031,1401
249894629814,50,12,receive,249894629006,808
249894633547,28,11,receive,249894631090,2457
249894637589,66,12,receive,249894636879,710
249894647155,98,12,receive,249894644450,2705
249894652565,4,12,receive,249894650380,2185
249894652911,100,9,receive,249894652485,426
249894659321,96,11,receive,249894654636,4685
249894659806,80,11,receive,249894659175,631
249894667087,76,12,receive,249894664015,3072
249894700865,22,10,receive,249894698108,2757
249894701232,48,9,receive,249894699414,1818
249894704763,20,9,receive,249894703366,1397
249894727104,86,12,receive,249894726061,1043
249894728706,42,14,receive,249894727740,966
249894735172,60,13,receive,249894734476,696
249894741322,8,11,receive,249894740370,952
249894743883,16,11,receive,249894742915,968
249894785527,84,12,receive,249894783612,1915
249894785899,56,11,receive,249894785376,523
249894790915,52,12,receive,249894788852,2063
249894810182,26,11,receive,249894809079,1103
249894824775,78,10,receive,249894823390,1385
249894852148,62,12,receive,249894846008,6140
249894852495,32,9,receive,249894846250,6245
249894875521,96,12,receive,249894875102,419
249894891331,48,10,receive,249894890889,442
249894895367,58,13,receive,249894895095,272
249894937317,82,9,receive,249894936810,507
249894937683,2,14,receive,249894936801,882
249894943449,46,14,receive,249894942127,1322
249894946783,90,10,receive,249894945087,1696
249894952871,6,12,receive,249894951284,1587
249894954741,86,13,receive,249894952943,1798
249894963948,22,11,receive,249894962832,1116
249894967681,94,12,receive,249894966553,1128
249894972190,36,11,receive,249894971161,1029
249894981831,74,12,receive,249894980772,1059
249894983116,72,8,receive,249894982541,575
249894993959,24,12,receive,249894993271,688
249894996898,32,10,receive,249894995596,1302
249895012795,96,13,receive,249895011009,1786
249895024327,88,11,receive,249895023732,595
249895025973,56,12,receive,249895025362,611
249895027040,100,10,receive,249895023794,3246
249895042623,8,12,receive,249895039570,3053
249895060109,30,10,receive,249895058816,1293
249895064120,18,11,receive,249895063435,685
249895077967,44,12,receive,249895076721,1246
249895095897,54,12,receive,249895095076,821
249895101577,26,12,receive,249895099767,1810
249895109756,32,11,receive,249895108459,1297
249895116834,38,13,receive,249895116528,306
249895127602,78,11,receive,249895127290,312
249895130809,6,13,receive,249895128321,2488
249895147462,68,11,receive,249895146187,1275
249895150765,94,13,receive,249895149160,1605
249895159244,80,12,receive,249895158039,1205
249895180032,12,14,receive,249895178148,1884
249895197623,96,14,receive,249895196845,778
249895218536,42,15,receive,249895216684,1852
249895238560,70,12,receive,249895234009,4551
249895239011,34,14,receive,249895236726,2285
249895248183,46,15,receive,249895247011,1172
249895249318,24,13,receive,249895248665,653
249895335048,64,10,receive,249895334304,744
249895336040,68,12,receive,249895335748,292
249895364277,4,13,receive,249895362301,1976
249895369661,50,13,receive,249895369405,256
249895381926,88,12,receive,249895381656,270
249895396986,60,14,receive,249895396095,891
249895419915,76,13,receive,249895418865,1050
249895439105,20,10,receive,249895438008,1097
249895452398,66,13,receive,249895451567,831
249895484740,54,13,receive,249895484393,347
249895486771,92,12,receive,249895484477,2294
249895506468,2,15,receive,249895505619,849
249895525556,72,9,receive,249895524272,1284
249895528715,52,13,receive,249895527917,798
249895530656,90,11,receive,249895529101,1555
249895542038,38,14,receive,249895541830,208
249895554199,100,11,receive,249895552899,1300
249895560455,98,13,receive,249895560234,221
249895564143,62,13,receive,249895563443,700
249895573349,58,14,receive,249895573060,289
249895589183,16,12,receive,249895588877,306
249895593438,30,11,receive,249895593169,269
249895624759,20,11,receive,249895623428,1331
249895632005,28,12,receive,249895630968,1037
249895669583,44,13,receive,249895668572,1011
249895674307,80,13,receive,249895673006,1301
249895677609,22,12,receive,249895675845,1764
249895686428,58,15,receive,249895685990,438
249895725576,96,15,receive,249895723633,1943
249895727709,2,16,receive,249895726487,1222
249895745241,94,14,receive,249895744440,801
249895748019,74,13,receive,249895746453,1566
249895770635,36,12,receive,249895769035,1600
249895780916,26,13,receive,249895779188,1728
249895782488,84,13,receive,249895781310,1178
249895787500,56,13,receive,249895786743,757
249895825579,82,10,receive,249895821011,4568
249895826039,76,14,receive,249895821171,4868
249895834131,4,14,receive,249895833008,1123
249895857122,16,13,receive,249895855868,1254
249895869707,48,11,receive,249895868890,817
249895871475,24,14,receive,249895870754,721
249895873986,2,17,receive,249895873261,725
249895878728,46,16,receive,249895877120,1608
249895944215,86,14,receive,249895942887,1328
249895949915,22,13,receive,249895949165,750
249895963119,20,12,receive,249895962414,705
249895963611,80,14,receive,249895962981,630
249895969018,8,13,receive,249895967446,1572
249895986086,4,15,receive,249895984387,1699
249895996223,34,15,receive,249895995012,1211
249895999668,78,12,receive,249895998914,754
249896026615,18,12,receive,249896025013,1602
249896057251,6,14,receive,249896053893,3358
249896057603,12,15,receive,249896055033,2570
249896063565,88,13,receive,249896061486,2079
249896064054,70,13,receive,249896062374,1680
249896088468,22,14,receive,249896086727,1741
249896093324,84,14,receive,249896092988,336
249896096223,74,14,receive,249896093180,3043
249896105777,94,15,receive,249896105072,705
249896108814,64,11,receive,249896107584,1230
