receive_timestamp,source_vehicle,message_id,event_type,send_timestamp,latency_us
373287033,16,2,receive,373248215,38818
373287479,106,1,receive,373248258,39221
373287917,182,2,receive,373248814,39103
373288330,128,1,receive,373248918,39412
373288744,58,3,receive,373249671,39073
373289166,90,1,receive,373250077,39089
373289592,10,1,receive,373250106,39486
373368001,74,3,receive,373250725,117276
373370504,38,3,receive,373241428,129076
373370960,184,2,receive,373252728,118232
373371395,82,1,receive,373253177,118218
373371816,72,3,receive,373236969,134847
373372216,156,2,receive,373254574,117642
373372614,8,3,receive,373254823,117791
373373028,126,1,receive,373255577,117451
373373447,40,3,receive,373255919,117528
373373884,6,3,receive,373245051,128833
373750455,74,4,receive,373256025,494430
373750937,168,1,receive,373256251,494686
373751395,128,2,receive,373258107,493288
373751834,186,2,receive,373259077,492757
373752300,4,4,receive,373258886,493414
373752761,12,3,receive,373259914,492847
373753209,32,2,receive,373250011,503198
373753655,92,1,receive,373260118,493537
373754122,104,1,receive,373260181,493941
373899739,114,2,receive,373260429,639310
373900300,172,1,receive,373260499,639801
373900817,66,6,receive,373256207,644610
373901376,144,1,receive,373260632,640744
373901879,8,4,receive,373257755,644124
373902369,112,1,receive,373262148,640221
373902926,40,4,receive,373262494,640432
373903391,206,1,receive,373262711,640680
373903851,96,1,receive,373262913,640938
373904295,150,1,receive,373264523,639772
374111391,208,2,receive,373264969,846422
374111845,14,6,receive,373264854,846991
374112306,590,1,receive,373266097,846209
374112758,14,7,receive,373267806,844952
374113221,140,1,receive,373270021,843200
374113680,22,1,receive,373270029,843651
374114144,18,1,receive,373270036,844108
374114590,202,2,receive,373270712,843878
374115036,60,1,receive,373270683,844353
374115484,160,1,receive,373270910,844574
374334387,20,4,receive,373261219,1073168
374334852,590,2,receive,373272425,1062427
374335315,172,2,receive,373273789,1061526
374335762,128,3,receive,373275202,1060560
374336219,456,1,receive,373276083,1060136
374336669,196,2,receive,373276902,1059767
374337129,188,1,receive,373276852,1060277
374337577,110,2,receive,373277086,1060491
374338027,184,3,receive,373277380,1060647
374338509,162,1,receive,373277349,1061160
374574948,20,5,receive,373276963,1297985
374575442,12,4,receive,373278229,1297213
374575925,164,1,receive,373272121,1303804
374576399,394,1,receive,373278752,1297647
374576869,82,2,receive,373266117,1310752
374577326,34,5,receive,373244407,1332919
374577792,40,5,receive,373278855,1298937
374578292,230,1,receive,373279031,1299261
374578797,492,1,receive,373279049,1299748
374579296,570,1,receive,373279141,1300155
374804135,36,1,receive,373280391,1523744
374804616,152,2,receive,373281154,1523462
374805082,88,2,receive,373263989,1541093
374805532,52,3,receive,373248117,1557415
374805989,154,1,receive,373286200,1519789
374806460,186,3,receive,373272645,1533815
374806957,196,3,receive,373287096,1519861
374807418,114,3,receive,373287285,1520133
374807925,96,2,receive,373287418,1520507
374808457,76,3,receive,373251724,1556733
375034905,590,3,receive,373289408,1745497
375035373,636,1,receive,373289341,1746032
375035818,778,1,receive,373289648,1746170
375037647,86,1,receive,373290793,1746854
375038122,98,1,receive,373291041,1747081
375038594,868,1,receive,373291114,1747480
375039094,590,4,receive,373292667,1746427
375272144,104,2,receive,373292892,1979252
375272635,90,2,receive,373293038,1979597
375273095,778,2,receive,373293094,1980001
375273561,432,1,receive,373294811,1978750
375274034,68,1,receive,373294917,1979117
375274493,346,1,receive,373295462,1979031
375274938,320,1,receive,373296620,1978318
375275402,108,2,receive,373288603,1986799
375275874,84,1,receive,373282609,1993265
375276334,84,2,receive,373297268,1979066
375501186,302,1,receive,373297189,2203997
375501713,612,1,receive,373297315,2204398
375502216,150,2,receive,373297382,2204834
375502898,974,1,receive,373292613,2210285
375503485,674,1,receive,373297959,2205526
375504233,106,2,receive,373298141,2206092
375504793,778,3,receive,373298369,2206424
375505329,104,3,receive,373300144,2205185
375505786,98,2,receive,373301015,2204771
375506244,152,3,receive,373301213,2205031
375728418,384,1,receive,373301901,2426517
375728942,86,2,receive,373303095,2425847
375729481,448,1,receive,373303372,2426109
375730012,486,1,receive,373304542,2425470
375730486,42,3,receive,373242320,2488166
375730962,426,1,receive,373306585,2424377
375731441,160,2,receive,373306687,2424754
375731922,634,1,receive,373308105,2423817
375732376,408,1,receive,373308867,2423509
375732840,870,1,receive,373309486,2423354
375964497,210,1,receive,373310039,2654458
375965130,26,4,receive,373245006,2720124
375965617,114,4,receive,373311673,2653944
375966135,64,3,receive,373282318,2683817
375966620,30,1,receive,373312619,2654001
375967104,196,4,receive,373313394,2653710
375967571,408,2,receive,373314436,2653135
375968010,974,2,receive,373314787,2653223
375968582,140,2,receive,373316070,2652512
376183878,104,4,receive,373316474,2867404
376184366,184,4,receive,373316662,2867704
376184870,166,1,receive,373316885,2867985
376185341,128,4,receive,373317077,2868264
376185863,790,1,receive,373318464,2867399
376186338,798,1,receive,373318566,2867772
376186809,50,1,receive,373318434,2868375
376187256,196,5,receive,373318774,2868482
376187741,54,1,receive,373318997,2868744
376188227,18,2,receive,373320016,2868211
376408913,202,3,receive,373294291,3114622
376409424,80,1,receive,373322157,3087267
376409905,86,3,receive,373322441,3087464
376410402,400,1,receive,373323456,3086946
376410935,122,1,receive,373296841,3114094
376411418,158,1,receive,373304081,3107337
376411900,230,2,receive,373326675,3085225
376412378,320,2,receive,373327062,3085316
376412916,98,3,receive,373323391,3089525
376636778,384,2,receive,373330017,3306761
376637254,252,1,receive,373331018,3306236
376637713,634,2,receive,373331441,3306272
376638181,632,1,receive,373332263,3305918
376638654,118,1,receive,373332253,3306401
376639111,6,4,receive,373278304,3360807
376639589,90,3,receive,373332855,3306734
376640126,818,1,receive,373332891,3307235
376640610,90,4,receive,373333221,3307389
376641073,400,2,receive,373333307,3307766
376864661,150,3,receive,373334297,3530364
376865210,44,5,receive,373273715,3591495
376865748,154,2,receive,373334689,3531059
376866312,486,2,receive,373334774,3531538
376866832,758,1,receive,373334743,3532089
376867417,182,3,receive,373296292,3571125
376867956,206,2,receive,373335639,3532317
376868482,972,1,receive,373336349,3532133
376868982,798,2,receive,373336605,3532377
376869467,728,1,receive,373337175,3532292
377084015,152,4,receive,373321810,3762205
377084522,58,4,receive,373280331,3804191
377085019,670,1,receive,373337448,3747571
377085478,132,1,receive,373337427,3748051
377085929,766,1,receive,373337608,3748321
377086374,84,3,receive,373324172,3762202
377086839,312,1,receive,373339142,3747697
377087308,312,2,receive,373339616,3747692
377087753,100,1,receive,373257727,3830026
377088201,96,3,receive,373340772,3747429
377308388,274,1,receive,373342284,3966104
377308839,204,1,receive,373342449,3966390
377309283,188,2,receive,373340656,3968627
377309725,426,2,receive,373343822,3965903
377310198,408,3,receive,373344177,3966021
377310692,338,1,receive,373344313,3966379
377311180,18,3,receive,373343300,3967880
377311654,12,5,receive,373315677,3995977
377312225,138,1,receive,373345262,3966963
377312680,626,1,receive,373345494,3967186
377541438,110,3,receive,373345744,4195694
377541890,590,5,receive,373345797,4196093
377542329,782,1,receive,373346124,4196205
377542775,160,3,receive,373346421,4196354
377543212,290,1,receive,373311159,4232053
377543609,964,1,receive,373346825,4196784
377544044,96,4,receive,373346856,4197188
377544497,432,2,receive,373347684,4196813
377544985,670,2,receive,373349026,4195959
377545428,632,2,receive,373350024,4195404
377771622,106,3,receive,373351343,4420279
377772087,708,1,receive,373351772,4420315
377772545,158,2,receive,373351916,4420629
377772991,150,4,receive,373352784,4420207
377773450,284,1,receive,373353815,4419635
377773910,70,5,receive,373288342,4485568
377774355,868,2,receive,373354805,4419550
377774793,426,3,receive,373354781,4420012
377775260,730,1,receive,373355393,4419867
377775706,206,3,receive,373355353,4420353
377997500,1000,1,receive,373355649,4641851
377997965,382,1,receive,373356097,4641868
377998429,320,3,receive,373357048,4641381
377998887,80,2,receive,373357455,4641432
377999428,36,2,receive,373357977,4641451
377999885,56,3,receive,373241375,4758510
378000367,490,1,receive,373358269,4642098
378000826,400,3,receive,373358854,4641972
378001284,554,1,receive,373359320,4641964
378200980,598,1,receive,373359649,4841331
378201505,212,1,receive,373360429,4841076
378201990,104,5,receive,373360476,4841514
378202423,818,2,receive,373360893,4841530
378202848,128,5,receive,373361359,4841489
378203248,190,1,receive,373362713,4840535
378203694,764,1,receive,373362713,4840981
378204105,210,2,receive,373363083,4841022
378204520,230,3,receive,373364522,4839998
378204956,778,4,receive,373364429,4840527
378414950,592,1,receive,373364608,5050342
378415376,488,1,receive,373367149,5048227
378415755,426,4,receive,373367583,5048172
378416137,332,1,receive,373367726,5048411
378416547,354,1,receive,373368455,5048092
378417030,582,1,receive,373368957,5048073
378618978,114,5,receive,373368894,5250084
378619476,86,4,receive,373369044,5250432
378619954,640,1,receive,373369448,5250506
378620355,166,2,receive,373358761,5261594
378621179,300,1,receive,373370044,5251135
378621759,192,1,receive,373370182,5251577
378622157,712,1,receive,373370313,5251844
378622580,486,3,receive,373371338,5251242
378623054,130,3,receive,373309045,5314009
378623588,524,1,receive,373374149,5249439
378812639,130,4,receive,373373933,5438706
378813048,530,1,receive,373374600,5438448
378813438,436,1,receive,373374829,5438609
378813821,130,5,receive,373375029,5438792
378814252,636,2,receive,373376013,5438239
378814651,90,5,receive,373376866,5437785
378815044,508,1,receive,373376887,5438157
378815433,130,6,receive,373376476,5438957
378999492,972,2,receive,373377276,5622216
378999896,426,5,receive,373377644,5622252
379000367,634,3,receive,373378345,5622022
379000754,918,1,receive,373378463,5622291
379001279,618,1,receive,373379066,5622213
379001684,166,3,receive,373380013,5621671
379002087,112,2,receive,373285041,5717046
379002508,196,6,receive,373381922,5620586
379002916,868,3,receive,373382063,5620853
379003295,8,5,receive,373278178,5725117
379003666,90,6,receive,373382316,5621350
379195340,400,4,receive,373382781,5812559
379195796,340,1,receive,373296934,5898862
379196239,486,4,receive,373383975,5812264
379196709,432,3,receive,373383008,5813701
379382823,126,2,receive,373305048,6077775
379383199,222,1,receive,373375932,6007267
379383695,316,1,receive,373386209,5997486
379384092,486,5,receive,373386787,5997305
379384498,730,2,receive,373387278,5997220
379384879,2,5,receive,373273391,6111488
379385266,154,3,receive,373388709,5996557
379385708,734,1,receive,373389539,5996169
379386096,444,1,receive,373334200,6051896
379386522,436,2,receive,373390018,5996504
379386961,638,1,receive,373371725,6015236
379550356,492,2,receive,373390020,6160336
379550773,366,1,receive,373390145,6160628
379551290,618,2,receive,373390437,6160853
379551740,62,4,receive,373250337,6301403
379552154,774,1,receive,373390624,6161530
379552538,756,1,receive,373390885,6161653
379553057,554,2,receive,373391272,6161785
379553438,196,7,receive,373391318,6162120
379553815,678,1,receive,373391717,6162098
379554273,964,2,receive,373391772,6162501
379554680,724,1,receive,373392160,6162520
379706224,64,4,receive,373354344,6351880
379706690,488,2,receive,373393759,6312931
379707144,798,3,receive,373393968,6313176
379707715,320,4,receive,373394395,6313320
379708181,222,2,receive,373395466,6312715
379708651,778,5,receive,373395541,6313110
379709111,778,6,receive,373395881,6313230
379709562,32,3,receive,373285087,6424475
379711204,206,4,receive,373396720,6314484
379863588,336,1,receive,373396941,6466647
379864049,2,6,receive,373393761,6470288
379864517,766,2,receive,373397603,6466914
379864971,352,1,receive,373355333,6509638
379865437,164,2,receive,373287511,6577926
379865894,434,1,receive,373398867,6467027
379866366,804,1,receive,373398932,6467434
379866822,456,2,receive,373399942,6466880
379867284,858,1,receive,373343766,6523518
380008760,612,2,receive,373391742,6617018
380009250,150,5,receive,373400589,6608661
380009724,560,1,receive,373401198,6608526
380010207,330,1,receive,373400981,6609226
380010682,564,1,receive,373401672,6609010
380011150,204,2,receive,373401651,6609499
380011621,222,3,receive,373402437,6609184
380012084,778,7,receive,373402673,6609411
380012559,230,4,receive,373403215,6609344
380151915,586,1,receive,373403229,6748686
380152385,670,3,receive,373403888,6748497
380152888,982,1,receive,373404064,6748824
380153365,592,2,receive,373404299,6749066
380153836,554,3,receive,373404704,6749132
380154308,994,1,receive,373404655,6749653
380154779,634,4,receive,373405133,6749646
380155277,634,5,receive,373405599,6749678
380155745,426,6,receive,373405950,6749795
380302949,964,3,receive,373407361,6895588
380303421,316,2,receive,373407547,6895874
380303893,844,1,receive,373407892,6896001
380304390,586,2,receive,373408806,6895584
380304849,566,1,receive,373360373,6944476
380305306,482,1,receive,373410119,6895187
380305775,370,1,receive,373410438,6895337
380306270,836,1,receive,373411253,6895017
380306734,836,2,receive,373411872,6894862
380416300,54,2,receive,373411868,7004432
380416781,150,6,receive,373412059,7004722
380417254,180,3,receive,373738797,6678457
380417756,934,6,receive,373752030,6665726
380418195,580,4,receive,373752181,6666014
380418700,854,7,receive,373752857,6665843
380419153,150,13,receive,373620387,6798766
380419651,266,8,receive,373753773,6665878
380420153,266,9,receive,373754906,6665247
380420658,742,4,receive,373755368,6665290
380536325,742,5,receive,373755512,6780813
380536727,292,2,receive,373755816,6780911
380537435,252,10,receive,373599572,6937863
380537984,686,12,receive,373824553,6713431
380538422,654,13,receive,373901952,6636470
380538837,316,9,receive,373771463,6767374
380539274,212,3,receive,373680656,6858618
380539731,140,5,receive,373902142,6637589
380540139,412,4,receive,373824621,6715518
380540529,760,2,receive,373785373,6755156
380656913,450,5,receive,373762824,6894089
380657408,266,11,receive,373815105,6842303
380657875,202,7,receive,373881299,6776576
380658584,638,2,receive,373410806,7247778
380658985,862,5,receive,373927920,6731065
380659381,664,10,receive,373871823,6787558
380659780,524,11,receive,374114593,6545187
380660254,162,4,receive,373889090,6771164
380660715,88,5,receive,373951021,6709694
380661102,834,2,receive,373914392,6746710
380771657,450,6,receive,373911819,6859838
380772218,680,3,receive,373925834,6846384
380773196,404,5,receive,374098735,6674461
380773805,842,7,receive,374121589,6652216
380774216,684,6,receive,374144505,6629711
380774649,714,6,receive,374126760,6647889
380775046,586,7,receive,374032479,6742567
380775462,68,5,receive,374125682,6649780
380775858,536,5,receive,374109675,6666183
380879842,166,10,receive,374115969,6763873
380880342,450,7,receive,374120982,6759360
380880797,736,4,receive,374129126,6751671
380881255,508,13,receive,374387986,6493269
380881728,392,5,receive,374366237,6515491
380882173,488,12,receive,374379894,6502279
380882619,112,7,receive,374378325,6504294
380883069,512,4,receive,374344443,6538626
380883538,132,6,receive,374370114,6513424
380884034,708,10,receive,374345872,6538162
381001157,446,5,receive,374360655,6640502
381001585,198,4,receive,374353221,6648364
381001993,708,11,receive,374580499,6421494
381002480,754,6,receive,374514625,6487855
381003300,460,8,receive,374568939,6434361
381003877,658,7,receive,374600242,6403635
381125203,968,6,receive,374568721,6556482
381126043,20,10,receive,374618618,6507425
381126583,264,13,receive,374556333,6570250
381127019,590,8,receive,374587049,6539970
381127473,998,3,receive,374530686,6596787
381127894,732,10,receive,374590798,6537096
381128427,270,10,receive,374772929,6355498
381128944,916,6,receive,374789172,6339772
381129354,680,7,receive,374809593,6319761
381129838,522,12,receive,374843142,6286696
381130262,202,11,receive,374845554,6284708
381246072,954,7,receive,374820224,6425848
381247093,70,13,receive,375038696,6208397
381247948,454,9,receive,374813073,6434875
381248654,808,11,receive,375059885,6188769
381249206,502,19,receive,375030218,6218988
