receive_timestamp,source_vehicle,message_id,event_type,send_timestamp,latency_us
262794639363,102,1,receive,262794636161,3202
262794639752,56,1,receive,262794636706,3046
262794640107,128,1,receive,262794636741,3366
262794640471,72,1,receive,262794637042,3429
262794815082,98,1,receive,262794638100,176982
262794815473,366,1,receive,262794638294,177179
262794815825,54,1,receive,262794638424,177401
262794816233,78,1,receive,262794638451,177782
262794816742,118,1,receive,262794639252,177490
262794817148,40,1,receive,262794639832,177316
262794817528,108,1,receive,262794640838,176690
262794817910,86,1,receive,262794641071,176839
262794901330,234,1,receive,262794641428,259902
262794901721,106,1,receive,262794641533,260188
262794902121,428,1,receive,262794641957,260164
262794902519,392,1,receive,262794641371,261148
262794902904,422,1,receive,262794642630,260274
262794903303,136,1,receive,262794642655,260648
262794903741,142,1,receive,262794643116,260625
262794904140,90,1,receive,262794644062,260078
262794904537,278,1,receive,262794645016,259521
262794904927,132,1,receive,262794645162,259765
262794989884,96,1,receive,262794645700,344184
262794990322,262,1,receive,262794646137,344185
262794990759,82,1,receive,262794647666,343093
262794991202,110,1,receive,262794648198,343004
262794991618,12,1,receive,262794651507,340111
262794992042,372,1,receive,262794651592,340450
262794992463,156,1,receive,262794652107,340356
262794992877,198,1,receive,262794652771,340106
262795059062,186,1,receive,262794653417,405645
262795059487,16,1,receive,262794654371,405116
262795059907,376,1,receive,262794656043,403864
262795064358,582,1,receive,262794656105,408253
262795064783,380,1,receive,262794656620,408163
262795065215,210,1,receive,262794657065,408150
262795065632,580,1,receive,262794657773,407859
262795138942,218,1,receive,262794659052,479890
262795139386,596,1,receive,262794659861,479525
262795139806,50,1,receive,262794660037,479769
262795140237,76,1,receive,262794660045,480192
262795140658,44,1,receive,262794661029,479629
262795141092,592,1,receive,262794664405,476687
262795156094,420,1,receive,262794665047,491047
262795156521,588,1,receive,262794665889,490632
262795156940,150,1,receive,262794668319,488621
262795221073,632,1,receive,262794668908,552165
262795221521,164,1,receive,262794669151,552370
262795221962,384,1,receive,262794669749,552213
262795222425,14,1,receive,262794650105,572320
262795222868,542,1,receive,262794672968,549900
262795223317,628,1,receive,262794676074,547243
262795223757,52,1,receive,262794677035,546722
262795297217,590,1,receive,262794679633,617584
262795297631,170,1,receive,262794680405,617226
262795298066,226,1,receive,262794680969,617097
262795298507,364,1,receive,262794682340,616167
262795298939,10,1,receive,262794651651,647288
262795317097,88,1,receive,262794684352,632745
262795317537,134,1,receive,262794684917,632620
262795394284,358,1,receive,262794685038,709246
262795394714,120,1,receive,262794685420,709294
262795395160,758,1,receive,262794685979,709181
262795395594,166,1,receive,262794688499,707095
262795396035,208,1,receive,262794691855,704180
262795396480,344,1,receive,262794693037,703443
262795396914,832,1,receive,262794694048,702866
262795397363,794,1,receive,262794695138,702225
262795397799,442,1,receive,262794697452,700347
262795489378,450,1,receive,262794698023,791355
262795489795,162,1,receive,262794700773,789022
262795490278,802,1,receive,262794702973,787305
262795490718,812,1,receive,262794703956,786762
262795491167,834,1,receive,262794704045,787122
262795519314,126,1,receive,262794705053,814261
262795537312,824,1,receive,262794709244,828068
262795537727,818,1,receive,262794710825,826902
262795591718,552,1,receive,262794712774,878944
262795592150,752,1,receive,262794715035,877115
262795592568,274,1,receive,262794718059,874509
262795592984,830,1,receive,262794719284,873700
262795593414,480,1,receive,262794719296,874118
262795619987,822,1,receive,262794719860,900127
262795634031,618,1,receive,262794721795,912236
262795683856,520,1,receive,262794730338,953518
262795684326,630,1,receive,262794730659,953667
262795684759,500,1,receive,262794731099,953660
262795685215,526,1,receive,262794732762,952453
262795685652,348,1,receive,262794733707,951945
262795686096,508,1,receive,262794734772,951324
262795723508,836,1,receive,262794737218,986290
262795772441,792,1,receive,262794738039,1034402
262795772875,762,1,receive,262794738054,1034821
262795773368,820,1,receive,262794738579,1034789
262795773809,168,1,receive,262794739068,1034741
262795774261,454,1,receive,262794739055,1035206
262795794894,354,1,receive,262794739204,1055690
262795795345,840,1,receive,262794739718,1055627
262795795780,388,1,receive,262794699467,1096313
262795879244,488,1,receive,262794741721,1137523
262795879688,92,1,receive,262794651844,1227844
262795880146,816,1,receive,262794745511,1134635
262795880580,202,1,receive,262794745539,1135041
262795881025,244,1,receive,262794745732,1135293
262795905757,212,1,receive,262794749217,1156540
262795906179,432,1,receive,262794657302,1248877
262795906601,178,1,receive,262794679202,1227399
262796000201,352,1,receive,262794747193,1253008
262796000657,610,1,receive,262794753207,1247450
262796001112,634,1,receive,262794756062,1245050
262796001556,540,1,receive,262794759061,1242495
262796001991,786,1,receive,262794759277,1242714
262796002446,494,1,receive,262794759442,1243004
262796045484,482,1,receive,262794759783,1285701
262796045905,838,1,receive,262794760973,1284932
262796116827,736,1,receive,262794761059,1355768
262796117279,712,1,receive,262794765916,1351363
262796117719,606,1,receive,262794767049,1350670
262796124903,594,1,receive,262794771037,1353866
262796125339,62,1,receive,262794771460,1353879
262796125765,236,1,receive,262794669024,1456741
262796126197,356,1,receive,262794775038,1351159
262796126620,724,1,receive,262794775084,1351536
262796227509,722,1,receive,262794775712,1451797
262796227959,788,1,receive,262794776734,1451225
262796228408,638,1,receive,262794777049,1451359
262796228841,466,1,receive,262794779063,1449778
262796229293,754,1,receive,262794779855,1449438
262796229735,744,1,receive,262794782098,1447637
262796270652,718,1,receive,262794784101,1486551
262796334337,58,1,receive,262794634580,1699757
262796334772,852,1,receive,262794785938,1548834
262796335218,842,1,receive,262794787098,1548120
262796335654,140,1,receive,262794705034,1630620
262796336100,874,1,receive,262794790712,1545388
262796351383,608,1,receive,262794791047,1560336
262796351802,740,1,receive,262794791185,1560617
262796352226,862,1,receive,262794791404,1560822
262796352643,586,1,receive,262794773034,1579609
262796444311,680,1,receive,262794800964,1643347
262796444736,556,1,receive,262794801210,1643526
262796445204,80,1,receive,262794753077,1692127
262796445656,810,1,receive,262794800687,1644969
262796454185,682,1,receive,262794803273,1650912
262796454598,848,1,receive,262794804357,1650241
262796455013,688,1,receive,262794805146,1649867
262796455435,670,1,receive,262794805425,1650010
262796455849,706,1,receive,262794805754,1650095
262796551798,532,1,receive,262794804039,1747759
262796552251,866,1,receive,262794807290,1744961
262796552687,846,1,receive,262794808433,1744254
262796553130,700,1,receive,262794808661,1744469
262796553572,666,1,receive,262794808832,1744740
262796554013,726,1,receive,262794809152,1744861
262796628204,886,1,receive,262794809654,1818550
262796628641,280,1,receive,262794804038,1824603
262796629073,534,1,receive,262794810019,1819054
262796629509,742,1,receive,262794810046,1819463
262796629955,734,1,receive,262794805975,1823980
262796630407,738,1,receive,262794804564,1825843
262796630846,578,1,receive,262794813571,1817275
262796702717,614,1,receive,262794818064,1884653
262796703155,766,1,receive,262794818592,1884563
262796703573,814,1,receive,262794819547,1884026
262796703985,760,1,receive,262794820818,1883167
262796704421,620,1,receive,262794817830,1886591
262796704857,864,1,receive,262794816273,1888584
262796705309,612,1,receive,262794824582,1880727
262796775820,768,1,receive,262794826059,1949761
262796776300,472,1,receive,262794824203,1952097
262796776732,890,1,receive,262794828041,1948691
262796778163,902,1,receive,262794828444,1949719
262796790746,878,1,receive,262794829373,1961373
262796799823,558,1,receive,262794826751,1973072
262796807299,882,1,receive,262794827769,1979530
262796851547,730,1,receive,262794831114,2020433
262796851983,780,1,receive,262794831798,2020185
262796852466,32,1,receive,262794664030,2188436
262796852915,174,1,receive,262794707028,2145887
262796853371,538,1,receive,262794831395,2021976
262796853815,774,1,receive,262794834551,2019264
262796854265,782,1,receive,262794831156,2023109
262796945169,636,1,receive,262794835757,2109412
262796945600,230,1,receive,262794836017,2109583
262796946032,568,1,receive,262794828903,2117129
262796946478,276,1,receive,262794718788,2227690
262796946911,184,1,receive,262794837518,2109393
262796947357,888,1,receive,262794838015,2109342
262796947787,708,1,receive,262794823509,2124278
262796948234,704,1,receive,262794836511,2111723
262796948680,536,1,receive,262794827439,2121241
262797107192,884,1,receive,262794818675,2288517
262797107636,880,1,receive,262794828803,2278833
262797108101,856,1,receive,262794841630,2266471
262797108539,674,1,receive,262794842731,2265808
262797108982,678,1,receive,262794849031,2259951
262797109431,868,1,receive,262794833809,2275622
262797109874,698,1,receive,262794848604,2261270
262797110327,806,1,receive,262794853081,2257246
262797110778,778,1,receive,262794855512,2255266
262797236962,720,1,receive,262794843242,2393720
262797237448,844,1,receive,262794842017,2395431
262797237907,900,1,receive,262794839300,2398607
262797238441,464,1,receive,262794827781,2410660
262797238910,804,1,receive,262794860983,2377927
262797239384,444,1,receive,262794861645,2377739
262797239845,790,1,receive,262794850137,2389708
262797356185,896,1,receive,262794858653,2497532
262797356632,870,1,receive,262794831029,2525603
262797357087,912,1,receive,262794858038,2499049
262797357530,116,1,receive,262794852130,2505400
262797357977,716,1,receive,262794853883,2504094
262797393190,876,1,receive,262794852260,2540930
262797393647,732,1,receive,262794852037,2541610
262797449774,854,1,receive,262794864460,2585314
262797450233,914,1,receive,262794874858,2575375
262797450675,828,1,receive,262794871988,2578687
262797451129,910,1,receive,262794873486,2577643
262797472028,892,1,receive,262794863422,2608606
262797479203,600,1,receive,262794874615,2604588
262797479616,924,1,receive,262794879157,2600459
262797555079,124,2,receive,262794780600,2774479
262797555508,918,1,receive,262794884191,2671317
262797555931,858,1,receive,262794875062,2680869
262797556385,628,2,receive,262794887482,2668903
262797556824,222,1,receive,262794858074,2698750
262797557269,826,1,receive,262794888886,2668383
262797582296,908,1,receive,262794887953,2694343
262797582734,916,1,receive,262794895909,2686825
262797652074,898,1,receive,262794897612,2754462
262797652521,206,1,receive,262794894084,2758437
262797652966,906,1,receive,262794896323,2756643
262797664877,176,1,receive,262794885163,2779714
262797665344,850,1,receive,262794880639,2784705
262797665792,702,1,receive,262794859037,2806755
262797666249,920,1,receive,262794906037,2760212
262797666691,904,1,receive,262794898967,2767724
262797769106,104,1,receive,262794693040,3076066
262797769555,894,1,receive,262794910035,2859520
262797769992,714,1,receive,262794869932,2900060
262797770485,432,2,receive,262794897567,2872918
262797770902,362,1,receive,262794890412,2880490
262797771347,74,2,receive,262794891949,2879398
262797771781,138,1,receive,262794906230,2865551
262797874304,872,1,receive,262794868647,3005657
262797874718,926,1,receive,262794922243,2952475
262797875169,860,1,receive,262794864783,3010386
262797875610,928,1,receive,262794926348,2949262
262797876054,922,1,receive,262794927383,2948671
262797876488,442,2,receive,262794921009,2955479
262797876924,172,1,receive,262794871811,3005113
262797877379,152,1,receive,262794921274,2956105
262797877813,820,2,receive,262794926445,2951368
262798002737,562,1,receive,262794948009,3054728
262798003169,378,1,receive,262794945663,3057506
262798003588,114,1,receive,262794899455,3104133
262798004004,758,2,receive,262794953280,3050724
262798004425,110,2,receive,262794921860,3082565
262798004866,148,1,receive,262794843310,3161556
262798039838,772,1,receive,262794960625,3079213
262798040274,212,2,receive,262794923249,3117025
262798040711,354,2,receive,262794884812,3155899
262798144764,938,1,receive,262794965518,3179246
262798145223,736,2,receive,262794901012,3244211
262798145661,934,1,receive,262794966837,3178824
262798146126,580,2,receive,262794955918,3190208
262798146566,888,2,receive,262794981489,3165077
262798147014,956,1,receive,262794984049,3162965
262798147454,508,2,receive,262794961472,3185982
262798147890,262,2,receive,262794986507,3161383
262798254358,962,1,receive,262794987230,3267128
262798254784,220,1,receive,262794979264,3275520
262798255245,838,2,receive,262794990251,3264994
262798255692,930,1,receive,262794990426,3265266
262798256144,700,2,receive,262794990760,3265384
262798256585,418,1,receive,262794895366,3361219
262798257033,12,2,receive,262794920545,3336488
262798367919,958,1,receive,262794999239,3368680
262798368371,964,1,receive,262795001085,3367286
262798368805,954,1,receive,262795002131,3366674
262798369254,948,1,receive,262795005276,3363978
262798369701,950,1,receive,262795006730,3362971
262798406043,944,1,receive,262795008940,3397103
262798406498,952,1,receive,262795010977,3395521
262798406936,358,2,receive,262795011078,3395858
262798487459,942,1,receive,262795012579,3474880
262798487899,20,2,receive,262794917166,3570733
262798488393,946,1,receive,262795013041,3475352
262798488806,404,1,receive,262795004819,3483987
262798489250,960,1,receive,262795017037,3472213
262798489677,162,2,receive,262795004120,3485557
262798490130,586,2,receive,262795027329,3462801
262798490569,98,2,receive,262794964568,3526001
262798615039,940,1,receive,262795036121,3578918
262798615480,210,2,receive,262794982172,3633308
262798615922,78,2,receive,262795022226,3593696
262798616374,830,2,receive,262794976027,3640347
262798637204,422,2,receive,262794986217,3650987
262798654324,132,2,receive,262794906265,3748059
262798654753,160,2,receive,262795016847,3637906
262798655182,918,2,receive,262795049131,3606051
262798655606,794,2,receive,262795023196,3632410
262798758541,112,2,receive,262795056133,3702408
262798758996,976,1,receive,262795073341,3685655
262798759449,932,1,receive,262795063596,3695853
262798759891,364,2,receive,262795067571,3692320
262798760338,982,1,receive,262795079056,3681282
262798760791,984,1,receive,262795081846,3678945
262798806196,556,2,receive,262795067005,3739191
262798806632,998,1,receive,262795151122,3655510
262798879092,990,1,receive,262795143046,3736046
262798879546,134,2,receive,262795112506,3767040
262798879992,384,2,receive,262795049007,3830985
262798880453,120,2,receive,262795115113,3765340
262798880899,166,2,receive,262795160380,3720519
262798881356,274,2,receive,262795127683,3753673
262798881809,164,2,receive,262795098347,3783462
262798882266,938,2,receive,262795200017,3682249
262798882721,880,2,receive,262795130518,3752203
262799026724,86,2,receive,262795156011,3870713
262799027157,722,2,receive,262795202016,3825141
262799027595,184,2,receive,262795188876,3838719
262799028037,1000,1,receive,262795235958,3792079
262799028479,778,2,receive,262795225615,3802864
262799028920,262,3,receive,262795303009,3725911
262799029378,958,2,receive,262795271506,3757872
262799132239,618,2,receive,262795192141,3940098
262799132682,590,2,receive,262795291956,3840726
262799133134,508,3,receive,262795299362,3833772
262799133839,202,2,receive,262795211565,3922274
262799134274,230,2,receive,262795316860,3817414
262799160544,26,3,receive,262795375402,3785142
262799160983,352,2,receive,262795333283,3827700
262799161436,956,2,receive,262795347798,3813638
262799161894,112,3,receive,262795227563,3934331
262799267350,794,3,receive,262795349072,3918278
262799267829,610,2,receive,262795387010,3880819
262799268259,354,4,receive,262795405501,3862758
262799268698,110,3,receive,262795414267,3854431
262799269150,632,2,receive,262795398098,3871052
262799269584,388,2,receive,262795468008,3801576
262799270020,962,2,receive,262795437072,3832948
262799270458,724,2,receive,262795499152,3771306
262799270896,758,3,receive,262795409919,3860977
262799433457,964,2,receive,262795447010,3986447
262799433898,912,2,receive,262795505242,3928656
262799434350,76,3,receive,262795473568,3960782
262799434784,838,3,receive,262795469159,3965625
262799435230,22,2,receive,262795555186,3880044
262799435667,744,2,receive,262795541610,3894057
262799436112,928,2,receive,262795576207,3859905
262799436559,12,3,receive,262795520504,3916055
262799436996,968,2,receive,262795525987,3911009
262799564014,588,2,receive,262795586010,3978004
262799564458,734,2,receive,262795601499,3962959
262799564904,582,2,receive,262795620067,3944837
262799565355,590,3,receive,262795642006,3923349
262799565790,532,4,receive,262795673062,3892728
262799566244,150,3,receive,262795618193,3948051
262799566686,732,2,receive,262795691449,3875237
262799677167,824,3,receive,262795692714,3984453
262799677602,792,2,receive,262795707007,3970595
262799678053,392,3,receive,262795652006,4026047
262799678497,104,2,receive,262795764062,3914435
262799678938,348,4,receive,262795748735,3930203
262799679389,920,2,receive,262795713439,3965950
262799710163,834,3,receive,262795646328,4063835
262799710578,8,2,receive,262795786006,3924572
262799787443,56,2,receive,262795751061,4036382
262799787909,68,2,receive,262795726773,4061136
262799788351,156,2,receive,262795808692,3979659
262799788786,752,2,receive,262795724317,4064469
262799789239,220,2,receive,262795775077,4014162
262799789690,936,2,receive,262795890476,3899214
262799790141,376,3,receive,262795837664,3952477
262799880898,14,3,receive,262795916384,3964514
262799881354,176,2,receive,262795955221,3926133
262799881791,102,3,receive,262795961136,3920655
262799882238,276,3,receive,262795940011,3942227
262799882673,702,3,receive,262795948011,3934662
262799883122,140,3,receive,262795995223,3887899
262799883560,622,1,receive,262796017816,3865744
262799966158,372,4,receive,262795979854,3986304
262799966597,178,3,receive,262796006931,3959666
262799967953,968,3,receive,262796050006,3917947
262799968408,164,3,receive,262795960163,4008245
262799968848,872,3,receive,262796177849,3790999
262799969301,52,4,receive,262796148948,3820353
262799969737,866,3,receive,262796204309,3765428
262800054040,218,4,receive,262796221993,3832047
262800054488,28,4,receive,262796240449,3814039
262800054917,274,3,receive,262796171673,3883244
262800055372,78,4,receive,262796193145,3862227
262800055799,56,3,receive,262796239311,3816488
262800056232,838,6,receive,262796246891,3809341
262800056656,778,4,receive,262796154362,3902294
262800150231,558,4,receive,262796202006,3948225
262800150673,832,3,receive,262796192006,3958667
262800151202,122,3,receive,262796248761,3902441
262800151642,72,3,receive,262796194806,3956836
262800152095,816,3,receive,262796254007,3898088
262800152546,394,1,receive,262796316468,3836078
262800152988,480,4,receive,262796293263,3859725
262800153441,636,3,receive,262796270706,3882735
262800153887,982,3,receive,262796308618,3845269
262800266355,780,3,receive,262796332006,3934349
262800266782,124,4,receive,262796246285,4020497
262800267229,908,3,receive,262796315849,3951380
262800267653,638,4,receive,262796340547,3927106
262800268080,186,4,receive,262796339005,3929075
262800268511,404,3,receive,262796415086,3853425
262800268932,606,3,receive,262796350008,3918924
262800269372,78,5,receive,262796443439,3825933
262800269793,114,3,receive,262796417119,3852674
262800388886,170,4,receive,262796396475,3992411
262800389331,724,3,receive,262796447734,3941597
262800389766,136,3,receive,262796421005,3968761
262800390233,358,5,receive,262796371005,4019228
262800390679,790,4,receive,262796425008,3965671
262800391127,760,4,receive,262796444179,3946948
262800391574,868,3,receive,262796535962,3855612
262800484451,198,3,receive,262796259983,4224468
262800484910,352,4,receive,262796553648,3931262
262800485363,42,5,receive,262796555201,3930162
262800485805,526,4,receive,262796575197,3910608
262800486259,772,5,receive,262796535020,3951239
262800500400,206,4,receive,262796604639,3895761
262800500822,630,3,receive,262796515741,3985081
262800585174,834,4,receive,262796536005,4049169
262800585643,838,7,receive,262796590130,3995513
262800586096,840,4,receive,262796551486,4034610
262800586544,110,5,receive,262796601580,3984964
262800586989,882,3,receive,262796640121,3946868
262800587443,912,4,receive,262796714007,3873436
262800613847,106,4,receive,262796641135,3972712
262800672041,918,4,receive,262796624082,4047959
262800672486,172,3,receive,262796651879,4020607
262800672937,66,3,receive,262796720281,3952656
262800673576,716,4,receive,262796566203,4107373
262800674028,418,3,receive,262796740631,3933397
262800674470,826,4,receive,262796706768,3967702
262800674905,744,4,receive,262796702396,3972509
262800675356,848,4,receive,262796760009,3915347
262800675802,450,4,receive,262796776010,3899792
262800780282,940,4,receive,262796704519,4075763
262800780737,42,6,receive,262796741694,4039043
262800781191,674,4,receive,262796804668,3976523
262800781642,822,4,receive,262796733796,4047846
262800782095,698,4,receive,262796853476,3928619
262800782545,920,3,receive,262796764913,4017632
262800782991,206,5,receive,262796785104,3997887
262800858496,872,5,receive,262796708203,4150293
262800858926,288,2,receive,262796782434,4076492
262800859427,830,4,receive,262796816006,4043421
262800859869,80,7,receive,262796820009,4039860
262800860322,968,4,receive,262796803147,4057175
262800878835,372,6,receive,262796950252,3928583
262800879278,670,6,receive,262796881219,3998059
262800879706,466,6,receive,262796841005,4038701
262800947189,76,5,receive,262796903079,4044110
262800947640,62,4,receive,262796727220,4220420
262800948131,884,5,receive,262796927011,4021120
262800948580,234,6,receive,262797095011,3853569
262800949033,894,5,receive,262797107006,3842027
262800949489,976,5,receive,262797031105,3918384
262800949937,772,6,receive,262797062346,3887591
262800950398,700,5,receive,262797095884,3854514
262800950847,444,4,receive,262797120512,3830335
262801036360,132,5,receive,262797048006,3988354
262801037160,68,4,receive,262797085341,3951819
262801037619,362,4,receive,262797049592,3988027
262801044425,580,5,receive,262797021206,4023219
262801056166,802,4,receive,262797174449,3881717
262801067169,384,6,receive,262797197282,3869887
262801109141,900,6,receive,262797203011,3906130
262801109613,614,5,receive,262797240768,3868845
262801110070,128,4,receive,262797226519,3883551
262801110543,730,5,receive,262797234007,3876536
262801110988,910,5,receive,262797331606,3779382
262801111446,712,5,receive,262797341824,3769622
262801111890,872,6,receive,262797379901,3731989
262801112344,74,6,receive,262797345157,3767187
262801112784,892,5,receive,262797367262,3745522
262801198695,818,6,receive,262797336009,3862686
262801199156,434,4,receive,262797385675,3813481
262801199744,226,4,receive,262797386602,3813142
262801200177,658,1,receive,262797456086,3744091
262801200605,856,4,receive,262797426128,3774477
262801201033,778,6,receive,262797399521,3801512
262801201475,418,5,receive,262797360978,3840497
262801201916,988,5,receive,262797474013,3727903
262801283719,100,5,receive,262797482067,3801652
262801284222,592,6,receive,262797541443,3742779
262801284647,62,5,receive,262797513909,3770738
262801285082,828,4,receive,262797550237,3734845
262801285510,822,5,receive,262797535013,3750497
262801285938,106,5,receive,262797533592,3752346
262801286394,280,5,receive,262797553579,3732815
262801286847,482,5,receive,262797589441,3697406
262801373340,760,7,receive,262797524081,3849259
262801373788,766,4,receive,262797581256,3792532
262801374237,420,5,receive,262797540006,3834231
262801374675,682,6,receive,262797634371,3740304
262801375130,936,4,receive,262797589090,3786040
262801375579,620,5,receive,262797626520,3749059
262801376024,46,5,receive,262797558805,3817219
262801376476,552,5,receive,262797443006,3933470
262801464090,1000,5,receive,262797681146,3782944
262801464512,928,6,receive,262797557821,3906691
262801464928,708,7,receive,262797770427,3694501
262801465368,8,6,receive,262797754466,3710902
262801465804,680,5,receive,262797708978,3756826
262801466256,658,2,receive,262797731385,3734871
262801466691,940,5,receive,262797690967,3775724
262801467142,868,5,receive,262797581292,3885850
262801467577,90,6,receive,262797872007,3595570
262801556844,354,7,receive,262797865278,3691566
262801557307,230,5,receive,262797871340,3685967
262801557753,422,6,receive,262797824784,3732969
262801558214,638,6,receive,262797904012,3654202
262801558652,290,6,receive,262797793356,3765296
262801559110,178,6,receive,262797904640,3654470
262801559553,12,6,receive,262797864006,3695547
262801559988,946,5,receive,262797842205,3717783
262801644024,118,5,receive,262797903788,3740236
262801644465,534,5,receive,262798032275,3612190
262801644903,232,3,receive,262797935006,3709897
262801645352,464,5,receive,262798011221,3634131
262801645789,614,6,receive,262798041530,3604259
262801646237,168,8,receive,262798007982,3638255
262801646672,150,7,receive,262797954007,3692665
262801727625,542,6,receive,262797974190,3753435
262801728071,740,5,receive,262798068676,3659395
262801728509,978,6,receive,262798070010,3658499
262801728955,198,5,receive,262798086203,3642752
262801729406,476,6,receive,262798034419,3694987
262801729840,578,7,receive,262798074574,3655266
262801730281,234,7,receive,262798155265,3575016
262801730720,344,7,receive,262798145665,3585055
262801812644,82,6,receive,262798037356,3775288
262801813075,818,7,receive,262798100012,3713063
262801813517,144,5,receive,262798204478,3609039
262801813956,950,8,receive,262798193010,3620946
262801814405,106,6,receive,262798200936,3613469
262801814837,36,6,receive,262798221813,3593024
262801841102,226,5,receive,262798240452,3600650
262801888898,98,7,receive,262798274158,3614740
262801889347,526,6,receive,262798204049,3685298
262801889778,724,6,receive,262798309035,3580743
262801890235,208,6,receive,262798422014,3468221
262801890680,924,7,receive,262798371229,3519451
262801891145,816,7,receive,262798395454,3495691
262801891593,582,6,receive,262798434639,3456954
262801957277,840,7,receive,262798322667,3634610
262801957710,234,8,receive,262798409560,3548150
262801958161,482,7,receive,262798408069,3550092
262801958602,632,8,receive,262798585137,3373465
262801965162,982,9,receive,262798606132,3359030
262801978948,70,7,receive,262798593010,3385938
262801979877,838,9,receive,262798515100,3464777
262801980308,212,9,receive,262798567651,3412657
262801980728,16,7,receive,262798543007,3437721
262802035322,992,7,receive,262798614866,3420456
262802035742,814,7,receive,262798542963,3492779
262802036170,344,8,receive,262798566006,3470164
262802036601,874,7,receive,262798568087,3468514
262802037050,638,7,receive,262798586536,3450514
262802037488,500,6,receive,262798565588,3471900
262802037921,434,6,receive,262798698495,3339426
262802038368,662,2,receive,262798763655,3274713
262802038805,276,6,receive,262798744873,3293932
262802117228,972,6,receive,262798730173,3387055
262802117673,838,10,receive,262798771551,3346122
262802118121,954,6,receive,262798776687,3341434
262802118568,124,9,receive,262798705751,3412817
262802119012,738,7,receive,262798665099,3453913
262802119454,812,7,receive,262798748187,3371267
262802119894,540,7,receive,262798723309,3396585
262802193129,422,8,receive,262798757486,3435643
262802193541,156,7,receive,262798760935,3432606
262802194048,384,8,receive,262798754523,3439525
262802194485,442,8,receive,262798805244,3389241
262802194917,806,6,receive,262798745796,3449121
262802195364,794,9,receive,262798890140,3305224
262802195798,26,9,receive,262798795357,3400441
262802268257,226,6,receive,262798891013,3377244
262802268675,924,8,receive,262798873442,3395233
262802269104,90,8,receive,262798770681,3498423
262802269532,942,6,receive,262798813017,3456515
262802269947,14,10,receive,262798829066,3440881
262802270385,942,7,receive,262799044470,3225915
262802270800,166,8,receive,262799021662,3249138
262802335284,68,7,receive,262799011008,3324276
262802335722,80,10,receive,262798967010,3368712
262802336170,910,7,receive,262799048108,3288062
262802336605,540,8,receive,262799010442,3326163
262802337053,684,1,receive,262799060607,3276446
262802353503,830,8,receive,262799133388,3220115
262802353923,902,8,receive,262799175439,3178484
262802354372,106,7,receive,262799168843,3185529
262802354824,206,10,receive,262799067721,3287103
262802432730,24,8,receive,262799112013,3320717
262802433164,280,8,receive,262799103006,3330158
262802433606,914,6,receive,262799098255,3335351
262802434053,998,8,receive,262799117011,3317042
262802434492,878,6,receive,262799115010,3319482
262802434928,174,9,receive,262799258111,3176817
262802435377,480,8,receive,262799235009,3200368
262802435814,164,9,receive,262799203334,3232480
262802517292,684,2,receive,262799219782,3297510
262802517732,700,8,receive,262799294432,3223300
262802518188,344,10,receive,262799301910,3216278
262802518624,678,8,receive,262799248011,3270613
262802519074,818,9,receive,262799219049,3300025
262802519512,172,6,receive,262799309089,3210423
262802519945,454,8,receive,262799446258,3073687
262802595677,608,7,receive,262799400428,3195249
262802596120,688,6,receive,262799347133,3248987
262802596554,556,9,receive,262799456009,3140545
262802596985,482,8,receive,262799380084,3216901
262802597428,816,9,receive,262799382006,3215422
262802597857,288,8,receive,262799374818,3223039
262802598301,930,8,receive,262799464405,3133896
262802598737,542,8,receive,262799468009,3130728
262802700541,786,9,receive,262799518208,3182333
262802700984,560,6,receive,262799605353,3095631
262802701457,86,8,receive,262799572083,3129374
262802701903,218,10,receive,262799564073,3137830
262802702361,968,7,receive,262799544458,3157903
262802702798,670,11,receive,262799580383,3122415
262802703261,226,8,receive,262799590241,3113020
262802703704,152,8,receive,262799666006,3037698
262802778172,766,8,receive,262799632868,3145304
262802778619,160,8,receive,262799570932,3207687
262802779059,958,8,receive,262799697645,3081414
262802779495,198,7,receive,262799612937,3166558
262802779926,78,12,receive,262799694007,3085919
262802780390,718,6,receive,262799617082,3163308
262802780848,622,6,receive,262799634201,3146647
262802823199,54,7,receive,262799683631,3139568
262802823666,102,8,receive,262799696089,3127577
262802824139,212,12,receive,262799741113,3083026
262802824585,772,10,receive,262799745316,3079269
262802825038,202,9,receive,262799788866,3036172
262802825491,356,11,receive,262799729122,3096369
262802825939,708,11,receive,262799786438,3039501
262802868092,234,13,receive,262799941187,2926905
262802868547,392,9,receive,262799969219,2899328
262802868995,628,13,receive,262799959390,2909605
262802881195,558,10,receive,262799914663,2966532
262802881651,942,8,receive,262799880701,3000950
262802882128,736,10,receive,262799926508,2955620
262802882600,94,8,receive,262799939637,2942963
262802927722,726,10,receive,262799972222,2955500
262802928182,432,9,receive,262799966318,2961864
262802928627,92,9,receive,262799947575,2981052
262802929077,864,9,receive,262799926009,3003068
262802929525,220,7,receive,262799958010,2971515
262802929968,366,10,receive,262799978010,2951958
262802930415,434,8,receive,262799982408,2948007
262802930862,802,8,receive,262800027640,2903222
262803000153,996,9,receive,262799884583,3115570
262803000587,214,1,receive,262800056737,2943850
262803001029,630,8,receive,262800066008,2935021
262803004635,840,10,receive,262800040007,2964628
262803005077,884,10,receive,262800019933,2985144
262803005516,582,10,receive,262800068693,2936823
262803005946,162,10,receive,262800078690,2927256
262803062406,376,10,receive,262800158177,2904229
262803062833,20,9,receive,262800096366,2966467
262803063290,586,11,receive,262800086336,2976954
262803063736,976,11,receive,262800103169,2960567
262803064193,404,9,receive,262800155512,2908681
262803064649,640,9,receive,262800121680,2942969
262803122088,868,8,receive,262800112974,3009114
262803122560,320,2,receive,262800165011,2957549
262803123023,892,10,receive,262800170099,2952924
262803123489,618,10,receive,262800257544,2865945
262803123918,864,10,receive,262800278527,2845391
262803124363,782,11,receive,262800272023,2852340
262803124794,534,8,receive,262800154454,2970340
262803125254,888,9,receive,262800286765,2838489
262803178750,612,10,receive,262800290930,2887820
262803179242,218,12,receive,262800209838,2969404
262803179713,76,13,receive,262800304007,2875706
262803180191,706,8,receive,262800390999,2789192
262803180656,606,9,receive,262800399736,2780920
262803181130,792,9,receive,262800308010,2873120
262803181598,556,10,receive,262800352098,2829500
262803249257,592,10,receive,262800338010,2911247
262803249723,832,8,receive,262800383549,2866174
262803250191,116,8,receive,262800414333,2835858
262803250644,48,9,receive,262800440081,2810563
262803251113,930,11,receive,262800391751,2859362
262803251569,362,10,receive,262800474577,2776992
262803252032,84,10,receive,262800432794,2819238
262803252501,790,11,receive,262800446553,2805948
262803252955,760,12,receive,262800501520,2751435
262803311231,124,11,receive,262800477904,2833327
262803311681,680,9,receive,262800450007,2861674
262803312136,12,9,receive,262800512927,2799209
262803312576,986,10,receive,262800501096,2811480
262803321387,38,10,receive,262800597144,2724243
262803321845,614,9,receive,262800431266,2890579
262803322330,332,1,receive,262800599526,2722804
262803322798,432,10,receive,262800476685,2846113
262803385792,32,10,receive,262800546171,2839621
262803386258,706,9,receive,262800627468,2758790
262803386716,10,9,receive,262800583301,2803415
262803387676,42,13,receive,262800585257,2802419
262803388123,934,10,receive,262800661645,2726478
262803388569,316,3,receive,262800577752,2810817
262803436192,72,10,receive,262800596216,2839976
262803436659,908,13,receive,262800684758,2751901
262803437130,226,9,receive,262800603575,2833555
262803438178,946,11,receive,262800689006,2749172
262803438636,380,9,receive,262800702793,2735843
262803439095,700,11,receive,262800748314,2690781
262803439589,96,10,receive,262800713852,2725737
262803502062,892,12,receive,262800793214,2708848
262803502495,856,9,receive,262800680009,2822486
262803502940,738,10,receive,262800783183,2719757
262803503426,502,7,receive,262800711010,2792416
262803503874,848,10,receive,262800792007,2711867
262803504333,740,10,receive,262800799431,2704902
262803504778,836,8,receive,262800784497,2720281
262803561487,152,11,receive,262800851540,2709947
262803561930,362,11,receive,262800835462,2726468
262803562393,722,13,receive,262800836016,2726377
262803562839,884,11,receive,262800838198,2724641
262803563301,910,10,receive,262800932011,2631290
262803563757,390,10,receive,262800951083,2612674
262803564219,940,10,receive,262800923005,2641214
262803564671,496,6,receive,262800900863,2663808
262803629312,114,9,receive,262800906235,2723077
262803629784,970,8,receive,262800947249,2682535
262803630252,902,11,receive,262800844258,2785994
262803630711,906,10,receive,262800914077,2716634
262803631183,344,12,receive,262800936391,2694792
262803631643,62,11,receive,262801018006,2613637
262803632106,154,6,receive,262800991850,2640256
262803632564,842,13,receive,262800992368,2640196
262803698881,520,11,receive,262801039064,2659817
262803699417,812,12,receive,262800964008,2735409
262803699869,244,11,receive,262801048094,2651775
262803700329,500,10,receive,262800975913,2724416
262803700780,104,11,receive,262801099017,2601763
262803701234,194,6,receive,262801073850,2627384
262803701680,332,2,receive,262801049829,2651851
262803746170,212,16,receive,262801105319,2640851
262803746594,110,14,receive,262801086048,2660546
262803747017,272,4,receive,262801082098,2664919
262803747462,986,12,receive,262801067192,2680270
262803747904,954,10,receive,262801058203,2689701
262803756943,974,10,receive,262801188865,2568078
262803757377,320,4,receive,262801160659,2596718
262803757796,874,12,receive,262801171071,2586725
262803799266,908,14,receive,262801191552,2607714
262803799720,824,9,receive,262801201009,2598711
262803800210,480,11,receive,262801121191,2679019
262803800660,940,11,receive,262801144185,2656475
262803801121,960,10,receive,262801210578,2590543
262803801572,560,8,receive,262801240300,2561272
262803816585,124,12,receive,262801251838,2564747
262803832983,386,1,receive,262801270427,2562556
262803833420,962,12,receive,262801139590,2693830
262803833852,970,9,receive,262801279870,2553982
262803834313,922,11,receive,262801191775,2642538
262803834757,70,10,receive,262801149463,2685294
262803835226,792,12,receive,262801308286,2526940
262803835670,884,12,receive,262801340825,2494845
262803881271,252,6,receive,262801384081,2497190
262803881700,794,13,receive,262801389287,2492413
262803882136,66,11,receive,262801338005,2544131
262803882561,304,1,receive,262801390841,2491720
262803882985,952,13,receive,262801347301,2535684
262803898891,288,11,receive,262801392257,2506634
262803899358,402,9,receive,262801403131,2496227
262803927494,654,10,receive,262801418932,2508562
262803927957,244,12,receive,262801458715,2469242
262803928443,874,13,receive,262801432403,2496040
262803928902,910,11,receive,262801435365,2493537
262803929372,100,12,receive,262801478822,2450550
262803929830,792,13,receive,262801442126,2487704
262803930294,356,15,receive,262801481491,2448803
262803930745,586,13,receive,262801431009,2499736
262803983794,578,13,receive,262801456971,2526823
262803984307,636,9,receive,262801484017,2500290
262803984781,80,13,receive,262801462067,2522714
262803985263,174,14,receive,262801575009,2410254
262803985738,568,11,receive,262801472418,2513320
262803986218,688,9,receive,262801560010,2426208
262803986685,868,11,receive,262801541006,2445679
262804039330,560,9,receive,262801567086,2472244
262804039792,894,11,receive,262801552502,2487290
262804040275,816,13,receive,262801499984,2540291
262804040746,32,11,receive,262801615259,2425487
262804041219,344,14,receive,262801614683,2426536
262804052527,288,12,receive,262801644315,2408212
262804052967,848,12,receive,262801612544,2440423
262804082368,422,12,receive,262801604888,2477480
262804082809,966,9,receive,262801595226,2487583
262804083256,476,11,receive,262801723445,2359811
262804083978,358,15,receive,262801679172,2404806
262804084467,940,12,receive,262801680006,2404461
262804084934,526,12,receive,262801697008,2387926
262804085415,464,9,receive,262801711334,2374081
262804085890,982,14,receive,262801701341,2384549
262804143057,352,12,receive,262801687567,2455490
262804143499,610,10,receive,262801681629,2461870
262804143941,646,10,receive,262801746006,2397935
262804144410,866,13,receive,262801783044,2361366
262804144869,438,10,receive,262801748657,2396212
262804145345,194,8,receive,262801819265,2326080
262804145807,962,13,receive,262801807244,2338563
262804190253,558,12,receive,262801838599,2351654
262804190706,918,14,receive,262801783767,2406939
262804191169,948,11,receive,262801841950,2349219
262804191617,390,11,receive,262801959127,2232490
262804192079,182,5,receive,262801900570,2291509
262804192534,54,10,receive,262801905395,2287139
262804232031,914,12,receive,262801928101,2303930
262804232488,384,13,receive,262801965560,2266928
262804232935,580,11,receive,262801964277,2268658
262804233575,202,12,receive,262801890813,2342762
262804234038,154,7,receive,262801929856,2304182
262804234500,424,1,receive,262801937415,2297085
262804234950,70,11,receive,262801920688,2314262
262804235410,582,13,receive,262801977423,2257987
262804235870,952,14,receive,262801968318,2267552
262804294660,324,5,receive,262801920930,2373730
262804295101,970,10,receive,262802001007,2294094
262804295526,806,10,receive,262801957005,2338521
262804295953,538,14,receive,262802018810,2277143
262804296419,410,2,receive,262802042007,2254412
262804296881,902,14,receive,262802066893,2229988
262804297338,786,13,receive,262802057069,2240269
262804297787,338,1,receive,262802073040,2224747
262804350943,84,13,receive,262801989537,2361406
262804351377,76,16,receive,262802071215,2280162
262804351801,942,10,receive,262802042740,2309061
262804352243,754,12,receive,262801996064,2356179
262804352684,236,11,receive,262802084174,2268510
262804353150,174,15,receive,262802097765,2255385
262804353597,658,9,receive,262802103846,2249751
262804408868,244,13,receive,262802105010,2303858
262804409345,180,5,receive,262802096192,2313153
262804409802,262,13,receive,262802085428,2324374
262804410269,950,15,receive,262802116375,2293894
262804410731,684,5,receive,262802161640,2249091
262804411197,60,12,receive,262802171007,2240190
262804411652,772,15,receive,262802204338,2207314
262804464145,308,3,receive,262802145039,2319106
262804464603,154,8,receive,262802155010,2309593
262804465074,402,11,receive,262802222265,2242809
262804465500,806,11,receive,262802209005,2256495
262804465924,930,14,receive,262802217005,2248919
262804466361,744,13,receive,262802272663,2193698
262804466794,444,14,receive,262802286636,2180158
262804467257,578,14,receive,262802249070,2218187
262804467706,700,13,receive,262802281509,2186197
262804535590,276,11,receive,262802268010,2267580
262804536076,682,12,receive,262802279949,2256127
262804536545,502,11,receive,262802330091,2206454
262804537013,438,11,receive,262802154088,2382925
262804537489,908,18,receive,262802320009,2217480
262804537952,238,2,receive,262802347999,2189953
262804538422,214,5,receive,262802301007,2237415
262804538882,336,3,receive,262802340076,2198806
262804622700,608,11,receive,262802360008,2262692
262804623174,54,11,receive,262802358284,2264890
262804623632,126,12,receive,262802327006,2296626
262804624120,20,13,receive,262802412133,2211987
262804624592,470,8,receive,262802420739,2203853
262804625056,110,16,receive,262802433087,2191969
262804625515,388,14,receive,262802422916,2202599
262804625974,30,13,receive,262802388390,2237584
