receive_timestamp,source_vehicle,message_id,event_type,send_timestamp,latency_us
262797466345,8,5,receive,262797399440,66905
262797467085,848,5,receive,262797418087,48998
262797467748,472,5,receive,262797338797,128951
262797468426,58,6,receive,262797403261,65165
262797469105,820,5,receive,262797414852,54253
262797469755,924,5,receive,262797344871,124884
262797571744,174,6,receive,262797423489,148255
262797572367,812,5,receive,262797222137,350230
262797572964,948,5,receive,262797409772,163192
262797573561,226,4,receive,262797386602,186959
262797574209,856,4,receive,262797426128,148081
262797574828,778,6,receive,262797399521,175307
262797653116,418,5,receive,262797360978,292138
262797653793,978,5,receive,262797442011,211782
262797654421,444,5,receive,262797470008,184413
262797654962,76,7,receive,262797470006,184956
262797655536,168,7,receive,262797472534,183002
262797773203,674,5,receive,262797401447,371756
262797773876,918,7,receive,262797475824,298052
262797774559,600,4,receive,262797450011,324548
262797790194,884,6,receive,262797453010,337184
262797790867,890,7,receive,262797395896,394971
262797875693,508,7,receive,262797439737,435956
262797876342,120,7,receive,262797439067,437275
262797877014,724,4,receive,262797484349,392665
262797906248,438,3,receive,262797406006,500242
262797906920,138,5,receive,262797469791,437129
262797972712,988,5,receive,262797474013,498699
262797981302,100,5,receive,262797482067,499235
262798005053,612,5,receive,262797288262,716791
262798024088,734,6,receive,262797416656,607432
262798091028,212,7,receive,262797498353,592675
262798091714,794,5,receive,262797383969,707745
262798092326,394,3,receive,262797358719,733607
262798092929,90,5,receive,262797463943,628986
262798093508,752,4,receive,262797492747,600761
262798094134,736,6,receive,262797456072,638062
262798094700,834,5,receive,262797322084,772616
262798219840,946,4,receive,262797440360,779480
262798220493,364,7,receive,262797458011,762482
262798221150,116,5,receive,262797451629,769521
262798221821,866,6,receive,262797515289,706532
262798222468,126,4,receive,262797348141,874327
262798319672,16,5,receive,262797453009,866663
262798320393,654,3,receive,262797415141,905252
262798321075,758,7,receive,262797413489,907586
262798321761,18,5,receive,262797434442,887319
262798322437,588,4,receive,262797504010,818427
262798432057,348,8,receive,262797486091,945966
262798432731,844,4,receive,262797455509,977222
262798433412,392,6,receive,262797488333,945079
262798434088,608,4,receive,262797463009,971079
262798471876,774,5,receive,262797510136,961740
262798472517,218,6,receive,262797524121,948396
262798575514,740,4,receive,262797399482,1176032
262798576165,660,1,receive,262797545559,1030606
262798576812,372,8,receive,262797494006,1082806
262798577660,1000,4,receive,262797491010,1086650
262798578323,950,7,receive,262797549450,1028873
262798578995,904,5,receive,262797530452,1048543
262798688581,496,2,receive,262797538303,1150278
262798689208,244,6,receive,262797541641,1147567
262798689786,274,6,receive,262797526987,1162799
262798690358,30,4,receive,262797461007,1229351
262798690933,56,5,receive,262797500009,1190924
262798779909,20,6,receive,262797524509,1255400
262798780514,558,6,receive,262797535762,1244752
262798781061,592,6,receive,262797541443,1239618
262798781710,62,5,receive,262797513909,1267801
262798876309,828,4,receive,262797550237,1326072
262798876994,822,5,receive,262797535013,1341981
262798877659,106,5,receive,262797533592,1344067
262798878311,280,5,receive,262797553579,1324732
262798878963,206,6,receive,262797485065,1393898
262798879567,78,9,receive,262797569596,1309971
262798995128,738,5,receive,262797548006,1447122
262798995700,744,5,receive,262797524345,1471355
262798996366,288,4,receive,262797486353,1510013
262799009181,878,4,receive,262797579394,1429787
262799009819,502,1,receive,262797580897,1428922
262799010468,934,6,receive,262797528149,1482319
262799166579,786,5,receive,262797584010,1582569
262799167244,802,5,receive,262797497720,1669524
262799167906,482,5,receive,262797589441,1578465
262799168579,760,7,receive,262797524081,1644498
262799169272,976,6,receive,262797543215,1626057
262799169967,378,5,receive,262797524985,1644982
262799289765,846,5,receive,262797465606,1824159
262799290456,714,5,receive,262797564745,1725711
262799291153,140,5,receive,262797567816,1723337
262799291842,632,6,receive,262797589422,1702420
262799292519,922,5,receive,262797588145,1704374
262799424546,960,5,receive,262797594006,1830540
262799425222,390,4,receive,262797556592,1868630
262799425895,178,5,receive,262797488225,1937670
262799426601,120,8,receive,262797603006,1823595
262799427293,228,3,receive,262797513465,1913828
262799427991,44,4,receive,262797492006,1935985
262799552672,970,4,receive,262797558880,1993792
262799553350,388,7,receive,262797576044,1977306
262799554039,998,6,receive,262797491950,2062089
262799554712,622,3,receive,262797503098,2051614
262799555397,582,5,receive,262797602415,1952982
262799668657,860,4,receive,262797480685,2187972
262799669335,138,6,receive,262797605381,2063954
262799669988,356,6,receive,262797501365,2168623
262799670627,450,5,receive,262797559020,2111607
262799671284,88,6,receive,262797557937,2113347
262799671932,568,5,receive,262797577485,2094447
262799783724,154,2,receive,262797577419,2206305
262799784381,980,4,receive,262797570529,2213852
262799785039,556,6,receive,262797544897,2240142
262799785681,944,5,receive,262797610499,2175182
262799786323,782,4,receive,262797532563,2253760
262799786977,128,5,receive,262797614346,2172631
262799911503,186,6,receive,262797571820,2339683
262799912160,964,5,receive,262797399009,2513151
262799913319,42,7,receive,262797561695,2351624
262799913994,842,6,receive,262797601226,2312768
262800001338,870,5,receive,262797632005,2369333
262800001992,916,5,receive,262797553063,2448929
262800002664,442,6,receive,262797589433,2413231
262800003340,132,6,receive,262797577362,2425978
262800004028,634,5,receive,262797652009,2352019
262800004702,902,6,receive,262797617718,2386984
262800113655,398,5,receive,262797610796,2502859
262800114351,766,4,receive,262797581256,2533095
262800115027,420,5,receive,262797540006,2575021
262800121517,682,6,receive,262797634371,2487146
262800192568,936,4,receive,262797589090,2603478
262800193243,908,6,receive,262797637285,2555958
262800193913,14,7,receive,262797657008,2536905
262800194509,172,4,receive,262797560006,2634503
262800195019,72,5,receive,262797651321,2543698
262800195507,428,6,receive,262797603917,2591590
262800277172,80,8,receive,262797645468,2631704
262800277845,210,5,receive,262797540006,2737839
262800278525,628,8,receive,262797543722,2734803
262800279196,538,6,receive,262797573090,2706106
262800279854,930,5,receive,262797602215,2677639
262800348071,48,5,receive,262797638673,2709398
262800348743,620,5,receive,262797626520,2722223
262800349425,46,5,receive,262797558805,2790620
262800350105,552,5,receive,262797443006,2907099
262800428262,1000,5,receive,262797681146,2747116
262800428917,814,6,receive,262797675006,2753911
262800439571,590,7,receive,262797570327,2869244
262800460080,600,5,receive,262797675682,2784398
262800484816,466,7,receive,262797591005,2893811
262800526232,866,7,receive,262797646296,2879936
262800526788,768,5,receive,262797671006,2855782
262800527463,762,5,receive,262797629082,2898381
262800528144,968,5,receive,262797623717,2904427
262800570022,402,2,receive,262797635847,2934175
262800594501,670,7,receive,262797701082,2893419
262800595166,262,7,receive,262797665005,2930161
262800595806,494,7,receive,262797666968,2928838
262800596451,704,6,receive,262797694129,2902322
262800597122,562,5,receive,262797681579,2915543
262800597794,114,5,receive,262797654863,2942931
262800690648,880,6,receive,262797720236,2970412
262800691338,654,4,receive,262797707261,2984077
262800692033,150,6,receive,262797662371,3029662
262800692674,102,5,receive,262797723993,2968681
262800693362,404,5,receive,262797659912,3033450
262800829372,780,5,receive,262797648006,3181366
262800830051,640,6,receive,262797710078,3119973
262800830635,718,4,receive,262797663006,3167629
262800831235,838,8,receive,262797661960,3169275
262800831901,70,6,receive,262797659973,3171928
262800832572,532,7,receive,262797734588,3097984
262800941038,698,6,receive,262797704135,3236903
262800941682,666,5,receive,262797682468,3259214
262800942341,924,6,receive,262797722245,3220096
262800942983,124,8,receive,262797709027,3233956
262800943663,956,7,receive,262797694075,3249588
262801028354,974,6,receive,262797718426,3309928
262801029014,104,5,receive,262797723154,3305860
262801029646,610,4,receive,262797394835,3634811
262801030176,758,8,receive,262797744288,3285888
262801054251,882,4,receive,262797702248,3352003
262801054903,134,6,receive,262797714938,3339965
262801137601,372,9,receive,262797737346,3400255
262801138290,630,4,receive,262797668379,3469911
262801138972,112,6,receive,262797748006,3390966
262801139603,920,4,receive,262797665912,3473691
262801140285,362,5,receive,262797684006,3456279
262801140949,202,6,receive,262797686015,3454934
262801252709,958,6,receive,262797761473,3491236
262801253373,928,6,receive,262797557821,3695552
262801254076,708,7,receive,262797770427,3483649
262801254746,8,6,receive,262797754466,3500280
262801255429,680,5,receive,262797708978,3546451
262801355240,940,5,receive,262797690967,3664273
262801356270,868,5,receive,262797581292,3774978
262801356960,606,5,receive,262797775332,3581628
262801357651,6,6,receive,262797764984,3592667
262801389373,92,5,receive,262797638603,3750770
262801439364,454,6,receive,262797754223,3685141
262801440031,712,6,receive,262797744490,3695541
262801440714,86,6,receive,262797751560,3689154
262801441388,706,5,receive,262797763565,3677823
262801442080,702,5,receive,262797764198,3677882
262801525869,434,5,receive,262797785302,3740567
262801526541,992,5,receive,262797714098,3812443
262801527216,820,6,receive,262797682010,3845206
262801527900,896,6,receive,262797743180,3784720
262801528589,848,6,receive,262797785539,3743050
262801621416,24,6,receive,262797782351,3839065
262801622080,120,9,receive,262797783665,3838415
262801622835,738,6,receive,262797734269,3888566
262801638188,432,6,receive,262797757151,3881037
262801638862,724,5,receive,262797774086,3864776
262801690695,662,1,receive,262797811139,3879556
262801691377,954,5,receive,262797751213,3940164
262801692034,942,4,receive,262797797706,3894328
262801692775,996,4,receive,262797804807,3887968
262801693383,632,7,receive,262797772683,3920700
262801768418,674,6,receive,262797809157,3959261
262801769079,96,5,receive,262797731009,4038070
262801786849,986,6,receive,262797718406,4068443
262801809707,816,6,receive,262797721096,4088611
262801825446,732,5,receive,262797740405,4085041
262801853353,162,7,receive,262797751511,4101842
262801855344,536,6,receive,262797827339,4028005
262801921538,222,5,receive,262797734009,4187529
262801922212,990,5,receive,262797831367,4090845
262801923054,152,4,receive,262797781745,4141309
262801955815,646,3,receive,262797749257,4206558
262801956511,754,6,receive,262797754007,4202504
262802027216,722,6,receive,262797831887,4195329
262802027891,174,7,receive,262797826614,4201277
262802028584,122,5,receive,262797785013,4243571
262802029272,276,5,receive,262797626222,4403050
262802029956,596,7,receive,262797742734,4287222
262802030647,22,5,receive,262797691007,4339640
262802146981,248,1,receive,262797841352,4305629
262802147650,184,7,receive,262797734516,4413134
262802148308,228,4,receive,262797748081,4400227
262802148944,556,7,receive,262797754009,4394935
262802149594,982,6,receive,262797812201,4337393
262802256330,520,7,receive,262797853435,4402895
262802257004,912,6,receive,262797777082,4479922
262802257667,772,7,receive,262797813007,4444660
262802258332,744,6,receive,262797831479,4426853
262802258993,870,6,receive,262797788005,4470988
262802259649,224,7,receive,262797798074,4461575
262802356777,966,4,receive,262797720124,4636653
262802357430,66,5,receive,262797839065,4518365
262802358088,220,4,receive,262797839437,4518651
262802358740,704,7,receive,262797872045,4486695
262802359409,854,6,receive,262797749068,4610341
262802440325,480,6,receive,262797833131,4607194
262802441013,280,6,receive,262797848483,4592530
262802441694,826,5,receive,262797820676,4621018
262802442381,884,7,receive,262797863010,4579371
262802443064,984,5,receive,262797782011,4661053
262802443753,824,5,receive,262797644280,4799473
262802526039,466,8,receive,262797816137,4709902
262802526743,344,6,receive,262797845007,4681736
262802527427,726,6,receive,262797887703,4639724
262802528119,852,6,receive,262797872765,4655354
262802528816,788,8,receive,262797798551,4730265
262802629150,60,5,receive,262797850354,4778796
262802629809,90,6,receive,262797872007,4757802
262802630473,354,7,receive,262797865278,4765195
262802631136,230,5,receive,262797871340,4759796
262802631796,422,6,receive,262797824784,4807012
262802705146,638,6,receive,262797904012,4801134
262802705773,290,6,receive,262797793356,4912417
262802706427,178,6,receive,262797904640,4801787
262802707095,12,6,receive,262797864006,4843089
262802707749,946,5,receive,262797842205,4865544
262802786447,948,6,receive,262797863448,4922999
262802787055,768,6,receive,262797908010,4879045
262802787731,80,9,receive,262797883481,4904250
262802788286,620,6,receive,262797838316,4949970
262802812455,590,8,receive,262797917005,4895450
262802866571,926,5,receive,262797800287,5066284
262802867228,126,5,receive,262797838493,5028735
262802867872,98,6,receive,262797816176,5051696
262802868551,62,6,receive,262797871006,4997545
262802869232,922,6,receive,262797913006,4956226
262802949039,660,2,receive,262797834778,5114261
262802949706,36,5,receive,262797821940,5127766
262802950398,890,8,receive,262797926013,5024385
262802951052,700,6,receive,262797925586,5025466
262802951688,38,6,receive,262797929951,5021737
262802952346,806,5,receive,262797862530,5089816
262803036548,352,6,receive,262797884817,5151731
262803037215,2,5,receive,262797925010,5112205
262803037871,994,6,receive,262797842136,5195735
262803038538,52,7,receive,262797939070,5099468
262803039182,76,8,receive,262797942008,5097174
262803039743,68,5,receive,262797845049,5194694
262803100868,160,5,receive,262797881887,5218981
262803101524,146,4,receive,262797800325,5301199
262803102057,142,6,receive,262797898026,5204031
262803102666,858,7,receive,262797921918,5180748
262803103286,44,5,receive,262797934775,5168511
262803163795,58,7,receive,262797959006,5204789
262803164484,760,8,receive,262797958241,5206243
262803165160,766,5,receive,262797936006,5229154
262803165821,348,9,receive,262798025349,5140472
262803166479,378,6,receive,262798033022,5133457
262803225162,832,5,receive,262797989006,5236156
262803225846,794,6,receive,262798099682,5126164
262803226534,634,6,receive,262798041714,5184820
262803227216,930,6,receive,262798017011,5210205
262803227900,144,5,receive,262798204478,5023422
262803287730,950,8,receive,262798193010,5094720
262803288405,106,6,receive,262798200936,5087469
262803289064,36,6,receive,262798221813,5067251
262803289706,226,5,receive,262798240452,5049254
262803290386,442,7,receive,262798296802,4993584
262803368112,58,8,receive,262798257350,5110762
262803368798,888,6,receive,262798327006,5041792
262803369459,60,6,receive,262798272438,5097021
262803370110,158,1,receive,262798322761,5047349
262803370763,582,6,receive,262798434639,4936124
262803371422,840,7,receive,262798322667,5048755
262803444473,234,8,receive,262798409560,5034913
262803445135,482,7,receive,262798408069,5037066
262803445813,674,7,receive,262798417700,5028113
262803446496,62,7,receive,262798449638,4996858
262803447182,156,6,receive,262798508354,4938828
262803447847,288,6,receive,262798506856,4940991
262803518304,72,6,receive,262798551378,4966926
262803518983,122,6,receive,262798527218,4991765
262803520525,24,7,receive,262798541201,4979324
262803521190,84,6,receive,262798524006,4997184
262803579383,562,6,receive,262798628007,4951376
262803580094,454,7,receive,262798607149,4972945
262803580644,958,7,receive,262798617006,4963638
262803581322,12,7,receive,262798523212,5058110
262803581987,22,6,receive,262798712313,4869674
262803582670,8,8,receive,262798725426,4857244
262803650848,202,7,receive,262798769380,4881468
262803651534,578,8,receive,262798642078,5009456
262803652220,854,7,receive,262798728457,4923763
262803652899,952,10,receive,262798785117,4867782
262803706311,866,9,receive,262798779221,4927090
262803706977,588,7,receive,262798799719,4907258
262803707616,442,8,receive,262798805244,4902372
262803708304,806,6,receive,262798745796,4962508
262803708971,794,9,receive,262798890140,4818831
262803709620,774,9,receive,262798998005,4711615
262803774715,660,4,receive,262798968296,4806419
262803775383,736,8,receive,262798998716,4776667
262803776077,496,4,receive,262798948986,4827091
262803778552,950,9,receive,262799018114,4760438
262803779241,78,11,receive,262799022855,4756386
262803779924,830,8,receive,262799133388,4646536
262803827280,902,8,receive,262799175439,4651841
262803827925,106,7,receive,262799168843,4659082
262803828577,24,8,receive,262799112013,4716564
262803829237,280,8,receive,262799103006,4726231
262803829901,914,6,receive,262799098255,4731646
262803872550,174,9,receive,262799258111,4614439
262803873162,480,8,receive,262799235009,4638153
262803873824,164,9,receive,262799203334,4670490
262803891433,684,2,receive,262799219782,4671651
262803911352,700,8,receive,262799294432,4616920
262803912050,806,7,receive,262799386357,4525693
262803912718,44,7,receive,262799283194,4629524
262803913385,280,9,receive,262799394970,4518415
262803914033,120,13,receive,262799436833,4477200
262803914711,258,2,receive,262799426203,4488508
262803956286,872,8,receive,262799432255,4524031
262803956964,588,8,receive,262799534054,4422910
262803963291,154,4,receive,262799456550,4506741
262803972022,636,6,receive,262799506493,4465529
262803997973,1000,9,receive,262799539886,4458087
262803998648,974,8,receive,262799576301,4422347
262803999316,402,5,receive,262799584011,4415305
262803999974,502,4,receive,262799475077,4524897
262804000655,954,8,receive,262799690339,4310316
262804050613,590,11,receive,262799617541,4433072
262804051284,76,12,receive,262799680167,4371117
262804051935,316,2,receive,262799657007,4394928
262804052599,252,4,receive,262799746582,4306017
262804053264,14,11,receive,262799728347,4324917
262804053945,102,8,receive,262799696089,4357856
262804101557,212,12,receive,262799741113,4360444
262804102211,772,10,receive,262799745316,4356895
262804102895,202,9,receive,262799788866,4314029
262804103581,948,8,receive,262799898160,4205421
262804142626,84,8,receive,262799903552,4239074
262804143310,740,8,receive,262799870142,4273168
262804143991,622,7,receive,262799848742,4295249
262804154814,166,10,receive,262799970913,4183901
262804155486,142,9,receive,262799994085,4161401
262804199509,202,10,receive,262800010024,4189485
262804200174,224,10,receive,262799930851,4269323
262804200829,28,8,receive,262799903208,4297621
262804201498,984,9,receive,262799988012,4213486
262804238818,438,7,receive,262800076444,4162374
262804239453,212,13,receive,262800086087,4153366
262804240005,68,9,receive,262800077017,4162988
262804240627,910,9,receive,262800061144,4179483
262804241228,168,11,receive,262800095030,4146198
262804241873,464,7,receive,262799995087,4246786
262804292985,878,8,receive,262800109640,4183345
262804293662,950,11,receive,262800100565,4193097
262804294336,806,8,receive,262800110928,4183408
262804294993,962,10,receive,262800202006,4092987
262804337426,618,10,receive,262800257544,4079882
262804338100,864,10,receive,262800278527,4059573
262804338755,782,11,receive,262800272023,4066732
262804339412,534,8,receive,262800154454,4184958
262804340092,888,9,receive,262800286765,4053327
262804340766,812,10,receive,262800313137,4027629
262804394755,104,9,receive,262800334318,4060437
262804395437,674,9,receive,262800337082,4058355
262804401453,388,11,receive,262800306801,4094652
262804401979,556,10,receive,262800352098,4049881
262804402532,480,10,receive,262800356007,4046525
