receive_timestamp,source_vehicle,message_id,event_type,send_timestamp,latency_us
373283761,114,1,receive,373243393,40368
373284200,26,3,receive,373242977,41223
373284623,184,1,receive,373244281,40342
373285037,44,4,receive,373244365,40672
373285444,152,1,receive,373244303,41141
373285838,70,4,receive,373234554,51284
373286260,196,1,receive,373244839,41421
373286675,202,1,receive,373245191,41484
373287088,110,1,receive,373246363,40725
373287506,130,2,receive,373247303,40203
373288058,16,2,receive,373248215,39843
373288469,106,1,receive,373248258,40211
373289064,182,2,receive,373248814,40250
373289476,128,1,receive,373248918,40558
373316818,58,3,receive,373249671,67147
373317230,90,1,receive,373250077,67153
373317628,10,1,receive,373250106,67522
373318030,74,3,receive,373250725,67305
373318420,38,3,receive,373241428,76992
373318819,184,2,receive,373252728,66091
373319231,82,1,receive,373253177,66054
373319661,72,3,receive,373236969,82692
373620799,156,2,receive,373254574,366225
373621211,8,3,receive,373254823,366388
373621708,126,1,receive,373255577,366131
373622173,40,3,receive,373255919,366254
373622636,6,3,receive,373245051,377585
373623086,74,4,receive,373256025,367061
373623935,168,1,receive,373256251,367684
373624394,128,2,receive,373258107,366287
373624992,186,2,receive,373259077,365915
373625588,4,4,receive,373258886,366702
373888721,12,3,receive,373259914,628807
373889261,32,2,receive,373250011,639250
373889724,92,1,receive,373260118,629606
373890248,104,1,receive,373260181,630067
373890691,114,2,receive,373260429,630262
373891137,172,1,receive,373260499,630638
373891594,66,6,receive,373256207,635387
373892051,144,1,receive,373260632,631419
373892495,8,4,receive,373257755,634740
373892945,112,1,receive,373262148,630797
374127487,40,4,receive,373262494,864993
374127943,206,1,receive,373262711,865232
374128515,96,1,receive,373262913,865602
374128978,150,1,receive,373264523,864455
374129426,208,2,receive,373264969,864457
374129876,14,6,receive,373264854,865022
374130384,590,1,receive,373266097,864287
374130872,14,7,receive,373267806,863066
374131324,140,1,receive,373270021,861303
374131779,22,1,receive,373270029,861750
374358388,18,1,receive,373270036,1088352
374358841,202,2,receive,373270712,1088129
374359405,60,1,receive,373270683,1088722
374359873,160,1,receive,373270910,1088963
374360383,20,4,receive,373261219,1099164
374360830,590,2,receive,373272425,1088405
374361275,172,2,receive,373273789,1087486
374361741,128,3,receive,373275202,1086539
374362207,456,1,receive,373276083,1086124
374362701,196,2,receive,373276902,1085799
374606744,188,1,receive,373276852,1329892
374607207,110,2,receive,373277086,1330121
374607774,184,3,receive,373277380,1330394
374608227,162,1,receive,373277349,1330878
374608705,20,5,receive,373276963,1331742
374609181,12,4,receive,373278229,1330952
374609646,164,1,receive,373272121,1337525
374610116,394,1,receive,373278752,1331364
374610587,82,2,receive,373266117,1344470
374611071,34,5,receive,373244407,1366664
374849881,40,5,receive,373278855,1571026
374850414,230,1,receive,373279031,1571383
374851029,492,1,receive,373279049,1571980
374851499,570,1,receive,373279141,1572358
374851968,36,1,receive,373280391,1571577
374852447,152,2,receive,373281154,1571293
374852909,88,2,receive,373263989,1588920
374853367,52,3,receive,373248117,1605250
374853832,154,1,receive,373286200,1567632
374854314,186,3,receive,373272645,1581669
375086434,196,3,receive,373287096,1799338
375086920,114,3,receive,373287285,1799635
375087499,96,2,receive,373287418,1800081
375087979,76,3,receive,373251724,1836255
375088437,590,3,receive,373289408,1799029
375088897,636,1,receive,373289341,1799556
375089353,778,1,receive,373289648,1799705
375089824,86,1,receive,373290793,1799031
375090291,98,1,receive,373291041,1799250
375339573,868,1,receive,373291114,2048459
375340066,590,4,receive,373292667,2047399
375340637,104,2,receive,373292892,2047745
375341096,90,2,receive,373293038,2048058
375341566,778,2,receive,373293094,2048472
375342043,432,1,receive,373294811,2047232
375342506,68,1,receive,373294917,2047589
375342971,346,1,receive,373295462,2047509
375560272,320,1,receive,373296620,2263652
375560758,108,2,receive,373288603,2272155
375561349,84,1,receive,373282609,2278740
375561820,84,2,receive,373297268,2264552
375562288,302,1,receive,373297189,2265099
375562784,612,1,receive,373297315,2265469
375563401,150,2,receive,373297382,2266019
375563872,974,1,receive,373292613,2271259
375564348,674,1,receive,373297959,2266389
375813031,106,2,receive,373298141,2514890
375813515,778,3,receive,373298369,2515146
375814143,104,3,receive,373300144,2513999
375814615,98,2,receive,373301015,2513600
375815094,152,3,receive,373301213,2513881
375815562,384,1,receive,373301901,2513661
375816033,86,2,receive,373303095,2512938
375816509,448,1,receive,373303372,2513137
375816964,486,1,receive,373304542,2512422
375817417,42,3,receive,373242320,2575097
376052301,426,1,receive,373306585,2745716
376052806,160,2,receive,373306687,2746119
376053392,634,1,receive,373308105,2745287
376053852,408,1,receive,373308867,2744985
376054324,870,1,receive,373309486,2744838
376054789,210,1,receive,373310039,2744750
376055264,26,4,receive,373245006,2810258
376055720,114,4,receive,373311673,2744047
376056201,64,3,receive,373282318,2773883
376056671,30,1,receive,373312619,2744052
376299001,196,4,receive,373313394,2985607
376299480,408,2,receive,373314436,2985044
376300054,974,2,receive,373314787,2985267
376300562,140,2,receive,373316070,2984492
376301037,104,4,receive,373316474,2984563
376301503,184,4,receive,373316662,2984841
376301970,166,1,receive,373316885,2985085
376302462,128,4,receive,373317077,2985385
376302935,790,1,receive,373318464,2984471
376303404,50,1,receive,373318434,2984970
376542282,798,1,receive,373318566,3223716
376542775,196,5,receive,373318774,3224001
376543361,54,1,receive,373318997,3224364
376543834,18,2,receive,373320016,3223818
376544303,202,3,receive,373294291,3250012
376544784,80,1,receive,373322157,3222627
376545253,86,3,receive,373322441,3222812
376545734,400,1,receive,373323456,3222278
376546210,122,1,receive,373296841,3249369
376546692,158,1,receive,373304081,3242611
376790269,230,2,receive,373326675,3463594
376790780,320,2,receive,373327062,3463718
376791348,98,3,receive,373323391,3467957
376791810,384,2,receive,373330017,3461793
376792293,252,1,receive,373331018,3461275
376792763,634,2,receive,373331441,3461322
376793248,632,1,receive,373332263,3460985
376793725,118,1,receive,373332253,3461472
376794184,6,4,receive,373278304,3515880
376794638,90,3,receive,373332855,3461783
377028355,818,1,receive,373332891,3695464
377028808,90,4,receive,373333221,3695587
377029366,400,2,receive,373333307,3696059
377029832,150,3,receive,373334297,3695535
377030288,44,5,receive,373273715,3756573
377030735,154,2,receive,373334689,3696046
377031191,486,2,receive,373334774,3696417
377031639,758,1,receive,373334743,3696896
377032085,182,3,receive,373296292,3735793
377032532,206,2,receive,373335639,3696893
377264891,972,1,receive,373336349,3928542
377265369,798,2,receive,373336605,3928764
377265940,728,1,receive,373337175,3928765
377266390,152,4,receive,373321810,3944580
377266845,58,4,receive,373280331,3986514
377267308,670,1,receive,373337448,3929860
377267755,132,1,receive,373337427,3930328
377268215,766,1,receive,373337608,3930607
377268654,84,3,receive,373324172,3944482
377269122,312,1,receive,373339142,3929980
377484452,312,2,receive,373339616,4144836
377485007,100,1,receive,373257727,4227280
377485476,96,3,receive,373340772,4144704
377485925,274,1,receive,373342284,4143641
377486406,204,1,receive,373342449,4143957
377486872,188,2,receive,373340656,4146216
377487323,426,2,receive,373343822,4143501
377487783,408,3,receive,373344177,4143606
377488228,338,1,receive,373344313,4143915
377705762,18,3,receive,373343300,4362462
377706231,12,5,receive,373315677,4390554
377706783,138,1,receive,373345262,4361521
377707238,626,1,receive,373345494,4361744
377707686,110,3,receive,373345744,4361942
377708126,590,5,receive,373345797,4362329
377708571,782,1,receive,373346124,4362447
377709030,160,3,receive,373346421,4362609
377709500,290,1,receive,373311159,4398341
377709952,964,1,receive,373346825,4363127
377935674,96,4,receive,373346856,4588818
377936143,432,2,receive,373347684,4588459
377936722,670,2,receive,373349026,4587696
377937182,632,2,receive,373350024,4587158
377937636,106,3,receive,373351343,4586293
377938099,708,1,receive,373351772,4586327
377938551,158,2,receive,373351916,4586635
377939001,150,4,receive,373352784,4586217
377939465,284,1,receive,373353815,4585650
378148293,70,5,receive,373288342,4859951
378148747,426,3,receive,373354781,4793966
378149316,868,2,receive,373354805,4794511
378149768,730,1,receive,373355393,4794375
378150223,206,3,receive,373355353,4794870
378150667,1000,1,receive,373355649,4795018
378151123,382,1,receive,373356097,4795026
378151568,320,3,receive,373357048,4794520
378152026,80,2,receive,373357455,4794571
378152484,36,2,receive,373357977,4794507
378372492,56,3,receive,373241375,5131117
378372941,490,1,receive,373358269,5014672
378373547,400,3,receive,373358854,5014693
378373994,554,1,receive,373359320,5014674
378374455,598,1,receive,373359649,5014806
378374892,212,1,receive,373360429,5014463
378375352,104,5,receive,373360476,5014876
378375805,818,2,receive,373360893,5014912
378376284,128,5,receive,373361359,5014925
378376761,190,1,receive,373362713,5014048
378576573,764,1,receive,373362713,5213860
378577031,210,2,receive,373363083,5213948
378577584,230,3,receive,373364522,5213062
378578054,778,4,receive,373364429,5213625
378578511,592,1,receive,373364608,5213903
378578958,488,1,receive,373367149,5211809
378579420,426,4,receive,373367583,5211837
378579875,332,1,receive,373367726,5212149
378581150,354,1,receive,373368455,5212695
378581601,582,1,receive,373368957,5212644
378783068,114,5,receive,373368894,5414174
378783560,86,4,receive,373369044,5414516
378784125,640,1,receive,373369448,5414677
378784588,166,2,receive,373358761,5425827
378785064,300,1,receive,373370044,5415020
378785529,192,1,receive,373370182,5415347
378785991,712,1,receive,373370313,5415678
378786454,486,3,receive,373371338,5415116
378786925,130,3,receive,373309045,5477880
378967811,524,1,receive,373374149,5593662
378968270,130,4,receive,373373933,5594337
378968818,530,1,receive,373374600,5594218
378969280,436,1,receive,373374829,5594451
378969726,130,5,receive,373375029,5594697
378970202,636,2,receive,373376013,5594189
378970655,90,5,receive,373376866,5593789
378971121,508,1,receive,373376887,5594234
378971579,130,6,receive,373376476,5595103
379144184,972,2,receive,373377276,5766908
379144652,426,5,receive,373377644,5767008
379145211,918,1,receive,373378463,5766748
379145658,634,3,receive,373378345,5767313
379146138,618,1,receive,373379066,5767072
379146587,166,3,receive,373380013,5766574
379147051,112,2,receive,373285041,5862010
379147517,196,6,receive,373381922,5765595
379147987,868,3,receive,373382063,5765924
379332826,8,5,receive,373278178,6054648
379333333,90,6,receive,373382316,5951017
