receive_timestamp,source_vehicle,message_id,event_type,send_timestamp,latency_us
262797873543,108,1,receive,262794640838,3232705
262797874268,86,1,receive,262794641071,3233197
262797874942,234,1,receive,262794641428,3233514
262797897980,106,1,receive,262794641533,3256447
262797898666,428,1,receive,262794641957,3256709
262797991581,392,1,receive,262794641371,3350210
262797992261,422,1,receive,262794642630,3349631
262797992931,136,1,receive,262794642655,3350276
262798018337,142,1,receive,262794643116,3375221
262798018997,90,1,receive,262794644062,3374935
262798102706,278,1,receive,262794645016,3457690
262798103421,132,1,receive,262794645162,3458259
262798104115,96,1,receive,262794645700,3458415
262798104798,262,1,receive,262794646137,3458661
262798222240,82,1,receive,262794647666,3574574
262798222922,110,1,receive,262794648198,3574724
262798223609,12,1,receive,262794651507,3572102
262798224299,372,1,receive,262794651592,3572707
262798224981,156,1,receive,262794652107,3572874
262798338544,198,1,receive,262794652771,3685773
262798339201,186,1,receive,262794653417,3685784
262798339859,16,1,receive,262794654371,3685488
262798340519,376,1,receive,262794656043,3684476
262798450207,582,1,receive,262794656105,3794102
262798450890,380,1,receive,262794656620,3794270
262798451579,210,1,receive,262794657065,3794514
262798452269,580,1,receive,262794657773,3794496
262798452936,218,1,receive,262794659052,3793884
262798542627,596,1,receive,262794659861,3882766
262798543296,50,1,receive,262794660037,3883259
262798543954,76,1,receive,262794660045,3883909
262798544616,44,1,receive,262794661029,3883587
262798650066,592,1,receive,262794664405,3985661
262798650727,420,1,receive,262794665047,3985680
262798651390,588,1,receive,262794665889,3985501
262798652051,150,1,receive,262794668319,3983732
262798652711,632,1,receive,262794668908,3983803
262798768046,164,1,receive,262794669151,4098895
262798768733,384,1,receive,262794669749,4098984
262798769418,14,1,receive,262794650105,4119313
262798770095,542,1,receive,262794672968,4097127
262798878027,628,1,receive,262794676074,4201953
262798878698,52,1,receive,262794677035,4201663
262798879365,590,1,receive,262794679633,4199732
262798880026,170,1,receive,262794680405,4199621
262798880688,226,1,receive,262794680969,4199719
262798881374,364,1,receive,262794682340,4199034
262799030800,10,1,receive,262794651651,4379149
262799031496,88,1,receive,262794684352,4347144
262799032182,134,1,receive,262794684917,4347265
262799032868,358,1,receive,262794685038,4347830
262799033562,120,1,receive,262794685420,4348142
262799166262,758,1,receive,262794685979,4480283
262799166923,166,1,receive,262794688499,4478424
262799167583,208,1,receive,262794691855,4475728
262799168257,344,1,receive,262794693037,4475220
262799168942,832,1,receive,262794694048,4474894
262799169630,794,1,receive,262794695138,4474492
262799299500,442,1,receive,262794697452,4602048
262799300163,450,1,receive,262794698023,4602140
262799300824,162,1,receive,262794700773,4600051
262799301487,802,1,receive,262794702973,4598514
262799302151,812,1,receive,262794703956,4598195
262799302822,834,1,receive,262794704045,4598777
262799419889,126,1,receive,262794705053,4714836
262799420577,824,1,receive,262794709244,4711333
262799421288,818,1,receive,262794710825,4710463
262799421972,552,1,receive,262794712774,4709198
262799422639,752,1,receive,262794715035,4707604
262799548329,274,1,receive,262794718059,4830270
262799549026,830,1,receive,262794719284,4829742
262799549751,480,1,receive,262794719296,4830455
262799550408,822,1,receive,262794719860,4830548
262799551068,618,1,receive,262794721795,4829273
262799551729,520,1,receive,262794730338,4821391
262799685781,630,1,receive,262794730659,4955122
262799686470,500,1,receive,262794731099,4955371
262799687157,526,1,receive,262794732762,4954395
262799687840,348,1,receive,262794733707,4954133
262799688495,508,1,receive,262794734772,4953723
262799802144,836,1,receive,262794737218,5064926
262799802826,792,1,receive,262794738039,5064787
262799803502,762,1,receive,262794738054,5065448
262799804165,820,1,receive,262794738579,5065586
262799804853,168,1,receive,262794739068,5065785
262799906912,454,1,receive,262794739055,5167857
262799907597,354,1,receive,262794739204,5168393
262799908286,840,1,receive,262794739718,5168568
262799908964,388,1,receive,262794699467,5209497
262799909623,488,1,receive,262794741721,5167902
262800018967,92,1,receive,262794651844,5367123
262800019638,816,1,receive,262794745511,5274127
262800020323,202,1,receive,262794745539,5274784
262800021005,244,1,receive,262794745732,5275273
262800021661,212,1,receive,262794749217,5272444
262800124060,432,1,receive,262794657302,5466758
262800124723,178,1,receive,262794679202,5445521
262800125429,352,1,receive,262794747193,5378236
262800126092,610,1,receive,262794753207,5372885
262800126752,634,1,receive,262794756062,5370690
262800226314,540,1,receive,262794759061,5467253
262800226998,786,1,receive,262794759277,5467721
262800227669,494,1,receive,262794759442,5468227
262800228327,482,1,receive,262794759783,5468544
262800228986,838,1,receive,262794760973,5468013
262800327917,736,1,receive,262794761059,5566858
262800328573,712,1,receive,262794765916,5562657
262800329236,606,1,receive,262794767049,5562187
262800329915,594,1,receive,262794771037,5558878
262800330580,62,1,receive,262794771460,5559120
262800421162,236,1,receive,262794669024,5752138
262800421829,356,1,receive,262794775038,5646791
262800422508,724,1,receive,262794775084,5647424
262800423191,722,1,receive,262794775712,5647479
262800423872,788,1,receive,262794776734,5647138
262800532792,638,1,receive,262794777049,5755743
262800533468,466,1,receive,262794779063,5754405
262800534136,754,1,receive,262794779855,5754281
262800534792,744,1,receive,262794782098,5752694
262800632165,718,1,receive,262794784101,5848064
262800632823,58,1,receive,262794634580,5998243
262800633479,852,1,receive,262794785938,5847541
262800634126,842,1,receive,262794787098,5847028
262800634785,140,1,receive,262794705034,5929751
262800747200,874,1,receive,262794790712,5956488
262800747892,608,1,receive,262794791047,5956845
262800748554,740,1,receive,262794791185,5957369
262800749254,862,1,receive,262794791404,5957850
262800749930,586,1,receive,262794773034,5976896
262800750599,680,1,receive,262794800964,5949635
262800830590,556,1,receive,262794801210,6029380
262800831274,80,1,receive,262794753077,6078197
262800831933,810,1,receive,262794800687,6031246
262800832583,682,1,receive,262794803273,6029310
262800833246,848,1,receive,262794804357,6028889
262800833907,688,1,receive,262794805146,6028761
262800919093,670,1,receive,262794805425,6113668
262800919777,706,1,receive,262794805754,6114023
262800920451,532,1,receive,262794804039,6116412
262800951554,866,1,receive,262794807290,6144264
262801010472,846,1,receive,262794808433,6202039
262801011146,700,1,receive,262794808661,6202485
262801011830,666,1,receive,262794808832,6202998
262801040034,726,1,receive,262794809152,6230882
262801040723,886,1,receive,262794809654,6231069
262801105652,280,1,receive,262794804038,6301614
262801106342,534,1,receive,262794810019,6296323
262801107029,742,1,receive,262794810046,6296983
262801107688,734,1,receive,262794805975,6301713
262801199097,738,1,receive,262794804564,6394533
262801199766,578,1,receive,262794813571,6386195
262801200418,614,1,receive,262794818064,6382354
262801201075,766,1,receive,262794818592,6382483
262801201757,814,1,receive,262794819547,6382210
262801202441,760,1,receive,262794820818,6381623
262801299450,620,1,receive,262794817830,6481620
262801300154,864,1,receive,262794816273,6483881
262801300837,612,1,receive,262794824582,6476255
262801301523,768,1,receive,262794826059,6475464
262801302191,472,1,receive,262794824203,6477988
262801400094,890,1,receive,262794828041,6572053
262801400780,902,1,receive,262794828444,6572336
262801401453,878,1,receive,262794829373,6572080
262801402111,558,1,receive,262794826751,6575360
262801402765,882,1,receive,262794827769,6574996
262801500493,730,1,receive,262794831114,6669379
262801501174,780,1,receive,262794831798,6669376
262801501855,32,1,receive,262794664030,6837825
262801502537,174,1,receive,262794707028,6795509
262801503224,538,1,receive,262794831395,6671829
262801503911,774,1,receive,262794834551,6669360
262801611553,782,1,receive,262794831156,6780397
262801612211,636,1,receive,262794835757,6776454
262801612906,230,1,receive,262794836017,6776889
262801613584,568,1,receive,262794828903,6784681
262801614225,276,1,receive,262794718788,6895437
262801614874,184,1,receive,262794837518,6777356
262801712801,888,1,receive,262794838015,6874786
262801713475,708,1,receive,262794823509,6889966
262801714150,704,1,receive,262794836511,6877639
262801714820,536,1,receive,262794827439,6887381
262801715482,884,1,receive,262794818675,6896807
262801806757,880,1,receive,262794828803,6977954
262801807405,856,1,receive,262794841630,6965775
262801808074,674,1,receive,262794842731,6965343
262801808715,678,1,receive,262794849031,6959684
262801839504,868,1,receive,262794833809,7005695
262801873576,698,1,receive,262794848604,7024972
262801874260,806,1,receive,262794853081,7021179
262801884025,778,1,receive,262794855512,7028513
262801884688,720,1,receive,262794843242,7041446
262801885348,844,1,receive,262794842017,7043331
262802013229,900,1,receive,262794839300,7173929
262802013924,464,1,receive,262794827781,7186143
262802014616,804,1,receive,262794860983,7153633
262802015293,444,1,receive,262794861645,7153648
262802015953,790,1,receive,262794850137,7165816
262802118654,896,1,receive,262794858653,7260001
262802119349,870,1,receive,262794831029,7288320
262802120032,912,1,receive,262794858038,7261994
262802120847,116,1,receive,262794852130,7268717
262802121533,716,1,receive,262794853883,7267650
262802211845,876,1,receive,262794852260,7359585
262802212506,732,1,receive,262794852037,7360469
262802213174,854,1,receive,262794864460,7348714
262802213831,914,1,receive,262794874858,7338973
262802214484,828,1,receive,262794871988,7342496
262802316181,910,1,receive,262794873486,7442695
262802316844,892,1,receive,262794863422,7453422
262802317509,600,1,receive,262794874615,7442894
262802318164,924,1,receive,262794879157,7439007
262802318812,124,2,receive,262794780600,7538212
262802319470,918,1,receive,262794884191,7435279
262802406674,858,1,receive,262794875062,7531612
262802407333,628,2,receive,262794887482,7519851
262802407983,222,1,receive,262794858074,7549909
262802408639,826,1,receive,262794888886,7519753
262802409291,908,1,receive,262794887953,7521338
262802409939,916,1,receive,262794895909,7514030
262802487901,898,1,receive,262794897612,7590289
262802488563,206,1,receive,262794894084,7594479
262802489220,906,1,receive,262794896323,7592897
262802489872,176,1,receive,262794885163,7604709
262802490528,850,1,receive,262794880639,7609889
262802581462,702,1,receive,262794859037,7722425
262802582144,920,1,receive,262794906037,7676107
262802582821,904,1,receive,262794898967,7683854
262802583512,104,1,receive,262794693040,7890472
262802584177,894,1,receive,262794910035,7674142
262802584824,714,1,receive,262794869932,7714892
262802679116,432,2,receive,262794897567,7781549
262802679771,362,1,receive,262794890412,7789359
262802680440,74,2,receive,262794891949,7788491
262802681121,138,1,receive,262794906230,7774891
262802681749,872,1,receive,262794868647,7813102
262802739653,926,1,receive,262794922243,7817410
262802740329,860,1,receive,262794864783,7875546
262802740967,928,1,receive,262794926348,7814619
262802741637,922,1,receive,262794927383,7814254
262802742300,442,2,receive,262794921009,7821291
262802809881,172,1,receive,262794871811,7938070
262802810525,152,1,receive,262794921274,7889251
262802825489,820,2,receive,262794926445,7899044
262802826158,562,1,receive,262794948009,7878149
262802826813,378,1,receive,262794945663,7881150
262802881193,114,1,receive,262794899455,7981738
262802881827,758,2,receive,262794953280,7928547
262802894024,110,2,receive,262794921860,7972164
262802903765,148,1,receive,262794843310,8060455
262802945110,772,1,receive,262794960625,7984485
262802945780,212,2,receive,262794923249,8022531
262802946444,354,2,receive,262794884812,8061632
262802947096,938,1,receive,262794965518,7981578
262802947752,736,2,receive,262794901012,8046740
262802948409,934,1,receive,262794966837,7981572
262803023312,580,2,receive,262794955918,8067394
262803023974,888,2,receive,262794981489,8042485
262803024639,956,1,receive,262794984049,8040590
262803025307,508,2,receive,262794961472,8063835
262803025964,262,2,receive,262794986507,8039457
262803026621,962,1,receive,262794987230,8039391
262803095140,220,1,receive,262794979264,8115876
262803095799,838,2,receive,262794990251,8105548
262803096459,930,1,receive,262794990426,8106033
262803097116,700,2,receive,262794990760,8106356
262803097767,418,1,receive,262794895366,8202401
262803156281,12,2,receive,262794920545,8235736
262803156932,958,1,receive,262794999239,8157693
262803157582,964,1,receive,262795001085,8156497
262803158234,954,1,receive,262795002131,8156103
262803219313,948,1,receive,262795005276,8214037
262803219976,884,7,receive,262797863010,5356966
262803220636,984,5,receive,262797782011,5438625
262803221302,824,5,receive,262797644280,5577022
262803245548,230,5,receive,262797871340,5374208
262803279580,422,6,receive,262797824784,5454796
262803280268,586,7,receive,262797954660,5325608
262803280948,760,8,receive,262797958241,5322707
262803281611,210,6,receive,262797987215,5294396
262803282264,148,5,receive,262797991070,5291194
262803282916,394,4,receive,262797948007,5334909
262803362203,904,6,receive,262798049137,5313066
262803362876,6,7,receive,262798078023,5284853
262803363554,278,7,receive,262798091337,5272217
262803364229,730,6,receive,262798035341,5328888
262803364882,822,6,receive,262798214344,5150538
262803431865,40,5,receive,262798132481,5299384
262803432546,828,5,receive,262798121066,5311480
262803433220,94,5,receive,262798154009,5279211
262803433895,376,6,receive,262798190235,5243660
262803491026,802,6,receive,262798320157,5170869
262803491715,88,7,receive,262798303560,5188155
262803492400,946,6,receive,262798349115,5143285
262803493079,740,6,receive,262798337581,5155498
262803493757,910,6,receive,262798455884,5037873
262803494426,608,6,receive,262798433094,5061332
262803566184,878,5,receive,262798416429,5149755
262803566862,890,9,receive,262798437100,5129762
262803567544,636,5,receive,262798295200,5272344
262803568220,358,10,receive,262798520012,5048208
262803568876,720,6,receive,262798446132,5122744
262803628021,112,8,receive,262798525229,5102792
262803628696,26,7,receive,262798498779,5129917
262803629369,74,9,receive,262798577842,5051527
262803661808,622,4,receive,262798609007,5052801
262803705213,142,7,receive,262798658756,5046457
262803705903,596,9,receive,262798660008,5045895
262803706583,154,3,receive,262798581092,5125491
262803707256,954,6,receive,262798776687,4930569
262803707922,124,9,receive,262798705751,5002171
262803708602,738,7,receive,262798665099,5043503
262803775064,812,7,receive,262798748187,5026877
262803775748,280,7,receive,262798742111,5033637
262803776407,56,7,receive,262798983079,4793328
262803777082,230,7,receive,262798971257,4805825
262803777753,944,7,receive,262798945976,4831777
262803826339,234,11,receive,262799020254,4806085
262803826993,142,8,receive,262799035522,4791471
262803827672,168,10,receive,262798973218,4854454
262803828306,942,7,receive,262799044470,4783836
262803828961,166,8,receive,262799021662,4807299
262803883844,68,7,receive,262799011008,4872836
262803884509,80,10,receive,262798967010,4917499
262803885183,248,3,receive,262799119889,4765294
262803885860,50,10,receive,262798886870,4998990
262803934026,88,8,receive,262799095006,4839020
262803934694,582,8,receive,262799112490,4822204
262803935358,782,8,receive,262798989065,4946293
262803935999,708,10,receive,262799100775,4835224
262803951828,678,8,receive,262799248011,4703817
262803952496,818,9,receive,262799219049,4733447
262803992204,172,6,receive,262799309089,4683115
262803992860,118,7,receive,262799293007,4699853
262803993529,508,9,receive,262799301344,4692185
262803994211,28,7,receive,262799115268,4878943
262803994883,806,7,receive,262799386357,4608526
262804047793,44,7,receive,262799283194,4764599
262804048475,280,9,receive,262799394970,4653505
262804049152,120,13,receive,262799436833,4612319
262804049830,258,2,receive,262799426203,4623627
262804094916,154,4,receive,262799456550,4638366
262804095594,636,6,receive,262799506493,4589101
262804096260,1000,9,receive,262799539886,4556374
262804096885,974,8,receive,262799576301,4520584
262804120944,2,8,receive,262799576898,4544046
262804156138,716,8,receive,262799541288,4614850
262804156800,954,8,receive,262799690339,4466461
262804157458,590,11,receive,262799617541,4539917
262804158604,76,12,receive,262799680167,4478437
262804159258,316,2,receive,262799657007,4502251
262804159934,552,9,receive,262799681006,4478928
262804228637,952,11,receive,262799805653,4422984
262804229408,862,10,receive,262799723068,4506340
262804230089,156,8,receive,262799707142,4522947
262804230763,946,9,receive,262799791486,4439277
262804231441,118,8,receive,262799777707,4453734
262804283386,198,8,receive,262799889198,4394188
262804284049,658,5,receive,262799843658,4440391
262804284731,502,5,receive,262799869400,4415331
262804293424,562,9,receive,262799914562,4378862
262804294108,208,8,receive,262799810010,4484098
262804294762,448,1,receive,262800020157,4274605
262804343436,802,8,receive,262800027640,4315796
262804344102,114,8,receive,262800001013,4343089
262804349026,470,3,receive,262799992606,4356420
262804357316,752,8,receive,262800036065,4321251
262804383444,542,9,receive,262800057845,4325599
262804384128,244,10,receive,262800059010,4325118
262804384804,654,7,receive,262800035753,4349051
262804385495,910,9,receive,262800061144,4324351
262804386185,222,8,receive,262800119317,4266868
262804386845,588,9,receive,262800179274,4207571
262804441770,98,12,receive,262800226065,4215705
262804442437,946,10,receive,262800242547,4199890
262804443115,118,9,receive,262800236043,4207072
262804443781,362,9,receive,262800187005,4256776
262804444430,622,8,receive,262800335133,4109297
262804513608,638,9,receive,262800326074,4187534
262804514271,30,9,receive,262800303792,4210479
262804514966,678,11,receive,262800314710,4200256
262804515610,508,10,receive,262800307714,4207896
262804516269,480,10,receive,262800356007,4160262
262804516921,908,12,receive,262800377283,4139638
262804662874,402,7,receive,262800442011,4220863
262804663554,688,7,receive,262800414010,4249544
262804664228,8,10,receive,262800389547,4274681
262804664894,636,8,receive,262800536065,4128829
262804665580,778,11,receive,262800552006,4113574
262804707933,668,5,receive,262800552632,4155301
262804708596,562,10,receive,262800489824,4218772
262804709262,826,11,receive,262800561945,4147317
262804709933,630,9,receive,262800552453,4157480
262804710603,536,10,receive,262800594441,4116162
262804756555,194,4,receive,262800578006,4178549
262804757217,662,4,receive,262800596189,4161028
262804757869,72,10,receive,262800596216,4161653
262804758531,232,6,receive,262800736250,4022281
262804759187,358,13,receive,262800684257,4074930
262804759842,30,10,receive,262800702880,4056962
262804801814,688,8,receive,262800661469,4140345
262804802487,66,10,receive,262800658461,4144026
262804810752,932,9,receive,262800706315,4104437
262804811436,432,11,receive,262800808073,4003363
