receive_timestamp,source_vehicle,message_id,event_type,send_timestamp,latency_us
262799295496,86,1,receive,262794641071,4654425
262799296245,234,1,receive,262794641428,4654817
262799296931,106,1,receive,262794641533,4655398
262799297620,428,1,receive,262794641957,4655663
262799298287,392,1,receive,262794641371,4656916
262799298943,422,1,receive,262794642630,4656313
262799416306,136,1,receive,262794642655,4773651
262799416956,142,1,receive,262794643116,4773840
262799417638,90,1,receive,262794644062,4773576
262799418313,278,1,receive,262794645016,4773297
262799418988,132,1,receive,262794645162,4773826
262799549668,96,1,receive,262794645700,4903968
262799550334,262,1,receive,262794646137,4904197
262799550990,82,1,receive,262794647666,4903324
262799588430,110,1,receive,262794648198,4940232
262799661536,12,1,receive,262794651507,5010029
262799662215,372,1,receive,262794651592,5010623
262799662875,156,1,receive,262794652107,5010768
262799663539,198,1,receive,262794652771,5010768
262799664212,186,1,receive,262794653417,5010795
262799764678,16,1,receive,262794654371,5110307
262799765339,376,1,receive,262794656043,5109296
262799765997,582,1,receive,262794656105,5109892
262799766666,380,1,receive,262794656620,5110046
262799767360,210,1,receive,262794657065,5110295
262799875541,580,1,receive,262794657773,5217768
262799876199,218,1,receive,262794659052,5217147
262799876884,596,1,receive,262794659861,5217023
262799877577,50,1,receive,262794660037,5217540
262799878260,76,1,receive,262794660045,5218215
262799878889,44,1,receive,262794661029,5217860
262799993611,592,1,receive,262794664405,5329206
262799994302,420,1,receive,262794665047,5329255
262799994983,588,1,receive,262794665889,5329094
262799995665,150,1,receive,262794668319,5327346
262800076735,632,1,receive,262794668908,5407827
262800077412,164,1,receive,262794669151,5408261
262800078075,384,1,receive,262794669749,5408326
262800078735,14,1,receive,262794650105,5428630
262800079379,542,1,receive,262794672968,5406411
262800190388,628,1,receive,262794676074,5514314
262800191062,52,1,receive,262794677035,5514027
262800191746,590,1,receive,262794679633,5512113
262800192427,170,1,receive,262794680405,5512022
262800242969,226,1,receive,262794680969,5562000
262800243653,364,1,receive,262794682340,5561313
262800333613,10,1,receive,262794651651,5681962
262800334302,88,1,receive,262794684352,5649950
262800334942,134,1,receive,262794684917,5650025
262800335597,358,1,receive,262794685038,5650559
262800409565,120,1,receive,262794685420,5724145
262800410233,758,1,receive,262794685979,5724254
262800410892,166,1,receive,262794688499,5722393
262800411556,208,1,receive,262794691855,5719701
262800412220,344,1,receive,262794693037,5719183
262800412875,832,1,receive,262794694048,5718827
262800507423,794,1,receive,262794695138,5812285
262800508112,442,1,receive,262794697452,5810660
262800508798,450,1,receive,262794698023,5810775
262800509419,162,1,receive,262794700773,5808646
262800611656,802,1,receive,262794702973,5908683
262800612323,812,1,receive,262794703956,5908367
262800612981,834,1,receive,262794704045,5908936
262800613661,126,1,receive,262794705053,5908608
262800614350,824,1,receive,262794709244,5905106
262800718038,818,1,receive,262794710825,6007213
262800718719,552,1,receive,262794712774,6005945
262800719400,752,1,receive,262794715035,6004365
262800720058,274,1,receive,262794718059,6001999
262800720722,830,1,receive,262794719284,6001438
262800721346,480,1,receive,262794719296,6002050
262800721958,822,1,receive,262794719860,6002098
262800818292,618,1,receive,262794721795,6096497
262800818945,520,1,receive,262794730338,6088607
262800819603,630,1,receive,262794730659,6088944
262800820269,500,1,receive,262794731099,6089170
262800820937,526,1,receive,262794732762,6088175
262800896409,348,1,receive,262794733707,6162702
262800897114,508,1,receive,262794734772,6162342
262800897796,836,1,receive,262794737218,6160578
262800916769,792,1,receive,262794738039,6178730
262800984283,762,1,receive,262794738054,6246229
262800984973,820,1,receive,262794738579,6246394
262800985663,168,1,receive,262794739068,6246595
262800986337,454,1,receive,262794739055,6247282
262800987021,354,1,receive,262794739204,6247817
262800987706,840,1,receive,262794739718,6247988
262801078990,388,1,receive,262794699467,6379523
262801079591,488,1,receive,262794741721,6337870
262801086723,92,1,receive,262794651844,6434879
262801087385,816,1,receive,262794745511,6341874
262801088043,202,1,receive,262794745539,6342504
262801172772,244,1,receive,262794745732,6427040
262801173447,212,1,receive,262794749217,6424230
262801174147,432,1,receive,262794657302,6516845
262801174828,178,1,receive,262794679202,6495626
262801175510,352,1,receive,262794747193,6428317
262801259770,610,1,receive,262794753207,6506563
262801260457,634,1,receive,262794756062,6504395
262801261145,540,1,receive,262794759061,6502084
262801261803,786,1,receive,262794759277,6502526
262801262442,494,1,receive,262794759442,6503000
262801348261,482,1,receive,262794759783,6588478
262801348926,838,1,receive,262794760973,6587953
262801349685,736,1,receive,262794761059,6588626
262801350357,712,1,receive,262794765916,6584441
262801351062,606,1,receive,262794767049,6584013
262801351738,594,1,receive,262794771037,6580701
262801437741,62,1,receive,262794771460,6666281
262801438420,236,1,receive,262794669024,6769396
262801439084,356,1,receive,262794775038,6664046
262801439740,724,1,receive,262794775084,6664656
262801527664,722,1,receive,262794775712,6751952
262801528786,788,1,receive,262794776734,6752052
262801529397,638,1,receive,262794777049,6752348
262801530025,466,1,receive,262794779063,6750962
262801530683,754,1,receive,262794779855,6750828
262801616333,744,1,receive,262794782098,6834235
262801617028,718,1,receive,262794784101,6832927
262801617708,58,1,receive,262794634580,6983128
262801651813,852,1,receive,262794785938,6865875
262801682059,842,1,receive,262794787098,6894961
262801704570,140,1,receive,262794705034,6999536
262801709591,874,1,receive,262794790712,6918879
262801732234,608,1,receive,262794791047,6941187
262801752358,740,1,receive,262794791185,6961173
262801753025,862,1,receive,262794791404,6961621
262801753685,586,1,receive,262794773034,6980651
262801807628,680,1,receive,262794800964,7006664
262801808293,556,1,receive,262794801210,7007083
262801808955,80,1,receive,262794753077,7055878
262801850027,810,1,receive,262794800687,7049340
262801883567,682,1,receive,262794803273,7080294
262801884236,848,1,receive,262794804357,7079879
262801884895,688,1,receive,262794805146,7079749
262801885553,670,1,receive,262794805425,7080128
262801927260,706,1,receive,262794805754,7121506
262801963590,532,1,receive,262794804039,7159551
262801964259,866,1,receive,262794807290,7156969
262801964907,846,1,receive,262794808433,7156474
262801965590,700,1,receive,262794808661,7156929
262801966243,666,1,receive,262794808832,7157411
262801966924,726,1,receive,262794809152,7157772
262802054642,886,1,receive,262794809654,7244988
262802055303,280,1,receive,262794804038,7251265
262802055959,534,1,receive,262794810019,7245940
262802056641,742,1,receive,262794810046,7246595
262802057312,734,1,receive,262794805975,7251337
262802057889,738,1,receive,262794804564,7253325
262802162187,578,1,receive,262794813571,7348616
262802162846,614,1,receive,262794818064,7344782
262802163505,766,1,receive,262794818592,7344913
262802164164,814,1,receive,262794819547,7344617
262802231148,760,1,receive,262794820818,7410330
262802231804,620,1,receive,262794817830,7413974
262802232468,864,1,receive,262794816273,7416195
262802233130,612,1,receive,262794824582,7408548
262802233766,768,1,receive,262794826059,7407707
262802304543,472,1,receive,262794824203,7480340
262802305225,890,1,receive,262794828041,7477184
262802305891,902,1,receive,262794828444,7477447
262802306548,878,1,receive,262794829373,7477175
262802307242,558,1,receive,262794826751,7480491
262802307898,882,1,receive,262794827769,7480129
262802396864,730,1,receive,262794831114,7565750
262802397547,780,1,receive,262794831798,7565749
262802398239,32,1,receive,262794664030,7734209
262802398919,174,1,receive,262794707028,7691891
262802399587,538,1,receive,262794831395,7568192
262802492265,774,1,receive,262794834551,7657714
262802492924,782,1,receive,262794831156,7661768
262802493626,636,1,receive,262794835757,7657869
262802494280,230,1,receive,262794836017,7658263
262802494933,568,1,receive,262794828903,7666030
262802495575,276,1,receive,262794718788,7776787
262802588352,184,1,receive,262794837518,7750834
262802589013,888,1,receive,262794838015,7750998
262802589673,708,1,receive,262794823509,7766164
262802590326,704,1,receive,262794836511,7753815
262802590983,536,1,receive,262794827439,7763544
262802591641,884,1,receive,262794818675,7772966
262802678327,880,1,receive,262794828803,7849524
262802678983,856,1,receive,262794841630,7837353
262802679638,674,1,receive,262794842731,7836907
262802680305,678,1,receive,262794849031,7831274
262802680986,868,1,receive,262794833809,7847177
262802681652,698,1,receive,262794848604,7833048
262802768386,806,1,receive,262794853081,7915305
262802768944,778,1,receive,262794855512,7913432
262802771634,720,1,receive,262794843242,7928392
262802772304,844,1,receive,262794842017,7930287
262802772987,900,1,receive,262794839300,7933687
262802773654,464,1,receive,262794827781,7945873
262802861408,804,1,receive,262794860983,8000425
262802862072,444,1,receive,262794861645,8000427
262802862727,790,1,receive,262794850137,8012590
262802863383,896,1,receive,262794858653,8004730
262802864047,870,1,receive,262794831029,8033018
262802864704,912,1,receive,262794858038,8006666
262802939765,116,1,receive,262794852130,8087635
262802940434,716,1,receive,262794853883,8086551
262802941116,876,1,receive,262794852260,8088856
262802941766,732,1,receive,262794852037,8089729
262802942407,854,1,receive,262794864460,8077947
262803014116,914,1,receive,262794874858,8139258
262803014737,828,1,receive,262794871988,8142749
262803015751,910,1,receive,262794873486,8142265
262803016411,892,1,receive,262794863422,8152989
262803017039,600,1,receive,262794874615,8142424
262803017692,924,1,receive,262794879157,8138535
262803082373,124,2,receive,262794780600,8301773
262803083033,918,1,receive,262794884191,8198842
262803083692,858,1,receive,262794875062,8208630
262803084337,628,2,receive,262794887482,8196855
262803084988,222,1,receive,262794858074,8226914
262803085648,826,1,receive,262794888886,8196762
262803154075,908,1,receive,262794887953,8266122
262803154722,916,1,receive,262794895909,8258813
262803155388,898,1,receive,262794897612,8257776
262803156046,206,1,receive,262794894084,8261962
262803156701,906,1,receive,262794896323,8260378
262803227445,176,1,receive,262794885163,8342282
262803228142,850,1,receive,262794880639,8347503
262803228797,702,1,receive,262794859037,8369760
262803229458,920,1,receive,262794906037,8323421
262803230112,904,1,receive,262794898967,8331145
262803230711,104,1,receive,262794693040,8537671
262803328687,894,1,receive,262794910035,8418652
262803329385,714,1,receive,262794869932,8459453
262803330076,432,2,receive,262794897567,8432509
262803330761,362,1,receive,262794890412,8440349
262803331445,74,2,receive,262794891949,8439496
262803408953,138,1,receive,262794906230,8502723
262803409613,872,1,receive,262794868647,8540966
262803410281,926,1,receive,262794922243,8488038
262803410961,860,1,receive,262794864783,8546178
262803411626,928,1,receive,262794926348,8485278
262803461301,922,1,receive,262794927383,8533918
262803461930,442,2,receive,262794921009,8540921
262803462527,172,1,receive,262794871811,8590716
262803463142,152,1,receive,262794921274,8541868
262803463750,820,2,receive,262794926445,8537305
262803464362,562,1,receive,262794948009,8516353
262803464947,378,1,receive,262794945663,8519284
262803537879,114,1,receive,262794899455,8638424
262803538542,758,2,receive,262794953280,8585262
262803539206,110,2,receive,262794921860,8617346
262803558301,148,1,receive,262794843310,8714991
262803558963,772,1,receive,262794960625,8598338
262803600005,212,2,receive,262794923249,8676756
262803600733,354,2,receive,262794884812,8715921
262803601419,938,1,receive,262794965518,8635901
262803602113,736,2,receive,262794901012,8701101
262803602802,934,1,receive,262794966837,8635965
262803664289,580,2,receive,262794955918,8708371
262803664950,888,2,receive,262794981489,8683461
262803665612,956,1,receive,262794984049,8681563
262803666280,508,2,receive,262794961472,8704808
262803701269,262,2,receive,262794986507,8714762
262803701958,962,1,receive,262794987230,8714728
262803702644,220,1,receive,262794979264,8723380
262803703327,838,2,receive,262794990251,8713076
262803703960,930,1,receive,262794990426,8713534
262803704553,700,2,receive,262794990760,8713793
262803767101,418,1,receive,262794895366,8871735
262803767760,12,2,receive,262794920545,8847215
262803768412,958,1,receive,262794999239,8769173
262803769974,964,1,receive,262795001085,8768889
262803770642,954,1,receive,262795002131,8768511
262803805782,948,1,receive,262795005276,8800506
262803806460,950,1,receive,262795006730,8799730
262803807129,164,9,receive,262799203334,4603795
262803807786,684,2,receive,262799219782,4588004
262803808396,700,8,receive,262799294432,4513964
262803851655,344,10,receive,262799301910,4549745
262803852336,678,8,receive,262799248011,4604325
262803852941,818,9,receive,262799219049,4633892
262803853608,454,8,receive,262799446258,4407350
262803880258,608,7,receive,262799400428,4479830
262803880918,688,6,receive,262799347133,4533785
262803911037,556,9,receive,262799456009,4455028
262803911723,482,8,receive,262799380084,4531639
262803923162,610,7,receive,262799519011,4404151
262803923796,724,8,receive,262799495101,4428695
262803924428,582,9,receive,262799539008,4385420
262803970324,974,8,receive,262799576301,4394023
262803970952,488,8,receive,262799531556,4439396
262803971527,904,8,receive,262799515940,4455587
262803972132,12,8,receive,262799634152,4337980
262803989664,42,11,receive,262799640253,4349411
262804022844,992,10,receive,262799521833,4501011
262804023507,980,8,receive,262799800086,4223421
262804024117,820,10,receive,262799805852,4218265
262804024805,960,8,receive,262799825006,4199799
262804025503,754,9,receive,262799881033,4144470
262804066805,128,9,receive,262799823092,4243713
262804067454,950,10,receive,262799778633,4288821
262804068132,918,10,receive,262799895773,4172359
262804068812,388,10,receive,262799899006,4169806
262804069497,60,9,receive,262799841979,4227518
262804116364,698,9,receive,262799841008,4275356
262804116980,344,11,receive,262799885259,4231721
262804117658,142,9,receive,262799994085,4123573
262804118310,202,10,receive,262800010024,4108286
262804118990,224,10,receive,262799930851,4188139
262804119682,28,8,receive,262799903208,4216474
262804180381,832,7,receive,262800193289,3987092
262804181067,464,7,receive,262799995087,4185980
262804181745,878,8,receive,262800109640,4072105
262804182398,950,11,receive,262800100565,4081833
262804183042,806,8,receive,262800110928,4072114
262804183698,962,10,receive,262800202006,3981692
262804238103,678,10,receive,262800175559,4062544
262804238787,1000,10,receive,262800210700,4028087
262804239446,636,7,receive,262800172251,4067195
262804240104,820,11,receive,262800014188,4225916
262804240760,580,8,receive,262800242450,3998310
262804289643,508,10,receive,262800307714,3981929
262804290311,560,7,receive,262800288091,4002220
262804290964,488,9,receive,262800246655,4044309
262804291617,812,10,receive,262800313137,3978480
262804292283,372,13,receive,262800317563,3974720
262804292965,556,10,receive,262800352098,3940867
262804344850,592,10,receive,262800338010,4006840
262804345524,832,8,receive,262800383549,3961975
262804346209,116,8,receive,262800414333,3931876
262804346890,128,10,receive,262800238303,4108587
262804347595,52,10,receive,262800494926,3852669
262804398977,760,12,receive,262800501520,3897457
262804399641,124,11,receive,262800477904,3921737
262804400302,384,10,receive,262800508007,3892295
262804400959,32,10,receive,262800546171,3854788
262804401617,646,8,receive,262800601277,3800340
262804452582,968,8,receive,262800602819,3849763
262804453250,14,12,receive,262800554007,3899243
262804453931,54,8,receive,262800571272,3882659
262804454615,860,9,receive,262800708997,3745618
262804455257,402,8,receive,262800699649,3755608
262804455874,390,9,receive,262800729325,3726549
262804497508,50,12,receive,262800650397,3847111
262804498172,466,12,receive,262800702295,3795877
262804498827,508,11,receive,262800668102,3830725
262804499506,980,9,receive,262800687006,3812500
262804560655,774,12,receive,262800830006,3730649
262804561348,352,11,receive,262800792695,3768653
262804562039,600,9,receive,262800827881,3734158
262804562728,364,13,receive,262800852647,3710081
262804563431,274,12,receive,262800852063,3711368
262804639130,884,11,receive,262800838198,3800932
262804639773,698,10,receive,262800824193,3815580
262804640435,146,9,receive,262800899866,3740569
262804645281,182,3,receive,262800916167,3729114
262804645936,980,10,receive,262800882780,3763156
262804646616,296,1,receive,262800984385,3662231
262804695679,682,10,receive,262800897848,3797831
262804696361,476,10,receive,262800936398,3759963
262804697042,394,8,receive,262800937983,3759059
262804697717,100,11,receive,262800990552,3707165
262804698377,358,14,receive,262801058853,3639524
262804742999,996,11,receive,262800967384,3775615
262804743665,822,10,receive,262801039016,3704649
262804744307,22,11,receive,262801085006,3659301
262804744941,94,10,receive,262801021010,3723931
262804745611,788,13,receive,262801100972,3644639
262804796306,786,11,receive,262801103009,3693297
262804796977,300,1,receive,262801186338,3610639
262804797623,906,11,receive,262801127990,3669633
262804798273,638,10,receive,262801043329,3754944
262804798925,190,1,receive,262801043440,3755485
262804831187,520,12,receive,262801234935,3596252
262804831816,554,2,receive,262801186006,3645810
262804832472,274,13,receive,262801262313,3570159
262804833140,930,13,receive,262801233455,3599685
262804878279,762,12,receive,262801342527,3535752
262804878952,372,14,receive,262801207207,3671745
262804879630,932,10,receive,262801345131,3534499
262804880310,670,14,receive,262801372006,3508304
262804880982,694,1,receive,262801375057,3505925
262804881658,722,14,receive,262801372091,3509567
262804935647,388,13,receive,262801421827,3513820
262804936312,44,10,receive,262801433461,3502851
262804936988,226,10,receive,262801431677,3505311
262804937663,892,13,receive,262801398683,3538980
262804938337,238,1,receive,262801489524,3448813
262804992303,934,11,receive,262801473016,3519287
262804992970,902,13,receive,262801473571,3519399
262804993655,438,9,receive,262801412635,3581020
262804994341,786,12,receive,262801516146,3478195
262804995025,638,11,receive,262801571288,3423737
262804995703,30,12,receive,262801522641,3473062
262805033540,490,9,receive,262801609194,3424346
262805034230,88,13,receive,262801546005,3488225
262805034908,738,11,receive,262801572278,3462630
262805035576,182,4,receive,262801681085,3354491
262805072773,58,13,receive,262801706622,3366151
262805073513,214,4,receive,262801660005,3413508
262805074206,476,11,receive,262801723445,3350761
262805074888,464,9,receive,262801711334,3363554
262805075546,982,14,receive,262801701341,3374205
262805118228,44,11,receive,262801765973,3352255
262805118884,946,12,receive,262801803536,3315348
262805119535,98,14,receive,262801773138,3346397
262805120193,558,12,receive,262801838599,3281594
262805120870,500,13,receive,262801832035,3288835
262805121551,556,12,receive,262801869386,3252165
262805168263,694,3,receive,262801859077,3309186
262805168942,738,12,receive,262801893323,3275619
262805169619,496,7,receive,262801899874,3269745
262805170304,996,12,receive,262801881753,3288551
262805184777,424,1,receive,262801937415,3247362
262805210707,70,11,receive,262801920688,3290019
262805211393,146,11,receive,262801914759,3296634
262805212105,610,11,receive,262801919693,3292412
262805212763,726,13,receive,262801987619,3225144
262805213411,144,10,receive,262802021669,3191742
262805258286,40,10,receive,262802024011,3234275
262805258972,538,14,receive,262802018810,3240162
262805259634,410,2,receive,262802042007,3217627
262805260317,902,14,receive,262802066893,3193424
262805260970,786,13,receive,262802057069,3203901
262805261646,332,3,receive,262802110557,3151089
262805307091,932,11,receive,262802034012,3273079
262805307772,726,14,receive,262802096679,3211093
262805308467,448,5,receive,262802057994,3250473
262805309154,806,11,receive,262802209005,3100149
262805309836,998,12,receive,262802215857,3093979
262805340269,390,12,receive,262802245005,3095264
262805340925,660,10,receive,262802197136,3143789
262805345758,956,14,receive,262802187923,3157835
262805351433,414,7,receive,262802284510,3066923
262805384415,994,13,receive,262802275309,3109106
262805385107,708,15,receive,262802278351,3106756
262805385782,210,12,receive,262802293945,3091837
262805391283,946,13,receive,262802218437,3172846
262805400025,942,11,receive,262802265526,3134499
262805421357,252,7,receive,262802285080,3136277
262805422045,508,15,receive,262802380006,3042039
262805422714,296,4,receive,262802410293,3012421
262805423387,386,3,receive,262802425855,2997532
262805424084,422,13,receive,262802402420,3021664
262805424744,22,13,receive,262802464011,2960733
262805457228,678,14,receive,262802457961,2999267
262805457884,874,15,receive,262802482890,2974994
262805458537,608,12,receive,262802506650,2951887
262805459194,242,2,receive,262802482601,2976593
262805459884,166,13,receive,262802450121,3009763
262805495688,394,10,receive,262802518330,2977358
262805496379,980,13,receive,262802605762,2890617
262805502445,836,11,receive,262802581219,2921226
262805506893,448,6,receive,262802593899,2912994
262805533289,526,13,receive,262802591795,2941494
262805533950,54,12,receive,262802545697,2988253
262805534621,452,1,receive,262802672863,2861758
262805535295,178,11,receive,262802634801,2900494
262805535961,218,15,receive,262802630348,2905613
262805536653,438,12,receive,262802677291,2859362
262805573761,158,7,receive,262802637269,2936492
262805574431,84,14,receive,262802665009,2909422
262805575090,172,12,receive,262802740351,2834739
262805575761,256,2,receive,262802713009,2862752
262805576435,100,14,receive,262802737009,2839426
262805608293,836,12,receive,262802776069,2832224
262805608948,610,12,receive,262802730672,2878276
262805609607,802,13,receive,262802768304,2841303
262805610272,2,14,receive,262802817006,2793266
262805610930,294,1,receive,262802875045,2735885
262805611576,452,2,receive,262802876536,2735040
262805647504,20,14,receive,262802830006,2817498
262805648285,92,13,receive,262802868469,2779816
262805648959,362,15,receive,262802880005,2768954
262805649616,148,13,receive,262802976270,2673346
262805650274,912,12,receive,262802962872,2687402
262805650929,986,15,receive,262803025481,2625448
262805680810,974,13,receive,262803000505,2680305
262805687173,50,17,receive,262803001005,2686168
262805694195,872,13,receive,262803010530,2683665
262805702118,994,14,receive,262802999944,2702174
262805716507,960,12,receive,262803020122,2696385
262805717205,952,16,receive,262803051688,2665517
262805717887,84,15,receive,262803021580,2696307
262805728272,242,3,receive,262803019428,2708844
262805736355,52,13,receive,262803044252,2692103
262805752254,86,14,receive,262803102006,2650248
262805753110,174,17,receive,262803020183,2732927
262805756204,668,8,receive,262803086895,2669309
262805763574,926,13,receive,262803114084,2649490
262805770161,996,14,receive,262803063075,2707086
262805787920,658,12,receive,262803124863,2663057
262805788725,956,15,receive,262803110679,2678046
262805789423,772,17,receive,262803175005,2614418
262805790116,610,13,receive,262803101194,2688922
262805790804,380,14,receive,262803116006,2674798
262805826841,270,3,receive,262803224551,2602290
262805827527,276,13,receive,262803113205,2714322
262805833031,342,4,receive,262803172009,2661022
262805841178,252,9,receive,262803209974,2631204
262805866459,360,2,receive,262803192337,2674122
262805867144,662,8,receive,262803228009,2639135
262805867825,934,15,receive,262803343690,2524135
262805868506,110,17,receive,262803359004,2509502
262805884146,942,12,receive,262803315601,2568545
262805908911,80,16,receive,262803349006,2559905
262805909625,386,4,receive,262803343825,2565800
262805910309,526,14,receive,262803419768,2490541
262805910989,492,1,receive,262803373505,2537484
262805911654,368,1,receive,262803422628,2489026
262805950433,582,15,receive,262803421006,2529427
262805951121,372,18,receive,262803388083,2563038
262805951805,296,6,receive,262803422417,2529388
262805959598,638,13,receive,262803447613,2511985
262805983082,508,16,receive,262803418199,2564883
262805983744,244,16,receive,262803428823,2554921
262805984658,816,16,receive,262803413126,2571532
262805991512,66,13,receive,262803454425,2537087
262806000854,180,7,receive,262803456687,2544167
262806027858,386,5,receive,262803570022,2457836
262806028543,682,16,receive,262803551016,2477527
262806029236,452,3,receive,262803546390,2482846
262806029893,920,13,receive,262803517743,2512150
262806043961,902,16,receive,262803570011,2473950
262806065929,696,4,receive,262803593721,2472208
262806066601,190,6,receive,262803615385,2451216
262806067285,960,13,receive,262803587006,2480279
262806067963,334,1,receive,262803625396,2442567
262806068637,294,2,receive,262803612010,2456627
262806109129,210,14,receive,262803664836,2444293
262806109817,400,1,receive,262803641923,2467894
262806110508,726,16,receive,262803620299,2490209
262806111141,342,5,receive,262803643064,2468077
262806111811,782,16,receive,262803678759,2433052
262806143493,458,2,receive,262803679858,2463635
262806144159,580,14,receive,262803709799,2434360
262806144868,84,16,receive,262803694007,2450861
262806145556,8,16,receive,262803680809,2464747
262806146235,594,16,receive,262803657876,2488359
262806146898,100,15,receive,262803737010,2409888
262806188120,686,8,receive,262803769489,2418631
262806188768,306,2,receive,262803756289,2432479
262806229423,514,1,receive,262803781293,2448130
262806230102,252,10,receive,262803747709,2482393
262806230766,284,3,receive,262803766504,2464262
262806231448,332,5,receive,262803819643,2411805
262806232145,408,1,receive,262803825323,2406822
262806232832,58,17,receive,262803809957,2422875
262806277883,980,18,receive,262803834131,2443752
262806278573,362,16,receive,262803821005,2457568
262806279267,430,3,receive,262803821073,2458194
262806298774,308,7,receive,262803868473,2430301
262806299443,20,17,receive,262803885063,2414380
262806334008,412,1,receive,262803872185,2461823
262806334679,312,6,receive,262803896007,2438672
262806335358,406,12,receive,262803858465,2476893
262806336051,8,17,receive,262803897142,2438909
262806336743,502,14,receive,262803896488,2440255
262806386409,404,14,receive,262803906628,2479781
262806387076,66,14,receive,262803881621,2505455
262806387745,242,6,receive,262803980403,2407342
262806388413,916,15,receive,262803994124,2394289
262806433504,452,4,receive,262803904005,2529499
262806434260,368,2,receive,262803986007,2448253
262806434951,100,16,receive,262803972080,2462871
262806435648,594,17,receive,262803972010,2463638
262806436344,664,1,receive,262804026262,2410082
262806485308,476,14,receive,262804026849,2458459
262806485997,310,3,receive,262804021289,2464708
262806486690,58,18,receive,262804007030,2479660
262806492446,600,15,receive,262804065784,2426662
262806494478,318,2,receive,262804024295,2470183
262806512239,374,3,receive,262804054220,2458019
262806512911,940,16,receive,262804073842,2439069
262806513597,504,2,receive,262804072123,2441474
262806514292,256,4,receive,262804103853,2410439
262806514981,710,1,receive,262804121788,2393193
262806515673,336,5,receive,262804117194,2398479
262806532078,342,6,receive,262804130886,2401192
262806536194,74,16,receive,262804101009,2435185
262806545874,442,16,receive,262804139597,2406277
262806546567,306,3,receive,262804168501,2378066
262806547260,612,15,receive,262804153128,2394132
262806565573,952,18,receive,262804187200,2378373
262806566267,978,16,receive,262804164457,2401810
262806566955,614,16,receive,262804167881,2399074
262806567648,538,17,receive,262804165566,2402082
262806584740,302,5,receive,262804216129,2368611
262806585585,324,8,receive,262804212400,2373185
262806591026,20,18,receive,262804228771,2362255
262806591720,394,12,receive,262804226188,2365532
262806598409,520,16,receive,262804242208,2356201
262806605064,658,14,receive,262804288498,2316566
262806605750,400,2,receive,262804225010,2380740
262806615163,398,16,receive,262804298007,2317156
262806615858,426,1,receive,262804285703,2330155
262806616549,676,2,receive,262804304430,2312119
262806628594,668,10,receive,262804304975,2323619
262806629270,304,5,receive,262804322890,2306380
262806629962,492,2,receive,262804349416,2280546
262806630650,692,1,receive,262804357057,2273593
262806642882,448,8,receive,262804324888,2317994
262806651266,952,19,receive,262804350810,2300456
262806652670,188,7,receive,262804399297,2253373
262806655408,864,16,receive,262804390014,2265394
262806656081,522,1,receive,262804405369,2250712
262806656746,242,7,receive,262804393046,2263700
262806680318,948,14,receive,262804374925,2305393
262806680981,460,1,receive,262804461312,2219669
262806681663,320,11,receive,262804428137,2253526
262806682350,238,6,receive,262804441931,2240419
262806693264,304,6,receive,262804470971,2222293
262806694917,332,7,receive,262804414555,2280362
262806695600,18,15,receive,262804427011,2268589
262806702812,728,2,receive,262804503275,2199537
262806706021,916,16,receive,262804440404,2265617
262806716323,594,18,receive,262804512456,2203867
262806716992,462,1,receive,262804496860,2220132
262806717658,74,17,receive,262804514932,2202726
262806718324,656,10,receive,262804559008,2159316
262806721573,360,4,receive,262804553008,2168565
262806726975,374,4,receive,262804503084,2223891
262806730914,50,19,receive,262804565893,2165021
262806733298,390,16,receive,262804643429,2089869
262806736585,664,2,receive,262804641318,2095267
262806741332,578,17,receive,262804629316,2112016
262806748365,272,9,receive,262804612135,2136230
262806750167,340,2,receive,262804659400,2090767
262806750856,246,5,receive,262804669063,2081793
262806751550,442,17,receive,262804663201,2088349
262806759202,654,15,receive,262804683736,2075466
262806764499,196,1,receive,262804708328,2056171
262806768763,548,1,receive,262804715067,2053696
262806770881,190,8,receive,262804684513,2086368
262806773071,514,2,receive,262804709550,2063521
262806776471,436,10,receive,262804742282,2034189
262806784668,484,2,receive,262804739880,2044788
262806785360,662,11,receive,262804746982,2038378
262806789246,862,17,receive,262804732727,2056519
262806794663,510,3,receive,262804780350,2014313
262806796692,406,13,receive,262804796933,1999759
262806802884,404,15,receive,262804803010,1999874
262806803573,910,15,receive,262804743563,2060010
262806804269,408,2,receive,262804802126,2002143
262806815021,308,8,receive,262804839012,1976009
262806820557,970,13,receive,262804815658,2004899
262806823307,338,6,receive,262804840550,1982757
262806823970,460,3,receive,262804839433,1984537
262806824660,980,20,receive,262804866319,1958341
262806832686,514,3,receive,262804873175,1959511
262806836208,284,5,receive,262804879504,1956704
262806839309,544,2,receive,262804885682,1953627
262806842707,294,4,receive,262804877832,1964875
262806844935,492,4,receive,262804901549,1943386
262806848742,258,13,receive,262804986006,1862736
262806850833,692,3,receive,262804967657,1883176
262806854328,272,10,receive,262805002062,1852266
262806856557,554,8,receive,262804968367,1888190
262806861343,350,3,receive,262804986662,1874681
262806864021,676,3,receive,262805005425,1858596
262806865907,446,2,receive,262804996015,1869892
262806868111,312,7,receive,262804931064,1937047
262806874330,328,9,receive,262805004006,1870324
262806876897,268,8,receive,262804979068,1897829
262806879128,414,13,receive,262805040696,1838432
262806881401,424,5,receive,262805024207,1857194
262806883020,710,3,receive,262805040121,1842899
262806887594,980,21,receive,262805030772,1856822
262806888990,616,2,receive,262805040162,1848828
262806892420,254,1,receive,262805070223,1822197
262806893095,330,3,receive,262805069606,1823489
262806895545,260,1,receive,262805099706,1795839
262806897304,518,2,receive,262805092006,1805298
262806903247,604,14,receive,262805107182,1796065
262806903997,374,5,receive,262805100917,1803080
262806907021,764,1,receive,262805141798,1765223
262806908480,326,3,receive,262805135697,1772783
262806911185,196,2,receive,262805124693,1786492
262806914420,690,2,receive,262805081914,1832506
262806917216,316,9,receive,262805145489,1771727
262806920816,602,1,receive,262805158467,1762349
262806922432,510,4,receive,262805180850,1741582
262806925513,546,3,receive,262805158253,1767260
262806930199,252,12,receive,262805181884,1748315
262806930868,258,14,receive,262805187192,1743676
262806932563,548,2,receive,262805204629,1727934
262806933254,574,1,receive,262805221469,1711785
262806940722,272,11,receive,262805214361,1726361
262806941505,400,3,receive,262805233010,1708495
262806945238,282,1,receive,262805234803,1710435
262806947354,286,1,receive,262805262144,1685210
262806949977,254,2,receive,262805260976,1689001
262806953567,672,3,receive,262805271582,1681985
262806960109,470,14,receive,262805249361,1710748
262806960780,654,16,receive,262805274094,1686686
262806961446,310,5,receive,262805252184,1709262
262806962114,332,10,receive,262805282670,1679444
262806967712,550,2,receive,262805315453,1652259
262806969767,292,1,receive,262805307930,1661837
262806972504,304,7,receive,262805307394,1665110
262806973906,642,2,receive,262805301806,1672100
262806978470,522,2,receive,262805310866,1667604
262806979453,424,6,receive,262805311310,1668143
262806980815,360,7,receive,262805355011,1625804
262806982763,322,4,receive,262805344801,1637962
262806988154,270,7,receive,262805384819,1603335
262806988820,346,1,receive,262805416711,1572109
262806991328,386,9,receive,262805398863,1592465
262806992321,518,4,receive,262805438335,1553986
262806994149,516,1,receive,262805438809,1555340
262806995409,250,2,receive,262805450472,1544937
262807000644,374,6,receive,262805446133,1554511
262807001497,238,8,receive,262805456699,1544798
262807003134,396,1,receive,262805450533,1552601
262807005987,664,3,receive,262805459394,1546593
262807007670,298,6,receive,262805458122,1549548
262807010658,514,4,receive,262805442693,1567965
262807012452,544,3,receive,262805458288,1554164
262807014112,410,7,receive,262805487390,1526722
262807016763,266,6,receive,262805488127,1528636
262807019076,370,5,receive,262805466631,1552445
262807021350,486,2,receive,262805510844,1510506
262807023064,390,18,receive,262805497928,1525136
262807024350,306,6,receive,262805502007,1522343
262807025969,130,3,receive,262805520501,1505468
262807027464,460,4,receive,262805458140,1569324
262807028958,214,9,receive,262805441671,1587287
262807030429,550,3,receive,262805548354,1482075
262807032115,656,11,receive,262805552326,1479789
262807033612,240,1,receive,262805562225,1471387
262807034757,676,4,receive,262805536281,1498476
262807036735,296,10,receive,262805553935,1482800
262807038094,368,4,receive,262805552363,1485731
262807038846,528,1,receive,262805579475,1459371
262807046068,490,15,receive,262805554147,1491921
262807046731,192,7,receive,262805559144,1487587
262807047410,264,2,receive,262805617951,1429459
262807048097,204,2,receive,262805631120,1416977
262807048782,254,3,receive,262805640096,1408686
262807049467,456,2,receive,262805618226,1431241
262807058803,412,5,receive,262805654532,1404271
262807059468,484,3,receive,262805610010,1449458
262807061590,692,4,receive,262805654779,1406811
262807062273,478,6,receive,262805653538,1408735
262807065691,784,1,receive,262805674500,1391191
262807069099,292,2,receive,262805652444,1416655
262807069762,430,5,receive,262805662875,1406887
262807114242,414,14,receive,262805664270,1449972
262807114903,502,16,receive,262805669618,1445285
262807115576,696,8,receive,262805664809,1450767
262807116229,334,4,receive,262805651543,1464686
262807135564,492,5,receive,262805668411,1467153
262807175241,770,1,receive,262805703343,1471898
262807175904,396,2,receive,262805644295,1531609
262807176581,550,4,receive,262805681070,1495511
262807177250,616,3,receive,262805698166,1479084
262807177913,242,10,receive,262805713537,1464376
262807224830,308,10,receive,262805735272,1489558
262807225491,284,7,receive,262805746366,1479125
262807231022,302,8,receive,262805739859,1491163
262807236473,686,11,receive,262805730390,1506083
262807276990,4,4,receive,262805783907,1493083
262807277649,584,1,receive,262805774020,1503629
262807278360,338,7,receive,262805771590,1506770
262807279045,446,3,receive,262805780509,1498536
262807279694,296,11,receive,262805782010,1497684
262807323095,498,6,receive,262805813633,1509462
262807323743,250,3,receive,262805827783,1495960
262807324397,286,2,receive,262805801329,1523068
262807325050,270,8,receive,262805819842,1505208
262807325703,572,2,receive,262805850008,1475695
262807360152,200,4,receive,262805850047,1510105
262807360644,648,2,receive,262805866689,1493955
262807361165,252,13,receive,262805863493,1497672
262807361811,564,1,receive,262805872688,1489123
262807362307,460,5,receive,262805805381,1556926
262807362804,516,2,receive,262805863008,1499796
262807402690,602,2,receive,262805830687,1572003
262807403343,256,7,receive,262805912007,1491336
262807403993,260,2,receive,262805924474,1479519
262807404647,576,1,receive,262805908848,1495799
262807405297,490,16,receive,262805935506,1469791
262807405948,750,1,receive,262805955878,1450070
262807461622,326,4,receive,262805960006,1501616
262807462275,130,4,receive,262805956306,1505969
262807462932,246,7,receive,262805928181,1534751
262807467748,518,5,receive,262805940815,1526933
262807468399,624,1,receive,262805991483,1476916
262807511391,528,2,receive,262805988246,1523145
262807512051,268,9,receive,262805984007,1528044
262807512698,296,12,receive,262805964189,1548509
262807513355,546,4,receive,262806025903,1487452
262807528227,598,2,receive,262806014012,1514215
262807554410,264,3,receive,262806000906,1553504
262807555061,192,8,receive,262805996500,1558561
262807555713,564,2,receive,262806051516,1504197
262807556367,462,3,receive,262806051403,1504964
262807557022,516,3,receive,262806070955,1486067
262807606458,492,6,receive,262806060684,1545774
262807607120,566,2,receive,262806074876,1532244
262807607776,416,4,receive,262806110628,1497148
262807608436,522,4,receive,262806106497,1501939
262807609097,554,11,receive,262806108921,1500176
262807609753,690,3,receive,262806107006,1502747
262807659631,764,2,receive,262806118459,1541172
262807660288,216,3,receive,262806137007,1523281
262807660966,282,2,receive,262806127188,1533778
262807661610,242,12,receive,262806140075,1521535
262807662259,524,4,receive,262806163855,1498404
262807662913,642,3,receive,262806168315,1494598
262807709090,238,9,receive,262806175653,1533437
262807709741,346,2,receive,262806176861,1532880
262807710402,296,13,receive,262806181059,1529343
262807711053,370,7,receive,262806203680,1507373
262807711695,406,15,receive,262806197581,1514114
262807748799,328,11,receive,262806205006,1543793
262807749510,584,2,receive,262806233634,1515876
262807750163,430,6,receive,262806222326,1527837
262807750807,548,3,receive,262806249996,1500811
262807751463,302,9,receive,262806245209,1506254
262807794574,512,3,receive,262806238960,1555614
262807795316,304,8,receive,262806269280,1526036
262807795969,396,3,receive,262806290678,1505291
262807796612,180,11,receive,262806289205,1507407
262807797277,470,16,receive,262806319571,1477706
262807797934,194,13,receive,262806308174,1489760
262807841613,662,15,receive,262806328382,1513231
262807842278,518,7,receive,262806340789,1501489
262807849272,764,3,receive,262806353193,1496079
262807849931,330,7,receive,262806310016,1539915
262807850585,204,3,receive,262806383946,1466639
262807894247,200,5,receive,262806385702,1508545
262807894899,512,4,receive,262806399933,1494966
262807895584,310,7,receive,262806393148,1502436
262807896671,456,3,receive,262806338248,1558423
262807897329,410,8,receive,262806429014,1468315
262807897986,566,3,receive,262806421121,1476865
262807938377,784,2,receive,262806388012,1550365
262807939035,346,3,receive,262806491387,1447648
262807943220,546,5,receive,262806487683,1455537
262807954266,240,3,receive,262806498374,1455892
262807983145,252,14,receive,262806505034,1478111
262807983821,258,16,receive,262806502075,1481746
262807984468,302,10,receive,262806492015,1492453
262807985127,458,6,receive,262806492011,1493116
262807996287,318,5,receive,262806522382,1473905
262808026011,498,7,receive,262806495247,1530764
262808026681,268,10,receive,262806510301,1516380
262808027339,478,8,receive,262806488960,1538379
262808027997,296,14,receive,262806552287,1475710
262808028644,550,5,receive,262806549840,1478804
262808057352,800,2,receive,262806547869,1509483
262808058037,200,6,receive,262806552153,1505884
262808058723,264,4,receive,262806567438,1491285
262808059409,598,3,receive,262806557209,1502200
262808060123,300,9,receive,262806581089,1479034
262808060799,430,7,receive,262806556010,1504789
262808108542,506,3,receive,262806549065,1559477
262808109203,710,5,receive,262806562680,1546523
262808109862,342,11,receive,262806542561,1567301
262808110521,602,3,receive,262806607366,1503155
262808111177,334,5,receive,262806613840,1497337
262808111833,746,2,receive,262806603755,1508078
262808160764,330,8,receive,262806590146,1570618
262808161434,130,5,receive,262806610280,1551154
262808162089,626,2,receive,262806575592,1586497
262808162765,796,3,receive,262806530435,1632330
262808163450,284,9,receive,262806611324,1552126
262808212495,386,11,receive,262806618012,1594483
262808213159,194,14,receive,262806634311,1578848
262808213820,530,4,receive,262806648892,1564928
262808214483,750,2,receive,262806638196,1576287
262808215134,336,9,receive,262806658311,1556823
262808215791,414,15,receive,262806642946,1572845
262808254883,196,4,receive,262806645188,1609695
262808255556,446,4,receive,262806664730,1590826
262808256215,748,2,receive,262806645588,1610627
262808256796,574,4,receive,262806625708,1631088
262808295676,412,7,receive,262806686750,1608926
262808296344,662,16,receive,262806695382,1600962
262808296987,474,3,receive,262806646886,1650101
262808306252,694,10,receive,262806723927,1582325
262808314068,300,10,receive,262806692986,1621082
262808337103,360,9,receive,262806737009,1600094
262808337826,190,11,receive,262806733591,1604235
262808338527,598,4,receive,262806747311,1591216
262808339211,522,5,receive,262806756567,1582644
262808339894,514,6,receive,262806729422,1610472
262808340582,616,5,receive,262806750067,1590515
262808388566,462,4,receive,262806708648,1679918
262808389246,440,3,receive,262806721004,1668242
262808389915,302,11,receive,262806744552,1645363
262808390603,304,9,receive,262806781619,1608984
262808411366,256,8,receive,262806763293,1648073
262808438391,776,2,receive,262806769116,1669275
262808439115,584,3,receive,262806779318,1659797
262808439828,642,4,receive,262806786006,1653822
262808440554,282,3,receive,262806779006,1661548
262808459512,516,4,receive,262806782611,1676901
262808481603,250,4,receive,262806765121,1716482
262808482332,400,6,receive,262806802588,1679744
262808483079,624,2,receive,262806785363,1697716
262808483764,286,4,receive,262806810005,1673759
262808484467,728,5,receive,262806777070,1707397
262808525753,194,15,receive,262806766059,1759694
262808526422,468,7,receive,262806797010,1729412
262808527106,264,5,receive,262806802942,1724164
262808527784,528,3,receive,262806808803,1718981
262808528467,676,7,receive,262806817719,1710748
262808570202,750,3,receive,262806770006,1800196
262808570890,492,7,receive,262806832084,1738806
262808575268,484,6,receive,262806838204,1737064
262808586085,690,4,receive,262806814849,1771236
262808586770,460,6,receive,262806850720,1736050
262808615243,190,12,receive,262806855004,1760239
262808615896,648,3,receive,262806849069,1766827
262808622022,258,17,receive,262806856623,1765399
262808630274,412,8,receive,262806852231,1778043
262808650338,360,10,receive,262806864716,1785622
262808650974,644,3,receive,262806840850,1810124
262808651652,296,15,receive,262806870022,1781630
262808652342,694,11,receive,262806868060,1784282
262808653002,770,3,receive,262806874964,1778038
262808653673,260,3,receive,262806885059,1768614
262808703329,566,4,receive,262806874270,1829059
262808704012,308,12,receive,262806894127,1809885
262808704689,312,10,receive,262806900809,1803880
262808705373,486,4,receive,262806875282,1830091
262808735753,310,8,receive,262806911325,1824428
262808736722,544,5,receive,262806905485,1831237
262808737409,350,5,receive,262806881393,1856016
262808738094,374,8,receive,262806912692,1825402
262808738777,340,6,receive,262806917007,1821770
262808760290,776,3,receive,262806933864,1826426
262808765017,400,7,receive,262806908346,1856671
262808800101,574,5,receive,262806935009,1865092
262808800760,554,12,receive,262806893982,1906778
262808801429,424,8,receive,262806910009,1891420
262808802084,342,12,receive,262806929488,1872596
262808802754,524,5,receive,262806924009,1878745
262808803433,504,8,receive,262806922948,1880485
262808847091,268,11,receive,262806942124,1904967
262808847760,570,3,receive,262806933397,1914363
262808848428,286,5,receive,262806944113,1904315
262808852798,368,7,receive,262806914233,1938565
262808881636,216,4,receive,262806921006,1960630
262808882238,130,6,receive,262806922928,1959310
262808882866,314,6,receive,262806945516,1937350
262808883506,564,3,receive,262806911067,1972439
262808884153,370,8,receive,262806922714,1961439
262808884801,750,4,receive,262806956587,1928214
262808913253,474,4,receive,262806953353,1959900
262808913929,518,8,receive,262806944005,1969924
262808914600,300,11,receive,262806959737,1954863
262808915274,196,5,receive,262806966432,1948842
262808915961,510,7,receive,262806972008,1943953
262808942024,272,15,receive,262806951493,1990531
262808942718,430,8,receive,262806961759,1980959
262808951279,448,12,receive,262806977128,1974151
262808957272,298,8,receive,262806985451,1971821
262808970499,386,12,receive,262806977481,1993018
262808971168,642,5,receive,262806967258,2003910
262808971831,756,3,receive,262807001882,1969949
262808972508,346,4,receive,262807003444,1969064
262808973177,338,9,receive,262807005131,1968046
262808973779,616,6,receive,262807003352,1970427
262809000106,254,5,receive,262807003808,1996298
262809000671,410,9,receive,262806979608,2021063
262809001239,602,4,receive,262807041076,1960163
262809001890,656,13,receive,262807050842,1951048
262809002544,300,12,receive,262807087482,1915062
262809038702,530,5,receive,262807082921,1955781
262809039384,266,9,receive,262807101238,1938146
262809039994,672,7,receive,262807066689,1973305
262809040647,548,4,receive,262807101070,1939577
262809041237,214,11,receive,262807092627,1948610
262809041788,328,12,receive,262807077914,1963874
262809086711,270,11,receive,262807078563,2008148
262809087368,808,3,receive,262807104021,1983347
262809088023,242,14,receive,262807085544,2002479
262809088707,498,8,receive,262807107277,1981430
262809116240,312,11,receive,262807097962,2018278
262809116915,456,4,receive,262807044538,2072377
262809117578,650,3,receive,262807110943,2006635
262809118234,470,17,receive,262807124349,1993885
262809118919,4,6,receive,262807138017,1980902
262809156553,194,16,receive,262807126843,2029710
262809157243,408,7,receive,262807094804,2062439
262809157890,664,6,receive,262807117007,2040883
262809158556,426,6,receive,262807075272,2083284
262809159222,326,6,receive,262807082430,2076792
262809159885,322,6,receive,262807124006,2035879
262809196842,204,4,receive,262807163006,2033836
262809197522,492,8,receive,262807137835,2059687
262809202534,416,5,receive,262807105010,2097524
262809211298,798,3,receive,262807165843,2045455
262809232280,458,7,receive,262807184976,2047304
262809232973,462,5,receive,262807176532,2056441
262809233636,406,16,receive,262807159033,2074603
262809238788,750,5,receive,262807164716,2074072
