receive_timestamp,source_vehicle,message_id,event_type,send_timestamp,latency_us
373209774,6,1,receive,373190906,18868
373210231,40,1,receive,373190846,19385
373210663,70,2,receive,373191030,19633
373211073,66,2,receive,373192510,18563
373211491,52,1,receive,373194111,17380
373211889,64,1,receive,373196201,15688
373212304,16,1,receive,373197657,14647
373212733,38,2,receive,373197994,14739
373213146,66,3,receive,373199579,13567
373213558,70,3,receive,373199774,13784
373213974,14,3,receive,373200663,13311
373280515,66,4,receive,373203261,77254
373280978,24,1,receive,373203327,77651
373281423,14,4,receive,373203922,77501
373281867,56,2,receive,373205975,75892
373282313,58,2,receive,373208535,73778
373282766,6,2,receive,373208703,74063
373283220,44,3,receive,373210685,72535
373284486,28,2,receive,373211504,72982
373284933,2,2,receive,373211536,73397
373730185,48,2,receive,373211645,518540
373730631,2,3,receive,373213347,517284
373731078,62,3,receive,373213649,517429
373731507,28,3,receive,373213682,517825
373731929,40,2,receive,373212279,519650
373732355,66,5,receive,373216308,516047
373732818,74,2,receive,373216396,516422
373733552,14,5,receive,373216540,517012
373733999,20,2,receive,373216714,517285
373734464,76,2,receive,373217023,517441
373905837,78,2,receive,373218327,687510
373906301,24,2,receive,373218744,687557
373906795,48,3,receive,373219841,686954
373907262,2,4,receive,373220657,686605
373907713,28,4,receive,373220875,686838
373908183,24,3,receive,373220968,687215
373908665,4,3,receive,373221525,687140
373909114,48,4,receive,373222099,687015
373909572,8,2,receive,373222592,686980
373910037,34,3,receive,373223268,686769
374126448,182,1,receive,373224671,901777
374126906,72,2,receive,373225030,901876
374127407,42,2,receive,373226069,901338
374127893,52,2,receive,373226807,901086
374128337,186,1,receive,373227735,900602
374128787,32,1,receive,373229238,899549
374129251,130,1,receive,373230125,899126
374129702,108,1,receive,373231840,897862
374130158,34,4,receive,373232773,897385
374130610,12,1,receive,373233415,897195
374349047,146,1,receive,373235434,1113613
374349545,170,1,receive,373236911,1112634
374350042,88,1,receive,373237445,1112597
374350540,12,2,receive,373237933,1112607
374351114,208,1,receive,373238414,1112700
374351620,64,2,receive,373238524,1113096
374352157,156,1,receive,373240057,1112100
374352674,26,2,receive,373233161,1119513
374353182,78,3,receive,373240961,1112221
374353756,20,3,receive,373241051,1112705
374578136,114,1,receive,373243393,1334743
374578625,26,3,receive,373242977,1335648
374579087,184,1,receive,373244281,1334806
374579543,44,4,receive,373244365,1335178
374580028,152,1,receive,373244303,1335725
374580518,70,4,receive,373234554,1345964
374580997,196,1,receive,373244839,1336158
374581461,202,1,receive,373245191,1336270
374581949,110,1,receive,373246363,1335586
374582410,130,2,receive,373247303,1335107
374811257,16,2,receive,373248215,1563042
374811742,106,1,receive,373248258,1563484
374812353,182,2,receive,373248814,1563539
374812831,128,1,receive,373248918,1563913
374813284,58,3,receive,373249671,1563613
374813734,10,1,receive,373250106,1563628
374814181,90,1,receive,373250077,1564104
374814644,74,3,receive,373250725,1563919
374815162,38,3,receive,373241428,1573734
374815831,184,2,receive,373252728,1563103
375033248,82,1,receive,373253177,1780071
375033837,72,3,receive,373236969,1796868
375034367,156,2,receive,373254574,1779793
375035148,8,3,receive,373254823,1780325
375035736,126,1,receive,373255577,1780159
375036447,6,3,receive,373245051,1791396
375036963,74,4,receive,373256025,1780938
375037483,40,3,receive,373255919,1781564
375037996,168,1,receive,373256251,1781745
375275929,128,2,receive,373258107,2017822
375277245,186,2,receive,373259077,2018168
375277708,4,4,receive,373258886,2018822
375278199,12,3,receive,373259914,2018285
375278679,32,2,receive,373250011,2028668
375279148,104,1,receive,373260181,2018967
375279617,92,1,receive,373260118,2019499
375280154,114,2,receive,373260429,2019725
375531279,172,1,receive,373260499,2270780
375531746,66,6,receive,373256207,2275539
375532215,144,1,receive,373260632,2271583
375532748,8,4,receive,373257755,2274993
375533181,112,1,receive,373262148,2271033
375533591,40,4,receive,373262494,2271097
375534079,206,1,receive,373262711,2271368
375534547,96,1,receive,373262913,2271634
375535005,150,1,receive,373264523,2270482
375535456,208,2,receive,373264969,2270487
375768432,14,6,receive,373264854,2503578
375768942,590,1,receive,373266097,2502845
375769407,14,7,receive,373267806,2501601
375769879,140,1,receive,373270021,2499858
375770374,22,1,receive,373270029,2500345
375771663,18,1,receive,373270036,2501627
375772121,202,2,receive,373270712,2501409
375772591,60,1,receive,373270683,2501908
376008296,160,1,receive,373270910,2737386
376008991,20,4,receive,373261219,2747772
376009440,590,2,receive,373272425,2737015
376009932,172,2,receive,373273789,2736143
376010413,128,3,receive,373275202,2735211
376010914,456,1,receive,373276083,2734831
376011395,196,2,receive,373276902,2734493
376011877,188,1,receive,373276852,2735025
376012341,110,2,receive,373277086,2735255
376247600,184,3,receive,373277380,2970220
376248019,162,1,receive,373277349,2970670
376248451,20,5,receive,373276963,2971488
376248918,12,4,receive,373278229,2970689
376249422,164,1,receive,373272121,2977301
376249835,394,1,receive,373278752,2971083
376250264,82,2,receive,373266117,2984147
376250669,34,5,receive,373244407,3006262
376251165,40,5,receive,373278855,2972310
376251582,230,1,receive,373279031,2972551
376251986,492,1,receive,373279049,2972937
376496046,570,1,receive,373279141,3216905
376496478,36,1,receive,373280391,3216087
376496894,152,2,receive,373281154,3215740
376497313,88,2,receive,373263989,3233324
376497793,52,3,receive,373248117,3249676
376498203,154,1,receive,373286200,3212003
376498602,196,3,receive,373287096,3211506
376498995,114,3,receive,373287285,3211710
376499388,96,2,receive,373287418,3211970
376499806,186,3,receive,373272645,3227161
376500256,76,3,receive,373251724,3248532
376720046,590,3,receive,373289408,3430638
376720520,636,1,receive,373289341,3431179
376721003,778,1,receive,373289648,3431355
376721505,86,1,receive,373290793,3430712
376721984,98,1,receive,373291041,3430943
376722489,868,1,receive,373291114,3431375
376722960,590,4,receive,373292667,3430293
376723427,104,2,receive,373292892,3430535
376723908,90,2,receive,373293038,3430870
376724375,778,2,receive,373293094,3431281
376961672,432,1,receive,373294811,3666861
376962139,68,1,receive,373294917,3667222
376962585,346,1,receive,373295462,3667123
376963027,320,1,receive,373296620,3666407
376963505,108,2,receive,373288603,3674902
376964001,84,1,receive,373282609,3681392
376964441,84,2,receive,373297268,3667173
376964879,302,1,receive,373297189,3667690
376965328,612,1,receive,373297315,3668013
377181631,150,2,receive,373297382,3884249
377182095,974,1,receive,373292613,3889482
377182564,674,1,receive,373297959,3884605
377183019,106,2,receive,373298141,3884878
377183473,778,3,receive,373298369,3885104
377183947,104,3,receive,373300144,3883803
377184410,98,2,receive,373301015,3883395
377184867,152,3,receive,373301213,3883654
377185323,384,1,receive,373301901,3883422
377404887,86,2,receive,373303095,4101792
377405338,448,1,receive,373303372,4101966
377405782,486,1,receive,373304542,4101240
377406376,42,3,receive,373242320,4164056
377406842,426,1,receive,373306585,4100257
377407327,160,2,receive,373306687,4100640
377407770,634,1,receive,373308105,4099665
377408204,408,1,receive,373308867,4099337
377408672,870,1,receive,373309486,4099186
377618319,210,1,receive,373310039,4308280
377618772,26,4,receive,373245006,4373766
377619217,114,4,receive,373311673,4307544
377619709,64,3,receive,373282318,4337391
377620180,30,1,receive,373312619,4307561
377620642,196,4,receive,373313394,4307248
377621102,408,2,receive,373314436,4306666
377621575,974,2,receive,373314787,4306788
377622031,140,2,receive,373316070,4305961
377834139,104,4,receive,373316474,4517665
377834611,184,4,receive,373316662,4517949
377835062,166,1,receive,373316885,4518177
377835515,128,4,receive,373317077,4518438
377835975,790,1,receive,373318464,4517511
377836441,50,1,receive,373318434,4518007
377836885,798,1,receive,373318566,4518319
377837346,196,5,receive,373318774,4518572
377837797,54,1,receive,373318997,4518800
377838255,202,3,receive,373294291,4543964
378073777,18,2,receive,373320016,4753761
378074252,80,1,receive,373322157,4752095
378074719,86,3,receive,373322441,4752278
378075173,400,1,receive,373323456,4751717
378075614,122,1,receive,373296841,4778773
378076048,158,1,receive,373304081,4771967
378076519,230,2,receive,373326675,4749844
378076976,320,2,receive,373327062,4749914
378077429,98,3,receive,373323391,4754038
378077882,384,2,receive,373330017,4747865
378312490,252,1,receive,373331018,4981472
378313001,634,2,receive,373331441,4981560
