receive_timestamp,source_vehicle,message_id,event_type,send_timestamp,latency_us
373618525,122,1,receive,373296841,321684
373618966,158,1,receive,373304081,314885
373619381,230,2,receive,373326675,292706
373619800,320,2,receive,373327062,292738
373620230,98,3,receive,373323391,296839
373620663,384,2,receive,373330017,290646
373621003,252,1,receive,373331018,289985
373621333,634,2,receive,373331441,289892
373621748,632,1,receive,373332263,289485
373622161,118,1,receive,373332253,289908
373622589,6,4,receive,373278304,344285
373623002,90,3,receive,373332855,290147
373623414,818,1,receive,373332891,290523
373623828,90,4,receive,373333221,290607
373624253,400,2,receive,373333307,290946
373624677,44,5,receive,373273715,350962
373625086,150,3,receive,373334297,290789
373625461,154,2,receive,373334689,290772
373625853,486,2,receive,373334774,291079
373626325,758,1,receive,373334743,291582
373626720,182,3,receive,373296292,330428
373627111,206,2,receive,373335639,291472
373993496,972,1,receive,373336349,657147
373993939,798,2,receive,373336605,657334
373994402,728,1,receive,373337175,657227
373994857,152,4,receive,373321810,673047
373995300,58,4,receive,373280331,714969
373995749,670,1,receive,373337448,658301
373996215,132,1,receive,373337427,658788
373996699,766,1,receive,373337608,659091
373997147,84,3,receive,373324172,672975
373997631,312,1,receive,373339142,658489
374207848,312,2,receive,373339616,868232
374208306,100,1,receive,373257727,950579
374208769,96,3,receive,373340772,867997
374209217,188,2,receive,373340656,868561
374209663,274,1,receive,373342284,867379
374210117,204,1,receive,373342449,867668
374210581,18,3,receive,373343300,867281
374211076,426,2,receive,373343822,867254
374211528,408,3,receive,373344177,867351
374211977,338,1,receive,373344313,867664
374422597,12,5,receive,373315677,1106920
374423268,138,1,receive,373345262,1078006
374423771,626,1,receive,373345494,1078277
374424276,110,3,receive,373345744,1078532
374424803,590,5,receive,373345797,1079006
374425305,782,1,receive,373346124,1079181
374425800,160,3,receive,373346421,1079379
374426258,290,1,receive,373311159,1115099
374426796,964,1,receive,373346825,1079971
374427243,96,4,receive,373346856,1080387
374654279,432,2,receive,373347684,1306595
374654751,670,2,receive,373349026,1305725
374655228,632,2,receive,373350024,1305204
374655720,106,3,receive,373351343,1304377
374656186,708,1,receive,373351772,1304414
374656640,158,2,receive,373351916,1304724
374657103,150,4,receive,373352784,1304319
374657597,284,1,receive,373353815,1303782
374658059,70,5,receive,373288342,1369717
374658514,426,3,receive,373354781,1303733
374894332,868,2,receive,373354805,1539527
374894868,730,1,receive,373355393,1539475
374895350,206,3,receive,373355353,1539997
374895801,1000,1,receive,373355649,1540152
374896283,382,1,receive,373356097,1540186
374896742,320,3,receive,373357048,1539694
374897219,80,2,receive,373357455,1539764
374897670,36,2,receive,373357977,1539693
374898190,56,3,receive,373241375,1656815
375118532,490,1,receive,373358269,1760263
375119031,400,3,receive,373358854,1760177
375119564,554,1,receive,373359320,1760244
375120038,598,1,receive,373359649,1760389
375120557,104,5,receive,373360476,1760081
375121031,212,1,receive,373360429,1760602
375121495,818,2,receive,373360893,1760602
375121996,128,5,receive,373361359,1760637
375122441,764,1,receive,373362713,1759728
375347759,190,1,receive,373362713,1985046
375348225,210,2,receive,373363083,1985142
375348691,230,3,receive,373364522,1984169
375349167,778,4,receive,373364429,1984738
375349638,592,1,receive,373364608,1985030
375350134,488,1,receive,373367149,1982985
375350604,426,4,receive,373367583,1983021
375351066,332,1,receive,373367726,1983340
375571403,354,1,receive,373368455,2202948
375571905,114,5,receive,373368894,2203011
375572426,582,1,receive,373368957,2203469
375572899,86,4,receive,373369044,2203855
375573406,640,1,receive,373369448,2203958
375573911,166,2,receive,373358761,2215150
375574395,300,1,receive,373370044,2204351
375574863,192,1,receive,373370182,2204681
375575334,712,1,receive,373370313,2205021
375575810,486,3,receive,373371338,2204472
375813162,130,3,receive,373309045,2504117
375813634,524,1,receive,373374149,2439485
375814119,130,4,receive,373373933,2440186
375814588,530,1,receive,373374600,2439988
375815075,436,1,receive,373374829,2440246
375815545,130,5,receive,373375029,2440516
375816024,636,2,receive,373376013,2440011
375816489,90,5,receive,373376866,2439623
375816939,508,1,receive,373376887,2440052
375817392,972,2,receive,373377276,2440116
376049887,130,6,receive,373376476,2673411
376050378,426,5,receive,373377644,2672734
376050885,634,3,receive,373378345,2672540
376051352,918,1,receive,373378463,2672889
376051833,618,1,receive,373379066,2672767
376052294,166,3,receive,373380013,2672281
376052750,112,2,receive,373285041,2767709
376053211,8,5,receive,373278178,2775033
376053675,196,6,receive,373381922,2671753
376054147,868,3,receive,373382063,2672084
376279088,90,6,receive,373382316,2896772
376279570,340,1,receive,373296934,2982636
376280052,400,4,receive,373382781,2897271
376280517,432,3,receive,373383008,2897509
376281018,486,4,receive,373383975,2897043
376281488,126,2,receive,373305048,2976440
376281959,222,1,receive,373375932,2906027
376282438,316,1,receive,373386209,2896229
376282912,486,5,receive,373386787,2896125
376283380,730,2,receive,373387278,2896102
376503279,2,5,receive,373273391,3229888
376503802,154,3,receive,373388709,3115093
376504277,734,1,receive,373389539,3114738
376504762,444,1,receive,373334200,3170562
376505222,436,2,receive,373390018,3115204
376505705,492,2,receive,373390020,3115685
376506178,638,1,receive,373371725,3134453
376506659,366,1,receive,373390145,3116514
376507128,618,2,receive,373390437,3116691
376726894,62,4,receive,373250337,3476557
376727370,774,1,receive,373390624,3336746
376727841,756,1,receive,373390885,3336956
376728324,554,2,receive,373391272,3337052
376728814,196,7,receive,373391318,3337496
376729286,678,1,receive,373391717,3337569
376729763,964,2,receive,373391772,3337991
376730259,724,1,receive,373392160,3338099
376730736,64,4,receive,373354344,3376392
376731200,488,2,receive,373393759,3337441
376976420,798,3,receive,373393968,3582452
376976859,320,4,receive,373394395,3582464
376977309,222,2,receive,373395466,3581843
376977741,778,5,receive,373395541,3582200
376978206,778,6,receive,373395881,3582325
376978649,32,3,receive,373285087,3693562
376979092,206,4,receive,373396720,3582372
376979526,336,1,receive,373396941,3582585
376979976,2,6,receive,373393761,3586215
376980425,766,2,receive,373397603,3582822
377193818,352,1,receive,373355333,3838485
377194277,164,2,receive,373287511,3906766
377194760,434,1,receive,373398867,3795893
377195207,804,1,receive,373398932,3796275
377195664,456,2,receive,373399942,3795722
377196105,612,2,receive,373391742,3804363
377196566,858,1,receive,373343766,3852800
377197023,150,5,receive,373400589,3796434
377197477,560,1,receive,373401198,3796279
377197935,330,1,receive,373400981,3796954
377436547,204,2,receive,373401651,4034896
377437008,564,1,receive,373401672,4035336
377437453,222,3,receive,373402437,4035016
377437913,778,7,receive,373402673,4035240
377438351,230,4,receive,373403215,4035136
377438794,586,1,receive,373403229,4035565
377439242,670,3,receive,373403888,4035354
377439688,982,1,receive,373404064,4035624
377440140,592,2,receive,373404299,4035841
377440574,994,1,receive,373404655,4035919
377663164,554,3,receive,373404704,4258460
377663624,634,4,receive,373405133,4258491
377664071,634,5,receive,373405599,4258472
377664531,426,6,receive,373405950,4258581
377665004,964,3,receive,373407361,4257643
377665453,316,2,receive,373407547,4257906
377665900,844,1,receive,373407892,4258008
377666349,586,2,receive,373408806,4257543
377666813,566,1,receive,373360373,4306440
377667294,482,1,receive,373410119,4257175
377889138,370,1,receive,373410438,4478700
377889592,836,1,receive,373411253,4478339
377890060,836,2,receive,373411872,4478188
377890514,54,2,receive,373411868,4478646
377890997,150,6,receive,373412059,4478938
377891473,252,2,receive,373415349,4476124
377891968,312,3,receive,373415998,4475970
377892419,448,2,receive,373327134,4565285
377892897,238,1,receive,373416159,4476738
378099968,312,4,receive,373416340,4683628
378100406,396,1,receive,373416732,4683674
378100794,868,4,receive,373416750,4684044
378101172,640,2,receive,373417199,4683973
378101606,318,1,receive,373417412,4684194
378101997,746,1,receive,373420030,4681967
378102443,530,2,receive,373420076,4682367
378102822,192,2,receive,373420126,4682696
378103206,810,1,receive,373420516,4682690
378103746,502,1,receive,373422960,4680786
378104181,888,1,receive,373423157,4681024
378325439,892,1,receive,373424788,4900651
378326000,896,1,receive,373425194,4900806
378326448,244,1,receive,373425208,4901240
378326942,924,1,receive,373425571,4901371
378327331,82,3,receive,373387972,4939359
378327710,964,4,receive,373427070,4900640
378328084,300,2,receive,373427165,4900919
378328453,492,3,receive,373427954,4900499
378328845,166,4,receive,373430014,4898831
378329237,332,2,receive,373417168,4912069
378329613,428,1,receive,373430101,4899512
378521178,792,1,receive,373430663,5090515
378521637,450,1,receive,373431662,5089975
378522086,582,2,receive,373432544,5089542
378522539,506,1,receive,373432861,5089678
378523011,538,1,receive,373433495,5089516
378523475,478,1,receive,373433985,5089490
378523929,230,5,receive,373434750,5089179
378524401,498,1,receive,373436296,5088105
378524876,964,5,receive,373438204,5086672
378525403,166,5,receive,373438419,5086984
378718077,300,3,receive,373438927,5279150
378718531,224,1,receive,373439255,5279276
378718974,124,1,receive,373430406,5288568
378719423,486,6,receive,373440016,5279407
378719890,860,1,receive,373336252,5383638
378720319,136,1,receive,373374011,5346308
378720760,258,1,receive,373440131,5280629
378721207,788,1,receive,373440383,5280824
378721719,584,1,receive,373440677,5281042
378896507,860,2,receive,373442319,5454188
378896980,972,3,receive,373442573,5454407
378897438,352,2,receive,373443173,5454265
378897889,598,2,receive,373443786,5454103
378898365,312,5,receive,373444006,5454359
378898850,612,3,receive,373444252,5454598
378899306,868,5,receive,373446264,5453042
378899777,150,7,receive,373447583,5452194
378900243,730,3,receive,373448020,5452223
379081909,964,6,receive,373450038,5631871
379082376,358,1,receive,373450130,5632246
379082814,364,1,receive,373450269,5632545
379083275,430,1,receive,373450892,5632383
379083724,240,1,receive,373451132,5632592
379084184,312,6,receive,373451246,5632938
379084633,656,1,receive,373452049,5632584
379085135,284,2,receive,373428397,5656738
379085588,696,1,receive,373453421,5632167
379086043,362,1,receive,373453682,5632361
379276397,320,5,receive,373453829,5822568
379276865,252,3,receive,373455163,5821702
379277305,274,2,receive,373407508,5869797
379277781,338,2,receive,373455536,5822245
379278239,510,1,receive,373456262,5821977
379278698,730,4,receive,373457374,5821324
379279169,868,6,receive,373457618,5821551
379279624,420,1,receive,373457777,5821847
379280080,456,3,receive,373458002,5822078
379280527,240,2,receive,373458406,5822121
379436368,228,1,receive,373458664,5977704
379436853,404,1,receive,373458775,5978078
