receive_timestamp,source_vehicle,message_id,event_type,send_timestamp,latency_us
18841304710,92,1,receive,18841300736,3974
18841305893,158,1,receive,18841301775,4118
18841307092,34,1,receive,18841301960,5132
18841308601,130,1,receive,18841302267,6334
18841309891,52,1,receive,18841302493,7398
18841497858,28,1,receive,18841302785,195073
18841498194,20,1,receive,18841302921,195273
18841498520,80,1,receive,18841303103,195417
18841498845,36,1,receive,18841304421,194424
18841499174,140,1,receive,18841304658,194516
18841499501,98,1,receive,18841305340,194161
18841499855,154,1,receive,18841309047,190808
18841500227,42,1,receive,18841310243,189984
18841500567,120,1,receive,18841311208,189359
18841500909,54,1,receive,18841311456,189453
18841501250,56,1,receive,18841311654,189596
18841501590,26,1,receive,18841312773,188817
18841502005,86,2,receive,18841317062,184943
18841502371,76,1,receive,18841318245,184126
18841502731,40,1,receive,18841319217,183514
18841503078,140,2,receive,18841322159,180919
18841503427,84,1,receive,18841323743,179684
18841503806,66,1,receive,18841324019,179787
18841504153,70,1,receive,18841326788,177365
18841504499,70,2,receive,18841327272,177227
18841504839,34,2,receive,18841328992,175847
18841505178,100,1,receive,18841329814,175364
18841505517,136,1,receive,18841330056,175461
18841505906,126,1,receive,18841330084,175822
18841506308,96,1,receive,18841331263,175045
18841743254,96,2,receive,18841331899,411355
18841743647,140,3,receive,18841332856,410791
18841744037,102,1,receive,18841332884,411153
18841744422,122,1,receive,18841333860,410562
18841744812,76,2,receive,18841334009,410803
18841745208,120,2,receive,18841334414,410794
18841745591,118,1,receive,18841335105,410486
18841745969,118,2,receive,18841335873,410096
18841746376,140,4,receive,18841337258,409118
18841746759,138,1,receive,18841338523,408236
18841747151,120,3,receive,18841338815,408336
18841900229,56,2,receive,18841339254,560975
18841900617,28,2,receive,18841340023,560594
18841901006,80,2,receive,18841341130,559876
18841901398,6,1,receive,18841341213,560185
18841901788,34,3,receive,18841341509,560279
18841902200,86,3,receive,18841341639,560561
18841902612,38,1,receive,18841341795,560817
18841903117,86,4,receive,18841342029,561088
18841903776,118,3,receive,18841342899,560877
18841904169,140,5,receive,18841345630,558539
18841904560,76,3,receive,18841345913,558647
18841970115,64,1,receive,18841346302,623813
18841970499,10,1,receive,18841346504,623995
18841970881,92,2,receive,18841347742,623139
18841971275,52,2,receive,18841348572,622703
18841971661,140,6,receive,18841348951,622710
18841972053,142,1,receive,18841349378,622675
18841972440,54,2,receive,18841349713,622727
18841972832,120,4,receive,18841350221,622611
18841973232,16,1,receive,18841352218,621014
18841973635,48,1,receive,18841352766,620869
18841974035,8,1,receive,18841353060,620975
18841974463,110,1,receive,18841353267,621196
18842083968,86,5,receive,18841353353,730615
18842084414,158,2,receive,18841354631,729783
18842084922,50,1,receive,18841354700,730222
18842085363,36,2,receive,18841354783,730580
18842085830,154,2,receive,18841355166,730664
18842086276,76,4,receive,18841355306,730970
18842086731,156,1,receive,18841356683,730048
18842087209,20,2,receive,18841357182,730027
18842087661,40,2,receive,18841357689,729972
18842088116,24,1,receive,18841357913,730203
18842127740,192,1,receive,18841358295,769445
18842128201,26,2,receive,18841359280,768921
18842128674,66,2,receive,18841359433,769241
18842129119,30,1,receive,18841360804,768315
18842129574,150,1,receive,18841360895,768679
18842130023,96,3,receive,18841361211,768812
18842130523,132,1,receive,18841361305,769218
18842131002,42,2,receive,18841362809,768193
18842131639,46,1,receive,18841362920,768719
18842132097,114,1,receive,18841364200,767897
18842183420,88,1,receive,18841364557,818863
18842183876,20,3,receive,18841365456,818420
18842184324,96,4,receive,18841365704,818620
18842184768,84,2,receive,18841366799,817969
18842185208,40,3,receive,18841366904,818304
18842185672,120,5,receive,18841367514,818158
18842186140,136,2,receive,18841367664,818476
18842186591,2,1,receive,18841369372,817219
18842187038,80,3,receive,18841369642,817396
18842187498,34,4,receive,18841370016,817482
18842232061,112,1,receive,18841370738,861323
18842232513,78,1,receive,18841372617,859896
18842232980,104,1,receive,18841373015,859965
18842233425,98,2,receive,18841373202,860223
18842233868,184,1,receive,18841373484,860384
18842234359,180,1,receive,18841374003,860356
18842234867,86,6,receive,18841374688,860179
18842235363,60,1,receive,18841375025,860338
18842235854,12,1,receive,18841375431,860423
18842236339,128,1,receive,18841376126,860213
18842236845,136,3,receive,18841376934,859911
18842284041,80,4,receive,18841377901,906140
18842284498,154,3,receive,18841378095,906403
18842284950,126,2,receive,18841378314,906636
18842285407,192,2,receive,18841378700,906707
18842285874,190,1,receive,18841380050,905824
18842286324,124,1,receive,18841380566,905758
18842286765,6,2,receive,18841380910,905855
18842287209,28,3,receive,18841381006,906203
18842287667,146,1,receive,18841381406,906261
18842288093,166,1,receive,18841381576,906517
18842288535,144,1,receive,18841381709,906826
18842331197,62,1,receive,18841382102,949095
18842331691,134,1,receive,18841382195,949496
18842332133,140,7,receive,18841382284,949849
18842332588,164,1,receive,18841382545,950043
18842333035,36,3,receive,18841383315,949720
18842333491,76,5,receive,18841383766,949725
18842333942,76,6,receive,18841383973,949969
18842334398,106,1,receive,18841384342,950056
18842334874,38,2,receive,18841384942,949932
18842335330,102,2,receive,18841385390,949940
18842372844,122,2,receive,18841385759,987085
18842373343,188,1,receive,18841385938,987405
18842373832,92,3,receive,18841386262,987570
18842374341,170,1,receive,18841388448,985893
18842374842,52,3,receive,18841389199,985643
18842375287,6,3,receive,18841390009,985278
18842375792,152,1,receive,18841390024,985768
18842376249,28,4,receive,18841391342,984907
18842376736,156,2,receive,18841392769,983967
18842377228,14,1,receive,18841394788,982440
18842418808,56,3,receive,18841394879,1023929
18842419268,154,4,receive,18841395438,1023830
18842419714,6,4,receive,18841396300,1023414
18842420167,86,7,receive,18841396895,1023272
18842420610,54,3,receive,18841397175,1023435
18842421048,126,3,receive,18841398254,1022794
18842421494,156,3,receive,18841398552,1022942
18842421937,120,6,receive,18841398863,1023074
18842422390,36,4,receive,18841399133,1023257
18842422830,42,3,receive,18841399372,1023458
18842423287,70,3,receive,18841399851,1023436
18842465584,48,2,receive,18841400154,1065430
18842466035,118,4,receive,18841400269,1065766
18842466499,158,3,receive,18841402023,1064476
18842466954,178,1,receive,18841402480,1064474
18842467403,70,4,receive,18841404117,1063286
18842467843,84,3,receive,18841404244,1063599
18842468291,146,2,receive,18841404704,1063587
18842468732,138,2,receive,18841405178,1063554
18842469174,26,3,receive,18841405602,1063572
18842469615,120,7,receive,18841406062,1063553
18842470077,76,7,receive,18841406334,1063743
18842470526,80,5,receive,18841407310,1063216
18842470967,136,4,receive,18841408450,1062517
18842471410,118,5,receive,18841409639,1061771
18842471864,74,1,receive,18841409941,1061923
18842472342,34,5,receive,18841409983,1062359
18842518851,192,3,receive,18841410163,1108688
18842519358,40,4,receive,18841410392,1108966
18842519807,122,3,receive,18841410490,1109317
18842520323,142,2,receive,18841410654,1109669
18842520814,86,8,receive,18841411176,1109638
18842521258,6,5,receive,18841411424,1109834
18842521750,144,2,receive,18841411857,1109893
18842522202,16,2,receive,18841412216,1109986
18842522647,180,2,receive,18841412571,1110076
18842523103,150,2,receive,18841412613,1110490
18842571240,94,1,receive,18841412614,1158626
18842571748,64,2,receive,18841413663,1158085
18842572291,126,4,receive,18841415105,1157186
18842572749,38,3,receive,18841415464,1157285
18842573232,96,5,receive,18841415720,1157512
18842573727,194,1,receive,18841415814,1157913
18842574169,200,1,receive,18841415786,1158383
18842574660,98,3,receive,18841416110,1158550
18842575097,158,4,receive,18841416244,1158853
18842575548,114,2,receive,18841417053,1158495
18842612354,66,3,receive,18841417220,1195134
18842612826,46,2,receive,18841417578,1195248
18842613283,120,8,receive,18841418274,1195009
18842613739,36,5,receive,18841418363,1195376
18842614214,136,5,receive,18841418779,1195435
18842614656,46,3,receive,18841419594,1195062
18842615111,56,4,receive,18841419746,1195365
18842615549,122,4,receive,18841419853,1195696
18842615998,188,2,receive,18841420914,1195084
18842616445,162,1,receive,18841420931,1195514
18842658942,152,2,receive,18841421553,1237389
18842659398,52,4,receive,18841421620,1237778
18842659864,102,3,receive,18841422110,1237754
18842660329,76,8,receive,18841422313,1238016
18842660783,26,4,receive,18841423914,1236869
18842661262,140,8,receive,18841424670,1236592
18842661707,176,1,receive,18841425565,1236142
18842662162,84,4,receive,18841425678,1236484
18842662607,164,2,receive,18841427217,1235390
18842663061,168,2,receive,18841427524,1235537
18842705047,172,1,receive,18841427625,1277422
18842705541,158,5,receive,18841428464,1277077
18842705998,132,2,receive,18841428579,1277419
18842706502,118,6,receive,18841429393,1277109
18842706956,150,3,receive,18841429975,1276981
18842707415,140,9,receive,18841430860,1276555
18842707865,140,10,receive,18841431015,1276850
18842708312,64,3,receive,18841431338,1276974
18842708766,28,5,receive,18841431670,1277096
18842709212,78,2,receive,18841433479,1275733
18842750523,186,1,receive,18841434160,1316363
18842750982,184,2,receive,18841434274,1316708
18842751429,106,2,receive,18841434815,1316614
18842751887,46,4,receive,18841435295,1316592
18842752325,6,6,receive,18841435479,1316846
18842752771,64,4,receive,18841435682,1317089
18842753219,30,2,receive,18841436304,1316915
18842753669,92,4,receive,18841436913,1316756
18842754138,132,3,receive,18841439057,1315081
18842754648,112,2,receive,18841439377,1315271
18842755149,60,2,receive,18841440018,1315131
18842807743,122,5,receive,18841440303,1367440
18842808197,110,2,receive,18841440292,1367905
18842808707,200,2,receive,18841440539,1368168
18842809165,102,4,receive,18841440645,1368520
18842809660,174,1,receive,18841441323,1368337
18842810117,22,1,receive,18841442093,1368024
18842810632,168,3,receive,18841442346,1368286
18842811147,76,9,receive,18841442614,1368533
18842811596,180,3,receive,18841442729,1368867
18842812090,154,5,receive,18841442939,1369151
18842812583,194,2,receive,18841443033,1369550
18842813051,14,2,receive,18841444078,1368973
18842860090,84,5,receive,18841444999,1415091
18842860566,140,11,receive,18841445235,1415331
18842861077,170,2,receive,18841445630,1415447
18842861548,168,1,receive,18841393182,1468366
18842862052,70,5,receive,18841447520,1414532
18842862501,94,2,receive,18841448245,1414256
18842862976,138,3,receive,18841448355,1414621
18842863431,152,3,receive,18841448425,1415006
18842863903,158,6,receive,18841449746,1414157
18842864388,156,4,receive,18841449772,1414616
18842901647,42,4,receive,18841450340,1451307
18842902107,26,5,receive,18841451198,1450909
18842902563,16,3,receive,18841451391,1451172
18842903045,80,6,receive,18841452503,1450542
18842903507,66,4,receive,18841453576,1449931
18842903964,66,5,receive,18841453741,1450223
18842904418,24,2,receive,18841448067,1456351
18842904889,158,7,receive,18841453944,1450945
18842905340,88,2,receive,18841453971,1451369
18842905789,54,4,receive,18841454004,1451785
18842906237,104,2,receive,18841454291,1451946
18842906701,178,2,receive,18841454596,1452105
18842907157,48,3,receive,18841454817,1452340
18842950119,4,1,receive,18841455267,1494852
18842950574,162,2,receive,18841455911,1494663
18842951027,136,6,receive,18841456378,1494649
18842951491,132,4,receive,18841458545,1492946
18842951953,116,1,receive,18841458675,1493278
18842952406,80,7,receive,18841458793,1493613
18842952857,38,4,receive,18841459804,1493053
18842953326,114,3,receive,18841460010,1493316
18842953786,80,8,receive,18841460010,1493776
18842954237,30,3,receive,18841460014,1494223
18843001475,46,5,receive,18841460061,1541414
18843001935,124,2,receive,18841460306,1541629
18843002399,144,3,receive,18841460404,1541995
18843002873,86,9,receive,18841460496,1542377
18843003350,36,6,receive,18841460778,1542572
18843003810,36,7,receive,18841460926,1542884
18843004273,102,5,receive,18841460907,1543366
18843004728,34,6,receive,18841461034,1543694
18843005192,92,5,receive,18841461229,1543963
18843005661,76,10,receive,18841461908,1543753
18843006134,142,3,receive,18841462051,1544083
18843054606,40,5,receive,18841462518,1592088
18843055023,96,6,receive,18841462581,1592442
18843055473,146,3,receive,18841445866,1609607
18843055892,186,2,receive,18841464273,1591619
18843056315,56,5,receive,18841464548,1591767
18843056750,52,5,receive,18841465177,1591573
18843057180,142,4,receive,18841465292,1591888
18843057627,146,4,receive,18841465413,1592214
18843058058,70,6,receive,18841465807,1592251
18843058519,164,3,receive,18841466073,1592446
18843106489,56,6,receive,18841466766,1639723
18843106935,120,9,receive,18841467642,1639293
18843107367,118,7,receive,18841467833,1639534
18843107799,116,2,receive,18841468028,1639771
18843108239,48,4,receive,18841469240,1638999
18843108681,150,4,receive,18841469460,1639221
18843109106,114,4,receive,18841470010,1639096
18843109544,122,6,receive,18841470009,1639535
18843109977,24,3,receive,18841470696,1639281
18843137156,14,3,receive,18841472058,1665098
18843137782,164,4,receive,18841472296,1665486
18843138335,106,3,receive,18841472359,1665976
18843138826,64,5,receive,18841473159,1665667
18843139354,66,6,receive,18841473980,1665374
18843139845,12,2,receive,18841474171,1665674
18843140275,4,2,receive,18841474744,1665531
18843140704,76,11,receive,18841475188,1665516
18843141143,184,3,receive,18841475362,1665781
18843141564,14,4,receive,18841475441,1666123
18843142011,88,3,receive,18841475477,1666534
18843142447,28,6,receive,18841475984,1666463
18843202654,58,1,receive,18841477068,1725586
18843203135,12,3,receive,18841477429,1725706
18843203613,168,4,receive,18841477870,1725743
18843204096,112,3,receive,18841478966,1725130
18843204558,188,3,receive,18841480010,1724548
18843205008,94,3,receive,18841480009,1724999
18843205513,176,2,receive,18841480316,1725197
18843206029,38,5,receive,18841482074,1723955
18843206545,156,5,receive,18841482489,1724056
18843207049,106,4,receive,18841482810,1724239
18843207598,180,4,receive,18841483696,1723902
18843255287,134,2,receive,18841454589,1800698
18843255766,172,2,receive,18841484065,1771701
18843256231,180,5,receive,18841484890,1771341
18843256698,102,6,receive,18841485708,1770990
18843257218,78,3,receive,18841485852,1771366
18843257769,134,3,receive,18841485922,1771847
18843258283,106,5,receive,18841486074,1772209
18843258835,38,6,receive,18841486237,1772598
18843259355,92,6,receive,18841486565,1772790
18843259858,26,6,receive,18841486611,1773247
18843308596,92,7,receive,18841486773,1821823
18843309142,36,8,receive,18841487170,1821972
18843309658,124,3,receive,18841487563,1822095
18843310125,24,4,receive,18841487568,1822557
18843310639,16,4,receive,18841490023,1820616
18843311124,150,5,receive,18841490256,1820868
18843311581,48,5,receive,18841490373,1821208
18843312037,118,8,receive,18841490458,1821579
18843312491,84,6,receive,18841491411,1821080
18843312960,48,6,receive,18841491606,1821354
18843313414,146,5,receive,18841491771,1821643
18843360956,162,3,receive,18841492037,1868919
18843361424,28,7,receive,18841493230,1868194
18843361921,34,7,receive,18841493323,1868598
18843362393,154,6,receive,18841493365,1869028
18843362850,76,12,receive,18841493501,1869349
18843363307,186,3,receive,18841493599,1869708
18843363770,140,12,receive,18841493723,1870047
18843364236,40,6,receive,18841493863,1870373
18843364692,4,3,receive,18841494259,1870433
18843365218,38,7,receive,18841494423,1870795
18843365668,40,7,receive,18841495035,1870633
18843366157,54,5,receive,18841495395,1870762
18843408698,96,7,receive,18841496054,1912644
18843409183,42,5,receive,18841496142,1913041
18843409638,134,4,receive,18841497883,1911755
18843410112,12,4,receive,18841498154,1911958
18843410569,174,2,receive,18841498346,1912223
18843411018,48,7,receive,18841498843,1912175
18843411497,136,7,receive,18841498920,1912577
18843411969,132,5,receive,18841499405,1912564
18843412439,186,4,receive,18841499788,1912651
18843412907,120,10,receive,18841499893,1913014
18843454925,178,3,receive,18841500596,1954329
18843455525,26,7,receive,18841500840,1954685
18843456156,124,4,receive,18841500880,1955276
18843456979,140,13,receive,18841500933,1956046
18843457542,74,2,receive,18841471475,1986067
18843458255,96,8,receive,18841501222,1957033
18843458817,178,4,receive,18841501778,1957039
18843459319,86,10,receive,18841501849,1957470
18843459876,138,4,receive,18841502033,1957843
18843460394,172,3,receive,18841502322,1958072
18843461032,158,8,receive,18841502289,1958743
18843513177,168,5,receive,18841502511,2010666
18843513699,134,5,receive,18841503120,2010579
18843514250,122,7,receive,18841504033,2010217
18843514761,70,7,receive,18841505238,2009523
18843515375,96,9,receive,18841505408,2009967
18843516106,128,2,receive,18841451092,2065014
18843516648,14,5,receive,18841506824,2009824
18843517264,80,9,receive,18841507479,2009785
18843517940,128,3,receive,18841508148,2009792
18843518487,28,8,receive,18841508538,2009949
18843519005,2,2,receive,18841478221,2040784
18843519594,64,6,receive,18841510539,2009055
18843572123,26,8,receive,18841511030,2061093
18843572628,154,7,receive,18841511583,2061045
18843573214,4,4,receive,18841511611,2061603
18843573764,118,9,receive,18841511777,2061987
18843574281,30,4,receive,18841512035,2062246
18843574794,94,4,receive,18841512680,2062114
18843575318,114,5,receive,18841512876,2062442
18843575875,46,6,receive,18841514651,2061224
18843576404,88,4,receive,18841514878,2061526
18843576919,124,5,receive,18841514983,2061936
18843577447,8,2,receive,18841515097,2062350
18843615042,8,3,receive,18841515283,2099759
18843615507,184,4,receive,18841515603,2099904
18843615971,114,6,receive,18841516092,2099879
18843616481,116,3,receive,18841508921,2107560
18843616951,128,4,receive,18841516592,2100359
18843617407,114,7,receive,18841517257,2100150
18843617864,122,8,receive,18841518240,2099624
18843618381,24,5,receive,18841518855,2099526
18843618847,140,14,receive,18841519145,2099702
18843619342,162,4,receive,18841520028,2099314
18843664095,86,11,receive,18841520079,2144016
18843664587,76,13,receive,18841520782,2143805
18843665052,64,7,receive,18841520789,2144263
18843665617,180,6,receive,18841521117,2144500
18843666174,48,8,receive,18841521129,2145045
18843666811,96,10,receive,18841521628,2145183
18843667351,174,3,receive,18841522068,2145283
18843667897,70,8,receive,18841522470,2145427
18843668475,136,8,receive,18841524167,2144308
18843669037,164,5,receive,18841524328,2144709
18843669554,42,6,receive,18841524508,2145046
18843670074,192,5,receive,18841524910,2145164
18843713578,156,6,receive,18841525765,2187813
18843714043,128,5,receive,18841526827,2187216
18843714513,178,5,receive,18841526988,2187525
18843714966,118,10,receive,18841528989,2185977
18843715419,84,7,receive,18841529671,2185748
18843715871,150,6,receive,18841531116,2184755
18843716342,40,8,receive,18841531365,2184977
18843716878,146,6,receive,18841531387,2185491
18843717332,38,8,receive,18841531695,2185637
18843717794,188,4,receive,18841531881,2185913
18843759594,42,7,receive,18841532761,2226833
18843760069,120,11,receive,18841533253,2226816
18843760555,188,5,receive,18841534140,2226415
18843761012,78,4,receive,18841535175,2225837
18843761464,114,8,receive,18841535472,2225992
18843761916,24,6,receive,18841536082,2225834
18843762380,76,14,receive,18841537023,2225357
18843762831,150,7,receive,18841537333,2225498
18843763280,148,1,receive,18841537877,2225403
18843807960,96,11,receive,18841537926,2270034
18843808428,168,6,receive,18841538653,2269775
18843808904,154,8,receive,18841538835,2270069
18843809363,134,6,receive,18841539377,2269986
18843809829,134,7,receive,18841539530,2270299
18843810296,34,8,receive,18841539584,2270712
18843810780,106,6,receive,18841537066,2273714
18843811265,192,6,receive,18841540292,2270973
18843811754,70,9,receive,18841540685,2271069
18843812209,128,6,receive,18841542078,2270131
18843854831,172,4,receive,18841542152,2312679
18843855295,46,7,receive,18841543130,2312165
18843855752,28,9,receive,18841543860,2311892
18843856219,34,9,receive,18841543855,2312364
18843856690,84,8,receive,18841544085,2312605
18843857154,118,11,receive,18841544269,2312885
18843857618,162,5,receive,18841544304,2313314
18843858110,30,5,receive,18841544287,2313823
18843858579,166,2,receive,18841389871,2468708
18843859038,158,9,receive,18841544666,2314372
18843859505,134,8,receive,18841544681,2314824
18843903460,54,6,receive,18841545284,2358176
18843903954,158,10,receive,18841545832,2358122
18843904408,164,6,receive,18841546640,2357768
18843904860,180,7,receive,18841547371,2357489
18843905316,108,1,receive,18841548209,2357107
18843905780,138,5,receive,18841549309,2356471
18843906235,14,6,receive,18841549873,2356362
18843906734,20,4,receive,18841411866,2494868
18843907191,64,8,receive,18841550149,2357042
18843907658,44,1,receive,18841550178,2357480
18843954570,120,12,receive,18841551474,2403096
18843955101,192,7,receive,18841551593,2403508
18843955622,70,10,receive,18841551916,2403706
18843956143,28,10,receive,18841552038,2404105
18843956618,122,9,receive,18841554838,2401780
18843957078,80,10,receive,18841555980,2401098
18843957539,116,4,receive,18841556215,2401324
18843958103,28,11,receive,18841556211,2401892
18843958761,84,9,receive,18841556371,2402390
18843959331,2,3,receive,18841557184,2402147
18844000896,82,1,receive,18841558026,2442870
18844001401,76,15,receive,18841558303,2443098
18844001864,26,9,receive,18841558407,2443457
18844002317,24,7,receive,18841559341,2442976
18844002833,46,8,receive,18841559425,2443408
18844003328,164,7,receive,18841559861,2443467
18844003797,8,4,receive,18841561406,2442391
18844004295,184,5,receive,18841562656,2441639
18844004742,132,6,receive,18841562754,2441988
18844049933,140,15,receive,18841563520,2486413
18844050457,42,8,receive,18841564149,2486308
18844051029,70,11,receive,18841565166,2485863
18844051548,146,7,receive,18841565743,2485805
18844052117,154,9,receive,18841566112,2486005
18844052672,4,5,receive,18841566381,2486291
18844053189,10,2,receive,18841418508,2634681
18844053745,150,8,receive,18841566586,2487159
18844054251,48,9,receive,18841566973,2487278
18844092080,174,4,receive,18841567347,2524733
18844092539,44,2,receive,18841568500,2524039
18844093007,128,7,receive,18841569375,2523632
18844093460,26,10,receive,18841569620,2523840
18844093936,38,9,receive,18841569937,2523999
18844094394,182,1,receive,18841570033,2524361
18844094872,106,7,receive,18841571337,2523535
18844095338,178,6,receive,18841571376,2523962
18844095813,136,9,receive,18841572649,2523164
18844096268,40,9,receive,18841572703,2523565
18844138826,56,7,receive,18841517272,2621554
18844139328,144,4,receive,18841520012,2619316
18844139793,118,12,receive,18841573531,2566262
18844140273,46,9,receive,18841573738,2566535
18844140746,158,11,receive,18841574102,2566644
18844141239,90,1,receive,18841574373,2566866
18844141715,4,6,receive,18841574591,2567124
18844142178,26,11,receive,18841574804,2567374
18844142635,78,5,receive,18841576557,2566078
18844143105,10,3,receive,18841576599,2566506
18844189499,30,6,receive,18841576676,2612823
18844189981,98,4,receive,18841456372,2733609
18844190452,98,5,receive,18841576897,2613555
18844190929,118,13,receive,18841577732,2613197
18844191398,48,10,receive,18841578237,2613161
18844191875,96,12,receive,18841578330,2613545
18844192343,2,4,receive,18841579521,2612822
18844192817,154,10,receive,18841580007,2612810
18844193284,190,2,receive,18841510019,2683265
18844193749,174,5,receive,18841580547,2613202
18844194226,120,13,receive,18841580710,2613516
18844242671,42,9,receive,18841582362,2660309
18844243152,162,6,receive,18841584118,2659034
18844243607,154,11,receive,18841585203,2658404
18844244082,2,5,receive,18841585782,2658300
18844244541,46,10,receive,18841586072,2658469
18844244996,132,7,receive,18841586073,2658923
18844245448,80,11,receive,18841586319,2659129
18844245935,64,9,receive,18841587566,2658369
18844246407,94,5,receive,18841557061,2689346
18844246894,168,7,receive,18841588195,2658699
18844247349,34,10,receive,18841588292,2659057
18844247823,114,9,receive,18841577858,2669965
18844248305,82,2,receive,18841589429,2658876
18844248768,82,3,receive,18841589609,2659159
18844292378,112,4,receive,18841493445,2798933
18844292855,54,7,receive,18841590647,2702208
18844293357,150,9,receive,18841591095,2702262
18844293832,96,13,receive,18841591578,2702254
18844294301,82,4,receive,18841591844,2702457
18844294757,196,1,receive,18841591887,2702870
18844295210,162,7,receive,18841592278,2702932
18844295659,178,7,receive,18841592466,2703193
18844296134,162,8,receive,18841593439,2702695
18844296597,166,3,receive,18841593950,2702647
18844297060,38,10,receive,18841594243,2702817
18844339507,112,5,receive,18841594477,2745030
18844340048,174,6,receive,18841594750,2745298
18844340518,70,12,receive,18841595721,2744797
18844340969,174,7,receive,18841596903,2744066
18844341434,60,3,receive,18841488048,2853386
18844341911,130,2,receive,18841332370,3009541
18844342378,134,9,receive,18841598435,2743943
18844342840,116,5,receive,18841598645,2744195
18844343312,14,7,receive,18841599297,2744015
18844343783,28,12,receive,18841599498,2744285
18844390080,28,13,receive,18841599654,2790426
18844390555,138,6,receive,18841599874,2790681
18844391091,146,8,receive,18841599885,2791206
18844391562,146,9,receive,18841600075,2791487
18844392092,140,16,receive,18841600882,2791210
18844392555,122,10,receive,18841601136,2791419
18844393071,14,8,receive,18841601473,2791598
18844393573,76,16,receive,18841601874,2791699
18844394027,26,12,receive,18841601983,2792044
18844394508,192,8,receive,18841602249,2792259
18844449123,128,8,receive,18841602719,2846404
18844449583,96,14,receive,18841602857,2846726
18844450070,128,9,receive,18841602922,2847148
18844450508,150,10,receive,18841603277,2847231
18844450946,122,11,receive,18841603429,2847517
18844451408,116,6,receive,18841603814,2847594
18844451846,56,8,receive,18841604020,2847826
18844452298,140,17,receive,18841604135,2848163
18844452739,24,8,receive,18841605910,2846829
18844453177,122,12,receive,18841607661,2845516
18844453629,186,5,receive,18841524036,2929593
18844454071,184,6,receive,18841608202,2845869
18844454510,132,8,receive,18841608378,2846132
18844454947,36,9,receive,18841535781,2919166
18844509263,64,10,receive,18841609526,2899737
18844509776,112,6,receive,18841609804,2899972
18844510349,142,5,receive,18841499817,3010532
18844510827,44,3,receive,18841609890,2900937
18844511344,104,3,receive,18841509649,3001695
18844511800,8,5,receive,18841611055,2900745
18844512269,146,10,receive,18841611300,2900969
18844512728,8,6,receive,18841612305,2900423
18844513183,44,4,receive,18841613081,2900102
18844513645,120,14,receive,18841613134,2900511
18844514134,6,7,receive,18841467879,3046255
18844514605,78,6,receive,18841613968,2900637
18844555998,68,1,receive,18841614228,2941770
18844556464,146,11,receive,18841615470,2940994
18844556995,24,9,receive,18841616099,2940896
18844557458,140,18,receive,18841616320,2941138
18844557963,134,10,receive,18841616670,2941293
18844558468,54,8,receive,18841616954,2941514
18844558937,194,3,receive,18841492562,3066375
18844559457,192,4,receive,18841466300,3093157
18844559983,136,10,receive,18841619025,2940958
18844560439,46,11,receive,18841619468,2940971
18844607328,126,5,receive,18841433446,3173882
18844607993,158,12,receive,18841621580,2986413
18844608596,78,7,receive,18841622119,2986477
18844609095,166,4,receive,18841622271,2986824
18844609594,130,3,receive,18841622963,2986631
18844610091,98,6,receive,18841623227,2986864
18844610563,30,7,receive,18841624208,2986355
18844611026,132,9,receive,18841624692,2986334
18844611490,190,3,receive,18841625080,2986410
18844658946,96,15,receive,18841625129,3033817
18844659418,118,14,receive,18841625155,3034263
18844659880,124,6,receive,18841544081,3115799
18844660409,168,8,receive,18841625747,3034662
18844660873,106,8,receive,18841626172,3034701
18844661366,104,4,receive,18841626236,3035130
18844661830,184,7,receive,18841626464,3035366
18844662299,14,9,receive,18841626725,3035574
18844662767,38,11,receive,18841627627,3035140
18844663252,178,8,receive,18841627759,3035493
18844706438,42,10,receive,18841629756,3076682
18844706977,10,4,receive,18841630008,3076969
18844707445,162,9,receive,18841630808,3076637
18844707909,14,10,receive,18841630907,3077002
18844708365,138,7,receive,18841631178,3077187
18844708838,44,5,receive,18841631384,3077454
18844709295,154,12,receive,18841631539,3077756
18844709756,192,9,receive,18841633530,3076226
18844710247,34,11,receive,18841633706,3076541
18844710734,38,12,receive,18841635776,3074958
18844753174,80,12,receive,18841635817,3117357
18844753698,132,10,receive,18841635962,3117736
18844754170,14,11,receive,18841636058,3118112
18844754682,158,13,receive,18841636768,3117914
18844755163,26,13,receive,18841637182,3117981
18844755727,114,10,receive,18841637372,3118355
18844756181,102,7,receive,18841537843,3218338
18844756639,96,16,receive,18841638378,3118261
18844757103,96,17,receive,18841638584,3118519
18844757590,36,10,receive,18841638591,3118999
18844804568,60,4,receive,18841638825,3165743
18844805063,64,11,receive,18841638839,3166224
18844805596,48,11,receive,18841639009,3166587
18844806301,82,5,receive,18841639206,3167095
18844806757,160,1,receive,18841639352,3167405
18844807243,30,8,receive,18841639485,3167758
18844807705,140,19,receive,18841639526,3168179
18844808169,22,2,receive,18841524382,3283787
18844808707,170,3,receive,18841477321,3331386
18844878170,8,7,receive,18841640654,3237516
18844878756,166,5,receive,18841641497,3237259
18844879247,154,13,receive,18841641715,3237532
18844879724,112,7,receive,18841642235,3237489
18844880217,146,12,receive,18841642736,3237481
18844880679,30,9,receive,18841643674,3237005
18844881321,116,7,receive,18841643883,3237438
18844881788,122,13,receive,18841644032,3237756
18844882248,130,4,receive,18841644181,3238067
18844882710,114,11,receive,18841645541,3237169
18844910999,150,11,receive,18841645893,3265106
18844911537,142,6,receive,18841646053,3265484
18844912018,74,3,receive,18841544086,3367932
18844912580,54,9,receive,18841646286,3266294
18844913367,52,6,receive,18841512631,3400736
18844913872,166,6,receive,18841646753,3267119
18844914343,158,14,receive,18841646942,3267401
18844914798,76,17,receive,18841647204,3267594
18844915249,132,11,receive,18841648242,3267007
18844915705,28,14,receive,18841649052,3266653
18845033270,22,3,receive,18841649886,3383384
18845034849,100,2,receive,18841369790,3665059
18845036311,86,12,receive,18841549382,3486929
18845038738,104,5,receive,18841650583,3388155
18845041525,142,7,receive,18841651232,3390293
18845043561,120,15,receive,18841651893,3391668
18845045971,118,15,receive,18841652429,3393542
18845048385,136,11,receive,18841653291,3395094
18845050893,140,20,receive,18841653792,3397101
18845053281,126,6,receive,18841653949,3399332
18845055663,28,15,receive,18841654258,3401405
18845057944,48,12,receive,18841655293,3402651
18845060415,116,8,receive,18841656211,3404204
18845063057,194,4,receive,18841656437,3406620
18845065596,44,6,receive,18841656647,3408949
18845068001,48,13,receive,18841657511,3410490
18845070670,158,15,receive,18841658145,3412525
18845073030,46,12,receive,18841659816,3413214
18845075377,36,11,receive,18841660988,3414389
18845077578,6,8,receive,18841661968,3415610
18845084357,190,4,receive,18841662468,3421889
18845084876,118,16,receive,18841662614,3422262
18845085339,102,8,receive,18841664379,3420960
18845085805,106,9,receive,18841664534,3421271
18845086265,112,8,receive,18841665521,3420744
18845086787,154,14,receive,18841665902,3420885
18845087228,60,5,receive,18841666202,3421026
18845087698,80,13,receive,18841666381,3421317
18845088158,162,10,receive,18841667086,3421072
18845088615,100,3,receive,18841667245,3421370
18845129578,184,8,receive,18841667787,3461791
18845130065,104,6,receive,18841667833,3462232
18845130547,184,9,receive,18841667983,3462564
18845131027,42,11,receive,18841668104,3462923
18845131493,112,9,receive,18841668761,3462732
18845131960,118,17,receive,18841669760,3462200
18845132426,138,8,receive,18841670480,3461946
18845132908,96,18,receive,18841670935,3461973
18845133378,96,19,receive,18841671119,3462259
18845133845,10,5,receive,18841671389,3462456
18845134315,106,10,receive,18841671696,3462619
18845134836,98,7,receive,18841672527,3462309
18845135307,118,18,receive,18841673931,3461376
18845173248,34,12,receive,18841674075,3499173
18845173723,102,9,receive,18841674644,3499079
18845174168,190,5,receive,18841674718,3499450
18845174642,120,16,receive,18841675074,3499568
18845175127,30,10,receive,18841675063,3500064
18845175596,100,4,receive,18841675452,3500144
18845176067,80,14,receive,18841676143,3499924
18845176530,118,19,receive,18841677132,3499398
18845177010,150,12,receive,18841677171,3499839
18845177474,48,14,receive,18841677371,3500103
18845177941,76,18,receive,18841677472,3500469
18845178458,170,4,receive,18841677614,3500844
18845178936,184,10,receive,18841678197,3500739
18845179416,64,12,receive,18841678270,3501146
18845179879,28,16,receive,18841678595,3501284
18845207721,18,1,receive,18841679593,3528128
18845208187,68,2,receive,18841641526,3566661
18845208656,134,11,receive,18841646934,3561722
18845209135,6,9,receive,18841680190,3528945
18845209607,36,12,receive,18841680327,3529280
18845210082,198,1,receive,18841680913,3529169
18845210552,112,10,receive,18841681015,3529537
18845211031,34,13,receive,18841681236,3529795
18845211495,26,14,receive,18841681561,3529934
18845211969,10,6,receive,18841681583,3530386
18845254281,132,12,receive,18841681666,3572615
18845254750,36,13,receive,18841683581,3571169
18845255256,100,5,receive,18841683659,3571597
18845255722,54,10,receive,18841683696,3572026
18845256191,8,8,receive,18841684301,3571890
18845256664,162,11,receive,18841684373,3572291
18845257126,200,3,receive,18841478907,3778219
18845257603,126,7,receive,18841684580,3573023
18845258082,98,8,receive,18841684736,3573346
18845258548,140,21,receive,18841685036,3573512
18845294634,32,1,receive,18841685113,3609521
18845295130,38,13,receive,18841685203,3609927
18845295592,114,12,receive,18841685903,3609689
18845296055,190,6,receive,18841685999,3610056
18845296506,80,15,receive,18841686387,3610119
18845296975,66,7,receive,18841513223,3783752
18845297432,96,20,receive,18841686434,3610998
18845297968,162,12,receive,18841686521,3611447
18845298439,114,13,receive,18841687084,3611355
18845298945,128,10,receive,18841626169,3672776
18845299418,34,14,receive,18841687437,3611981
18845336547,128,11,receive,18841689253,3647294
18845337037,108,2,receive,18841587673,3749364
18845337518,176,3,receive,18841512925,3824593
18845338004,68,3,receive,18841690190,3647814
18845338471,154,15,receive,18841690334,3648137
18845338935,136,12,receive,18841690573,3648362
18845339403,130,5,receive,18841690581,3648822
18845339876,76,19,receive,18841690725,3649151
18845340345,96,21,receive,18841690695,3649650
18845340820,36,14,receive,18841690817,3650003
18845385527,74,4,receive,18841691162,3694365
18845386017,52,7,receive,18841692736,3693281
18845386493,26,15,receive,18841692795,3693698
18845386953,200,4,receive,18841693632,3693321
18845387399,152,4,receive,18841495786,3891613
18845387854,122,14,receive,18841694742,3693112
18845388322,86,13,receive,18841695423,3692899
18845388781,112,11,receive,18841696330,3692451
18845389239,80,16,receive,18841697724,3691515
18845389692,22,4,receive,18841698228,3691464
18845390166,118,20,receive,18841698422,3691744
18845426482,58,2,receive,18841486358,3940124
18845426968,140,22,receive,18841699260,3727708
18845427426,142,8,receive,18841699541,3727885
18845427893,46,13,receive,18841701724,3726169
18845428356,122,15,receive,18841701954,3726402
18845428850,102,10,receive,18841702147,3726703
18845429317,116,9,receive,18841702450,3726867
18845429781,96,22,receive,18841702967,3726814
18845430256,112,12,receive,18841703541,3726715
18845430738,194,5,receive,18841703772,3726966
18845466863,126,8,receive,18841703854,3763009
18845467353,10,7,receive,18841704865,3762488
18845467823,138,9,receive,18841704952,3762871
18845468289,80,17,receive,18841704966,3763323
18845468755,82,6,receive,18841650553,3818202
18845469229,76,20,receive,18841705945,3763284
18845469695,36,15,receive,18841706053,3763642
18845470199,190,7,receive,18841706312,3763887
18845470710,158,16,receive,18841707381,3763329
18845471175,8,9,receive,18841707674,3763501
18845513298,132,13,receive,18841707996,3805302
18845513782,134,12,receive,18841708339,3805443
18845514251,114,14,receive,18841708365,3805886
18845514720,150,13,receive,18841708481,3806239
18845515177,42,12,receive,18841709497,3805680
18845515663,42,13,receive,18841709631,3806032
18845516126,198,2,receive,18841710279,3805847
18845516602,40,10,receive,18841601946,3914656
18845517073,190,8,receive,18841710529,3806544
18845517553,2,6,receive,18841609282,3908271
18845518027,106,11,receive,18841711902,3806125
18845554993,98,9,receive,18841712041,3842952
18845555494,28,17,receive,18841712963,3842531
18845555983,68,4,receive,18841713591,3842392
18845556455,42,14,receive,18841713797,3842658
18845556912,98,10,receive,18841714181,3842731
18845557387,188,6,receive,18841546511,4010876
18845557861,60,6,receive,18841714757,3843104
18845558345,140,23,receive,18841715378,3842967
18845558811,52,8,receive,18841715162,3843649
18845559275,10,8,receive,18841717063,3842212
18845559769,120,17,receive,18841717389,3842380
18845560252,158,17,receive,18841717525,3842727
18845560718,134,13,receive,18841717575,3843143
18845597195,10,9,receive,18841719213,3877982
18845597779,28,18,receive,18841719195,3878584
18845598285,142,9,receive,18841719787,3878498
18845598753,106,12,receive,18841720126,3878627
18845599222,12,5,receive,18841561216,4038006
18845599776,188,7,receive,18841720410,3879366
18845600249,32,2,receive,18841720548,3879701
18845600805,164,8,receive,18841601252,3999553
18845601511,36,16,receive,18841721332,3880179
18845601997,172,5,receive,18841569369,4032628
18845638671,86,14,receive,18841722727,3915944
18845639163,152,5,receive,18841722927,3916236
18845639625,142,10,receive,18841723022,3916603
18845640102,54,11,receive,18841723017,3917085
18845640567,64,13,receive,18841723318,3917249
18845641047,160,2,receive,18841678903,3962144
18845641515,184,11,receive,18841723641,3917874
18845641990,170,5,receive,18841723934,3918056
18845642724,88,5,receive,18841544227,4098497
18845643246,114,15,receive,18841725565,3917681
18845680170,158,18,receive,18841725698,3954472
18845680641,106,13,receive,18841726329,3954312
18845681104,46,14,receive,18841727030,3954074
18845681587,100,6,receive,18841727108,3954479
18845682056,38,14,receive,18841727476,3954580
18845682536,136,13,receive,18841727885,3954651
18845682999,130,7,receive,18841728050,3954949
18845683459,128,12,receive,18841728580,3954879
18845683930,154,16,receive,18841728638,3955292
18845684390,120,18,receive,18841729573,3954817
18845684854,182,2,receive,18841597197,4087657
18845727555,72,1,receive,18841730066,3997489
18845728025,66,8,receive,18841730855,3997170
18845728489,8,10,receive,18841730015,3998474
18845728952,60,7,receive,18841732018,3996934
18845730219,70,13,receive,18841613963,4116256
18845730767,28,19,receive,18841733323,3997444
18845805694,94,6,receive,18841636130,4169564
18845805955,22,5,receive,18841733772,4072183
18845806198,184,12,receive,18841733892,4072306
18845806440,84,10,receive,18841601736,4204704
18845806700,118,21,receive,18841734778,4071922
18845807146,34,15,receive,18841734828,4072318
18845807388,152,6,receive,18841735194,4072194
18845807629,134,14,receive,18841735797,4071832
18845807870,60,8,receive,18841736232,4071638
18845808114,68,5,receive,18841736824,4071290
18845808378,110,3,receive,18841486367,4322011
18845808619,74,5,receive,18841737428,4071191
18845808861,102,11,receive,18841737553,4071308
18845809161,64,14,receive,18841737585,4071576
18845809405,52,9,receive,18841737705,4071700
18845809646,84,11,receive,18841738132,4071514
18845817847,134,15,receive,18841738972,4078875
18845818122,92,8,receive,18841535245,4282877
18845818364,74,6,receive,18841740622,4077742
18845855095,74,7,receive,18841740775,4114320
18845855353,38,15,receive,18841741098,4114255
18845855688,50,2,receive,18841428319,4427369
18845855925,96,23,receive,18841741323,4114602
18845856190,194,6,receive,18841741433,4114757
18845856433,98,11,receive,18841741440,4114993
18845856725,198,3,receive,18841741593,4115132
18845857038,120,19,receive,18841741782,4115256
18845857319,122,16,receive,18841742237,4115082
18845857559,80,18,receive,18841742320,4115239
18845857818,184,13,receive,18841743119,4114699
18845858064,56,9,receive,18841646408,4211656
18845858306,26,16,receive,18841744425,4113881
18845858547,128,13,receive,18841744784,4113763
18845911061,142,11,receive,18841746438,4164623
18845911370,170,6,receive,18841747203,4164167
18845911614,182,3,receive,18841747346,4164268
18845911861,42,15,receive,18841747358,4164503
18845912108,140,24,receive,18841747667,4164441
18845912353,22,6,receive,18841747969,4164384
18845912595,116,10,receive,18841748621,4163974
18845912841,120,20,receive,18841749952,4162889
18845913104,178,9,receive,18841674209,4238895
18845991953,144,5,receive,18841578180,4413773
18845992197,156,7,receive,18841563112,4429085
18845992442,144,6,receive,18841750197,4242245
18845992698,80,19,receive,18841751534,4241164
18845992941,54,12,receive,18841753341,4239600
18845993184,144,7,receive,18841753414,4239770
18845993428,56,10,receive,18841753733,4239695
18845996330,76,21,receive,18841754251,4242079
18845996604,72,2,receive,18841754525,4242079
18846036898,88,6,receive,18841725339,4311559
18846037157,100,7,receive,18841755410,4281747
18846037398,90,2,receive,18841588707,4448691
18846037658,36,17,receive,18841755746,4281912
18846037918,22,7,receive,18841756122,4281796
18846038165,66,9,receive,18841756187,4281978
18846038407,144,8,receive,18841756638,4281769
18846038669,142,12,receive,18841756681,4281988
18846038933,170,7,receive,18841757388,4281545
18846039192,134,16,receive,18841758188,4281004
18846039437,186,6,receive,18841635373,4404064
18846039689,192,10,receive,18841684669,4355020
18846039939,114,16,receive,18841758855,4281084
18846040189,118,22,receive,18841759044,4281145
18846040429,130,8,receive,18841759316,4281113
18846040670,118,23,receive,18841760230,4280440
18846040932,174,8,receive,18841650794,4390138
18846041176,22,8,receive,18841761292,4279884
18846091270,54,13,receive,18841765061,4326209
18846091520,34,16,receive,18841765135,4326385
18846091761,170,8,receive,18841765568,4326193
18846092000,10,10,receive,18841765594,4326406
18846092444,60,9,receive,18841765772,4326672
18846092688,16,5,receive,18841548173,4544515
18846092929,120,21,receive,18841766172,4326757
18846148638,110,4,receive,18841766644,4381994
18846148895,110,5,receive,18841766802,4382093
18846149145,34,17,receive,18841767301,4381844
18846149403,168,9,receive,18841633887,4515516
18846149824,140,25,receive,18841767836,4381988
18846150296,42,16,receive,18841768576,4381720
18846150540,16,6,receive,18841769344,4381196
18846150788,66,10,receive,18841769483,4381305
18846151129,190,9,receive,18841770238,4380891
18846151438,86,15,receive,18841772101,4379337
18846151685,28,20,receive,18841771263,4380422
18846151925,110,6,receive,18841772976,4378949
18846184905,8,11,receive,18841773292,4411613
18846185396,122,17,receive,18841774795,4410601
18846185771,80,20,receive,18841774838,4410933
18846186133,56,11,receive,18841775020,4411113
18846186502,118,24,receive,18841775424,4411078
18846186898,198,4,receive,18841775833,4411065
18846187291,140,26,receive,18841776021,4411270
18846187682,158,19,receive,18841776064,4411618
18846188054,186,7,receive,18841776432,4411622
18846188450,46,15,receive,18841776504,4411946
18846188856,136,14,receive,18841777287,4411569
18846252981,96,24,receive,18841777676,4475305
18846253242,102,12,receive,18841779002,4474240
18846253489,152,7,receive,18841779502,4473987
18846253736,30,11,receive,18841708602,4545134
18846253988,52,10,receive,18841781709,4472279
18846254229,68,6,receive,18841781988,4472241
18846254470,186,8,receive,18841782606,4471864
18846254713,182,4,receive,18841782657,4472056
18846254965,186,9,receive,18841783766,4471199
18846255209,186,10,receive,18841783886,4471323
18846255448,8,12,receive,18841785508,4469940
18846255694,156,8,receive,18841785524,4470170
18846255939,82,7,receive,18841711636,4544303
18846256180,148,2,receive,18841574296,4681884
18846339291,74,8,receive,18841788111,4551180
18846339535,120,22,receive,18841788415,4551120
18846339776,86,16,receive,18841807179,4532597
18846340027,114,17,receive,18841807187,4532840
18846340268,22,9,receive,18841807576,4532692
18846340580,42,19,receive,18841809249,4531331
18846340834,130,9,receive,18841809656,4531178
18846341074,122,18,receive,18841811199,4529875
18846341316,186,12,receive,18841811246,4530070
18846341559,100,9,receive,18841811997,4529562
18846341810,118,25,receive,18841812705,4529105
18846342049,116,13,receive,18841813388,4528661
18846342311,56,12,receive,18841813357,4528954
18846342552,96,26,receive,18841813572,4528980
18846342794,152,8,receive,18841813765,4529029
18846343247,170,10,receive,18841814060,4529187
18846381392,34,19,receive,18841814778,4566614
18846381674,198,5,receive,18841815174,4566500
18846381915,162,13,receive,18841727344,4654571
18846382156,74,9,receive,18841815425,4566731
18846382399,140,27,receive,18841815698,4566701
18846382637,56,13,receive,18841816624,4566013
18846382907,90,4,receive,18841817159,4565748
18846383149,140,28,receive,18841817899,4565250
18846383389,8,13,receive,18841818877,4564512
18846383632,126,9,receive,18841739219,4644413
18846383874,140,29,receive,18841820599,4563275
18846384120,158,20,receive,18841822474,4561646
18846384356,28,21,receive,18841822963,4561393
18846384597,78,9,receive,18841824553,4560044
18846384856,104,7,receive,18841699199,4685657
18846385116,104,8,receive,18841825131,4559985
18846385357,68,9,receive,18841825431,4559926
18846385602,118,26,receive,18841825919,4559683
18846385843,24,10,receive,18841641426,4744417
18846386084,110,8,receive,18841826548,4559536
18846386329,20,5,receive,18841591400,4794929
18846386586,34,20,receive,18841828009,4558577
18846386831,126,10,receive,18841828263,4558568
18846387072,180,10,receive,18841828478,4558594
18846387311,116,14,receive,18841828612,4558699
18846415084,4,8,receive,18841829214,4585870
18846415340,58,3,receive,18841742824,4672516
18846415582,68,10,receive,18841829569,4586013
18846415824,150,14,receive,18841717712,4698112
18846416086,100,10,receive,18841831174,4584912
18846416328,86,17,receive,18841831453,4584875
18846416567,96,27,receive,18841831797,4584770
18846416812,22,10,receive,18841832777,4584035
18846417063,78,10,receive,18841832985,4584078
18846417301,8,14,receive,18841833097,4584204
18846417539,182,6,receive,18841833287,4584252
18846417778,186,13,receive,18841833436,4584342
18846418038,22,11,receive,18841834911,4583127
18846418284,120,24,receive,18841835026,4583258
18846418538,136,17,receive,18841835073,4583465
18846418780,16,7,receive,18841797629,4621151
18846419021,36,19,receive,18841835547,4583474
18846419259,36,20,receive,18841836746,4582513
18846419514,76,23,receive,18841837003,4582511
18846459185,22,12,receive,18841837036,4622149
18846459445,162,14,receive,18841838645,4620800
18846459694,130,10,receive,18841839909,4619785
18846459950,200,5,receive,18841716123,4743827
18846460254,24,11,receive,18841841688,4618566
18846460499,96,28,receive,18841842009,4618490
18846461427,136,18,receive,18841842201,4619226
18846461676,88,8,receive,18841842303,4619373
18846461918,80,22,receive,18841842369,4619549
18846462191,132,14,receive,18841742394,4719797
18846462449,110,9,receive,18841843747,4618702
18846462741,78,11,receive,18841845258,4617483
18846463047,42,20,receive,18841846483,4616564
18846463317,24,12,receive,18841846908,4616409
18846463613,52,12,receive,18841847466,4616147
18846463873,106,14,receive,18841775725,4688148
18846508758,16,8,receive,18841848527,4660231
18846509042,12,6,receive,18841758587,4750455
18846509290,56,14,receive,18841851139,4658151
18846509529,168,11,receive,18841851474,4658055
18846509778,150,15,receive,18841852376,4657402
18846510056,130,6,receive,18841726878,4783178
18846510300,76,24,receive,18841853240,4657060
18846510544,112,13,receive,18841741906,4768638
18846510786,58,4,receive,18841853767,4657019
18846511047,56,15,receive,18841854322,4656725
18846511297,114,18,receive,18841854476,4656821
18846511540,92,9,receive,18841790465,4721075
18846511784,104,9,receive,18841826314,4685470
18846512033,104,10,receive,18841855826,4656207
18846512275,34,21,receive,18841856310,4655965
18846512519,100,11,receive,18841856360,4656159
18846512758,22,13,receive,18841857182,4655576
18846513023,2,7,receive,18841734112,4778911
18846546674,164,9,receive,18841770008,4776666
18846546939,106,15,receive,18841857940,4688999
18846547185,18,3,receive,18841858967,4688218
18846547424,170,11,receive,18841859452,4687972
18846547664,52,13,receive,18841859733,4687931
18846547921,140,30,receive,18841859882,4688039
18846548176,124,7,receive,18841638543,4909633
18846548424,28,22,receive,18841860356,4688068
18846548662,76,25,receive,18841861458,4687204
18846548900,44,7,receive,18841664818,4884082
18846549139,180,11,receive,18841861815,4687324
18846549950,22,14,receive,18841862321,4687629
18846550211,90,5,receive,18841862532,4687679
18846550454,114,19,receive,18841862664,4687790
18846550697,162,15,receive,18841862907,4687790
18846550939,70,14,receive,18841741386,4809553
18846551199,56,16,receive,18841864536,4686663
18846597397,140,31,receive,18841866056,4731341
18846597651,18,2,receive,18841716566,4881085
18846597894,186,14,receive,18841866754,4731140
18846598132,98,12,receive,18841757659,4840473
18846598372,52,14,receive,18841866993,4731379
18846598611,130,11,receive,18841867196,4731415
18846598848,186,15,receive,18841867934,4730914
18846599107,176,4,receive,18841726486,4872621
18846602070,182,7,receive,18841868675,4733395
18846602313,126,11,receive,18841869873,4732440
18846602574,194,7,receive,18841779767,4822807
18846602819,14,12,receive,18841677104,4925715
18846603063,4,9,receive,18841870013,4733050
18846603308,36,21,receive,18841870187,4733121
18846603547,118,27,receive,18841870297,4733250
18846603883,68,11,receive,18841870850,4733033
18846604207,92,10,receive,18841871691,4732516
18846650502,178,10,receive,18841769258,4881244
18846650764,104,11,receive,18841873111,4777653
18846651021,162,16,receive,18841873247,4777774
18846651327,120,25,receive,18841873381,4777946
18846651595,104,12,receive,18841876316,4775279
18846651859,100,12,receive,18841876909,4774950
18846652106,116,15,receive,18841878871,4773235
18846652367,56,17,receive,18841879822,4772545
18846652610,132,15,receive,18841880793,4771817
18846652856,114,20,receive,18841880878,4771978
18846653756,176,5,receive,18841882205,4771551
18846654019,64,15,receive,18841741873,4912146
18846654261,182,8,receive,18841883918,4770343
18846654503,6,10,receive,18841730601,4923902
18846704271,148,3,receive,18841813422,4890849
18846704792,34,22,receive,18841885618,4819174
18846705098,54,14,receive,18841801463,4903635
18846705341,126,12,receive,18841886251,4819090
18846705582,36,22,receive,18841886464,4819118
18846705842,6,11,receive,18841885753,4820089
18846706089,100,13,receive,18841888136,4817953
18846706349,148,4,receive,18841888404,4817945
18846706592,88,9,receive,18841889644,4816948
18846706855,52,15,receive,18841890310,4816545
18846707097,96,29,receive,18841890307,4816790
18846707336,68,12,receive,18841892079,4815257
18846707577,100,14,receive,18841892273,4815304
18846707836,62,2,receive,18841595400,5112436
18846708075,78,12,receive,18841892579,4815496
18846708329,114,21,receive,18841893077,4815252
18846708573,90,6,receive,18841893144,4815429
18846708814,52,16,receive,18841893528,4815286
18846709054,100,15,receive,18841894435,4814619
18846709296,42,21,receive,18841895933,4813363
18846709534,32,3,receive,18841744069,4965465
18846709791,170,12,receive,18841896667,4813124
18846710045,168,12,receive,18841896843,4813202
18846748950,172,6,receive,18841763313,4985637
18846749217,150,16,receive,18841898735,4850482
18846749512,138,10,receive,18841743273,5006239
18846751503,16,9,receive,18841898916,4852587
18846751754,180,12,receive,18841899050,4852704
18846753436,192,11,receive,18841761948,4991488
18846753727,12,7,receive,18841900457,4853270
18846753975,164,10,receive,18841900596,4853379
18846754224,58,5,receive,18841902202,4852022
18846754468,164,11,receive,18841902772,4851696
18846754723,132,16,receive,18841904107,4850616
18846784038,130,12,receive,18841904524,4879514
18846784305,162,17,receive,18841905507,4878798
18846784549,22,15,receive,18841905643,4878906
18846784791,162,18,receive,18841906681,4878110
18846785032,100,16,receive,18841907616,4877416
18846785354,2,8,receive,18841907671,4877683
18846785616,144,11,receive,18841810524,4975092
18846785860,178,11,receive,18841881295,4904565
18846786111,4,10,receive,18841909463,4876648
18846786426,158,21,receive,18841866882,4919544
18846786670,28,23,receive,18841910751,4875919
18846786912,174,9,receive,18841789335,4997577
18846787158,172,7,receive,18841912888,4874270
18846787450,196,3,receive,18841826348,4961102
18846787729,186,16,receive,18841914304,4873425
18846844870,62,3,receive,18841914678,4930192
18846845132,62,4,receive,18841914806,4930326
18846845375,138,11,receive,18841915164,4930211
18846846106,52,17,receive,18841915836,4930270
18846846438,68,13,receive,18841916290,4930148
18846882479,140,32,receive,18841916447,4966032
18846882803,2,9,receive,18841916839,4965964
18846883063,34,23,receive,18841910912,4972151
18846884204,8,15,receive,18841881443,5002761
18846884463,54,15,receive,18841917542,4966921
18846884707,12,8,receive,18841917746,4966961
18846884943,82,8,receive,18841804222,5080721
18846885204,146,13,receive,18841690013,5195191
18846885445,184,14,receive,18841759384,5126061
18846885686,186,17,receive,18841920480,4965206
18846885930,104,13,receive,18841921651,4964279
18846886172,88,10,receive,18841921925,4964247
18846886412,154,17,receive,18841779115,5107297
18846886654,22,16,receive,18841923861,4962793
18846886893,28,24,receive,18841924003,4962890
18846887147,164,12,receive,18841924079,4963068
18846925968,170,13,receive,18841925074,5000894
18846926234,28,25,receive,18841925189,5001045
18846926478,66,12,receive,18841805163,5121315
18846926775,38,16,receive,18841767319,5159456
18846927018,48,16,receive,18841839857,5087161
18846994786,68,14,receive,18841928502,5066284
18846995036,6,12,receive,18841928914,5066122
18846995278,62,5,receive,18841928968,5066310
18846995533,134,17,receive,18841806614,5188919
18846995779,90,7,receive,18841929458,5066321
18846996036,112,14,receive,18841894212,5101824
18846996278,126,13,receive,18841932687,5063591
18846996522,78,13,receive,18841932952,5063570
18846996763,38,17,receive,18841933099,5063664
18846997006,130,13,receive,18841933824,5063182
18846997248,22,17,receive,18841934048,5063200
18846997490,140,33,receive,18841934679,5062811
18847039462,100,17,receive,18841934846,5104616
18847039707,142,13,receive,18841802956,5236751
18847039965,150,17,receive,18841935325,5104640
18847043838,28,26,receive,18841935378,5108460
18847044084,180,13,receive,18841935399,5108685
18847077057,100,18,receive,18841937017,5140040
18847077326,42,22,receive,18841937219,5140107
18847077598,148,5,receive,18841938793,5138805
18847077843,12,9,receive,18841939167,5138676
18847078083,22,18,receive,18841939231,5138852
18847078325,112,15,receive,18841934229,5144096
18847078612,146,14,receive,18841939530,5139082
18847078875,190,11,receive,18841819219,5259656
18847079298,44,8,receive,18841889027,5190271
18847079570,52,18,receive,18841942063,5137507
18847079813,76,26,receive,18841887689,5192124
18847080067,38,18,receive,18841943352,5136715
18847080311,186,18,receive,18841943761,5136550
18847081535,140,34,receive,18841943857,5137678
18847081787,162,19,receive,18841944112,5137675
18847082030,6,13,receive,18841944127,5137903
18847121799,30,12,receive,18841821043,5300756
18847122061,50,3,receive,18841784636,5337425
18847122302,188,8,receive,18841757738,5364564
18847124697,72,3,receive,18841785908,5338789
18847125100,6,14,receive,18841946277,5178823
18847125356,16,10,receive,18841947390,5177966
18847125666,128,14,receive,18841786169,5339497
18847125913,188,9,receive,18841947552,5178361
18847158613,26,17,receive,18841773744,5384869
18847159017,116,16,receive,18841904096,5254921
18847159268,172,8,receive,18841948306,5210962
18847159515,70,15,receive,18841883243,5276272
18847159758,98,13,receive,18841917288,5242470
18847160027,88,11,receive,18841950132,5209895
18847160272,52,19,receive,18841951238,5209034
18847160513,4,11,receive,18841951826,5208687
18847160774,60,10,receive,18841806130,5354644
18847161020,130,14,receive,18841953077,5207943
18847161265,132,17,receive,18841954537,5206728
18847161507,62,6,receive,18841956192,5205315
18847161750,60,11,receive,18841956270,5205480
18847161993,172,9,receive,18841957488,5204505
18847162239,196,4,receive,18841957891,5204348
18847162502,14,13,receive,18841883395,5279107
18847162751,174,10,receive,18841958425,5204326
18847162997,16,11,receive,18841958671,5204326
18847163240,186,19,receive,18841957004,5206236
18847163484,146,15,receive,18841959733,5203751
18847163724,104,14,receive,18841959906,5203818
18847163966,198,6,receive,18841848604,5315362
18847164211,124,8,receive,18841907816,5256395
18847196835,130,15,receive,18841962226,5234609
18847197087,24,13,receive,18841874235,5322852
18847197356,138,12,receive,18841962676,5234680
18847197613,170,14,receive,18841963328,5234285
18847197855,112,16,receive,18841963720,5234135
18847198119,48,17,receive,18841964016,5234103
18847198362,68,15,receive,18841949742,5248620
18847198630,164,13,receive,18841965431,5233199
18847198866,64,16,receive,18841887714,5311152
18847237553,172,10,receive,18841967672,5269881
18847237812,52,20,receive,18841968422,5269390
18847238056,40,11,receive,18841737806,5500250
18847238312,52,21,receive,18841969590,5268722
18847238581,152,9,receive,18841862166,5376415
18847238827,4,12,receive,18841970998,5267829
18847239316,88,12,receive,18841972420,5266896
18847239560,126,14,receive,18841973129,5266431
18847239832,174,11,receive,18841973682,5266150
18847240094,28,27,receive,18841973737,5266357
18847240490,64,17,receive,18841969402,5271088
18847240740,174,12,receive,18841973807,5266933
18847240979,16,12,receive,18841973907,5267072
18847241221,40,12,receive,18841971741,5269480
18847241609,180,14,receive,18841975754,5265855
18847241851,176,6,receive,18841923452,5318399
18847242091,186,20,receive,18841975955,5266136
18847242332,152,10,receive,18841976026,5266306
18847242635,136,19,receive,18841976058,5266577
18847304051,22,19,receive,18841976516,5327535
18847307572,24,14,receive,18841976500,5331072
18847353528,78,14,receive,18841977426,5376102
18847353786,86,18,receive,18841861644,5492142
18847354028,10,11,receive,18841798950,5555078
18847354270,128,15,receive,18841963775,5390495
18847354681,126,15,receive,18841979385,5375296
18847355035,90,8,receive,18841979739,5375296
18847355287,156,9,receive,18841813878,5541409
18847355528,108,4,receive,18841823105,5532423
18847355896,68,16,receive,18841980359,5375537
18847356139,12,10,receive,18841980627,5375512
18847356380,44,9,receive,18841980989,5375391
18847356692,148,6,receive,18841981399,5375293
18847358010,114,22,receive,18841917464,5440546
18847382145,46,17,receive,18841832161,5549984
18847382398,190,12,receive,18841982763,5399635
18847382647,94,7,receive,18841774087,5608560
18847382889,106,16,receive,18841894231,5488658
18847383129,188,10,receive,18841984118,5399011
18847383389,36,23,receive,18841913838,5469551
18847383629,190,13,receive,18841985915,5397714
18847383873,48,18,receive,18841986280,5397593
18847443025,6,15,receive,18841986517,5456508
18847443271,90,9,receive,18841986924,5456347
18847443514,138,13,receive,18841986964,5456550
18847443772,132,18,receive,18841987019,5456753
18847444015,100,19,receive,18841987357,5456658
18847444254,50,4,receive,18841987374,5456880
18847444513,42,23,receive,18841987589,5456924
18847444754,146,16,receive,18841987946,5456808
18847444993,94,8,receive,18841987959,5457034
18847445233,120,26,receive,18841903620,5541613
18847445479,4,13,receive,18841989223,5456256
18847445732,134,18,receive,18841944476,5501256
18847445971,150,18,receive,18841976805,5469166
18847446210,40,13,receive,18841990873,5455337
18847446448,140,35,receive,18841991214,5455234
18847446688,160,3,receive,18841743791,5702897
18847446927,84,12,receive,18841759423,5687504
18847447172,84,13,receive,18841992797,5454375
18847447450,162,20,receive,18841985481,5461969
18847447708,186,21,receive,18841993217,5454491
18847475742,140,36,receive,18841993442,5482300
18847476032,80,23,receive,18841878655,5597377
18847476277,108,5,receive,18841995215,5481062
18847476548,24,15,receive,18841995226,5481322
18847476795,152,11,receive,18841995355,5481440
18847477034,124,9,receive,18841995498,5481536
18847477304,90,10,receive,18841996109,5481195
18847477562,198,7,receive,18841973122,5504440
18847477814,100,20,receive,18841996537,5481277
18847478098,172,11,receive,18841996887,5481211
18847478341,94,9,receive,18841997204,5481137
18847478579,102,13,receive,18841828324,5650255
18847478821,60,12,receive,18841998629,5480192
18847479057,50,5,receive,18841999588,5479469
18847479299,68,17,receive,18842001610,5477689
18847479543,162,21,receive,18842002017,5477526
18847534400,174,13,receive,18842002047,5532353
18847534715,160,4,receive,18842002156,5532559
18847535370,196,5,receive,18842003331,5532039
18847535648,94,10,receive,18842003381,5532267
18847535893,104,15,receive,18842005314,5530579
18847536191,62,7,receive,18842005510,5530681
18847536473,38,19,receive,18841962549,5573924
18847536758,186,22,receive,18842006460,5530298
18847537021,20,6,receive,18841876902,5660119
18847537261,94,11,receive,18842009612,5527649
18847537507,50,6,receive,18842009819,5527688
18847552368,4,14,receive,18842010095,5542273
18847553002,132,19,receive,18842011272,5541730
18847553276,4,15,receive,18842011345,5541931
18847553525,84,14,receive,18842011960,5541565
18847553860,2,10,receive,18841963236,5590624
18847554125,78,15,receive,18842012766,5541359
18847554386,190,14,receive,18842034219,5520167
18847554666,126,16,receive,18842015725,5538941
18847554946,52,25,receive,18842085076,5469870
18847555203,22,21,receive,18842084881,5470322
18847555659,96,30,receive,18841932029,5623630
18847555923,82,10,receive,18842059329,5496594
18847556187,152,14,receive,18842072276,5483911
18847675032,68,18,receive,18842046043,5628989
18847682655,58,7,receive,18842084514,5598141
18847684547,52,27,receive,18842089359,5595188
18847685702,26,19,receive,18842049598,5636104
18847688592,66,13,receive,18841971668,5716924
18847689325,192,16,receive,18842130993,5558332
18847690151,4,17,receive,18842071965,5618186
18847698342,184,16,receive,18842038374,5659968
18847699211,10,13,receive,18842063961,5635250
18847704160,156,12,receive,18842132549,5571611
18847704441,90,15,receive,18842105261,5599180
18847704683,122,21,receive,18842100453,5604230
18847704923,126,17,receive,18842133429,5571494
18847705160,130,17,receive,18842120107,5585053
18847705395,122,22,receive,18842182440,5522955
18847705638,136,22,receive,18842155916,5549722
18847705892,176,11,receive,18842109294,5596598
18847706132,10,14,receive,18842154669,5551463
18847706369,50,11,receive,18842186744,5519625
18847706605,150,20,receive,18842136338,5570267
18847706845,14,14,receive,18841988292,5718553
18847781261,194,11,receive,18842168603,5612658
18847781567,110,16,receive,18842187645,5593922
18847781811,34,26,receive,18842163745,5618066
18847782085,166,14,receive,18842186256,5595829
18847782343,52,29,receive,18842221945,5560398
18847782582,130,19,receive,18842221123,5561459
18847782824,186,26,receive,18842232784,5550040
18847783092,64,20,receive,18842191176,5591916
18847783357,100,23,receive,18842212890,5570467
18847783605,86,23,receive,18842217699,5565906
18847783844,84,17,receive,18842227743,5556101
18847816575,24,19,receive,18842208534,5608041
18847817354,188,16,receive,18842226900,5590454
18847818655,150,21,receive,18842215341,5603314
18847851039,4,19,receive,18842249426,5601613
18847851453,2,15,receive,18842270079,5581374
18847851709,6,19,receive,18842280008,5571701
18847851951,84,18,receive,18842274261,5577690
18847852196,52,30,receive,18842253606,5598590
18847852486,52,31,receive,18842287764,5564722
18847852730,92,13,receive,18842229919,5622811
18847852970,188,17,receive,18842262316,5590654
18847853207,60,18,receive,18842264768,5588439
18847853447,42,27,receive,18842256875,5596572
18847853701,34,28,receive,18842244684,5609017
18847853942,16,17,receive,18842328141,5525801
18847854184,146,22,receive,18842296599,5557585
18847854443,52,32,receive,18842290907,5563536
18847854683,158,27,receive,18842320251,5534432
18847854920,38,24,receive,18842307374,5547546
18847855157,2,16,receive,18842326876,5528281
18847855397,100,25,receive,18842309974,5545423
18847855635,42,29,receive,18842334838,5520797
18847855875,38,25,receive,18842336219,5519656
18847926834,150,23,receive,18842296385,5630449
18847927193,184,20,receive,18842349719,5577474
18847927620,92,15,receive,18842338408,5589212
18847927897,162,28,receive,18842338910,5588987
18847928147,180,21,receive,18842362693,5565454
18847928387,178,19,receive,18842375606,5552781
18847928629,32,6,receive,18842360310,5568319
18847928892,120,33,receive,18842360760,5568132
18847929137,82,15,receive,18842339075,5590062
18847929378,154,22,receive,18842352027,5577351
18847929624,12,18,receive,18842363222,5566402
18847929869,92,16,receive,18842402580,5527289
18847930132,114,29,receive,18842381420,5548712
18847930375,66,17,receive,18842357057,5573318
18847951583,10,19,receive,18842419700,5531883
18847952453,144,18,receive,18842385038,5567415
18847953817,22,27,receive,18842416259,5537558
18847955116,178,20,receive,18842414029,5541087
18847956628,54,23,receive,18842417501,5539127
18847957881,160,12,receive,18842410227,5547654
18847959110,76,33,receive,18842394419,5564691
18847960497,166,18,receive,18842404281,5556216
18847966611,98,17,receive,18842367627,5598984
18847967696,152,20,receive,18842447483,5520213
18847968695,186,31,receive,18842454322,5514373
18847969669,22,28,receive,18842434762,5534907
18847971025,16,20,receive,18842437527,5533498
18847971764,190,18,receive,18842469041,5502723
18847972766,160,13,receive,18842455719,5517047
18847973741,54,24,receive,18842446653,5527088
18847990086,86,27,receive,18842438073,5552013
18847990834,144,19,receive,18842464586,5526248
18847991585,10,20,receive,18842427096,5564489
18847994461,76,34,receive,18842439473,5554988
18847995499,10,21,receive,18842472550,5522949
18848002311,108,12,receive,18842436537,5565774
18848003726,194,16,receive,18842451703,5552023
18848004582,120,35,receive,18842449720,5554862
18848005614,68,26,receive,18842512797,5492817
18848006654,48,26,receive,18842474738,5531916
18848007977,174,20,receive,18842467678,5540299
18848009244,144,20,receive,18842516581,5492663
18848039941,74,16,receive,18842481765,5558176
18848040980,12,22,receive,18842495677,5545303
18848042219,114,31,receive,18842472360,5569859
18848050036,76,35,receive,18842522816,5527220
18848050290,160,14,receive,18842479036,5571254
18848050548,196,15,receive,18842500371,5550177
18848050797,168,23,receive,18842527296,5523501
18848051040,46,30,receive,18842571487,5479553
18848051290,12,23,receive,18842558249,5493041
18848051575,76,36,receive,18842562320,5489255
18848051819,76,37,receive,18842573783,5478036
18848052060,114,32,receive,18842542089,5509971
18848052328,78,25,receive,18842539245,5513083
18848099496,74,17,receive,18842554637,5544859
18848099762,144,21,receive,18842561422,5538340
18848100034,120,36,receive,18842523506,5576528
18848100281,4,25,receive,18842577935,5522346
18848100522,152,23,receive,18842577094,5523428
18848100785,156,21,receive,18842565939,5534846
18848101026,112,30,receive,18842581850,5519176
18848101269,30,23,receive,18842576409,5524860
18848101510,100,30,receive,18842580867,5520643
18848101749,158,33,receive,18842602754,5498995
18848101990,130,28,receive,18842598345,5503645
18848102230,178,23,receive,18842609688,5492542
18848102558,90,25,receive,18842592565,5509993
18848102802,60,27,receive,18842658467,5444335
18848103041,134,30,receive,18842620286,5482755
18848103284,2,22,receive,18842616782,5486502
18848104196,64,28,receive,18842654000,5450196
18848104458,164,21,receive,18842587207,5517251
18848104701,100,31,receive,18842647292,5457409
18848104951,146,28,receive,18842625820,5479131
18848105197,126,27,receive,18842608159,5497038
18848105434,98,20,receive,18842613748,5491686
18848105669,152,24,receive,18842630122,5475547
18848135402,172,27,receive,18842672479,5462923
18848135680,186,36,receive,18842653021,5482659
18848135948,156,23,receive,18842701704,5434244
18848136209,24,32,receive,18842702643,5433566
18848136457,146,29,receive,18842679028,5457429
18848136704,60,28,receive,18842673535,5463169
18848136961,98,21,receive,18842691106,5445855
18848137203,70,29,receive,18842691135,5446068
18848137446,26,30,receive,18842669621,5467825
18848137690,10,25,receive,18842677650,5460040
18848137951,28,39,receive,18842737415,5400536
18848138195,14,26,receive,18842723776,5414419
18848138449,32,13,receive,18842708031,5430418
18848138695,174,25,receive,18842748249,5390446
18848138943,36,40,receive,18842731574,5407369
18848139182,166,24,receive,18842723749,5415433
18848139427,70,30,receive,18842724694,5414733
18848139688,40,30,receive,18842745851,5393837
18848139973,124,25,receive,18842729371,5410602
18848140220,164,22,receive,18842700371,5439849
18848140465,98,22,receive,18842720159,5420306
18848140706,24,34,receive,18842798127,5342579
18848140945,106,32,receive,18842805717,5335228
18848141184,170,28,receive,18842790428,5350756
18848141427,162,37,receive,18842767849,5373578
18848178844,124,26,receive,18842767907,5410937
18848203595,36,41,receive,18842795551,5408044
18848204856,28,40,receive,18842757095,5447761
18848214807,66,25,receive,18842770593,5444214
18848216376,158,38,receive,18842764866,5451510
18848217498,60,30,receive,18842795353,5422145
18848219892,170,29,receive,18842811933,5407959
18848223903,126,30,receive,18842832934,5390969
18848224850,170,31,receive,18842859899,5364951
18848226170,106,33,receive,18842849656,5376514
18848227263,74,23,receive,18842858721,5368542
18848232580,144,26,receive,18842797219,5435361
18848233079,66,27,receive,18842835950,5397129
18848233806,158,39,receive,18842849821,5383985
18848234561,124,27,receive,18842822520,5412041
18848235295,100,35,receive,18842840353,5394942
18848236053,60,31,receive,18842829895,5406158
18848236802,90,30,receive,18842819898,5416904
18848237541,80,41,receive,18842880450,5357091
18848238288,114,39,receive,18842902505,5335783
18848239331,140,54,receive,18842871989,5367342
18848267304,34,40,receive,18842875315,5391989
18848268181,24,36,receive,18842900498,5367683
18848268914,48,33,receive,18842872934,5395980
18848269666,166,27,receive,18842902030,5367636
18848270707,70,33,receive,18842877637,5393070
18848317669,168,29,receive,18842870403,5447266
18848317971,78,31,receive,18842894586,5423385
