receive_timestamp,source_vehicle,message_id,event_type,send_timestamp,latency_us
262805237852,12,1,receive,262794651507,10586345
262805238368,372,1,receive,262794651592,10586776
262805238817,156,1,receive,262794652107,10586710
262805239278,198,1,receive,262794652771,10586507
262805239725,186,1,receive,262794653417,10586308
262805240188,16,1,receive,262794654371,10585817
262805240636,376,1,receive,262794656043,10584593
262805276552,582,1,receive,262794656105,10620447
262805277033,380,1,receive,262794656620,10620413
262805277502,210,1,receive,262794657065,10620437
262805277991,580,1,receive,262794657773,10620218
262805278462,218,1,receive,262794659052,10619410
262805278920,596,1,receive,262794659861,10619059
262805279392,50,1,receive,262794660037,10619355
262805279849,76,1,receive,262794660045,10619804
262805320350,44,1,receive,262794661029,10659321
262805320818,592,1,receive,262794664405,10656413
262805321284,420,1,receive,262794665047,10656237
262805321735,588,1,receive,262794665889,10655846
262805322213,150,1,receive,262794668319,10653894
262805322672,632,1,receive,262794668908,10653764
262805323143,164,1,receive,262794669151,10653992
262805323600,384,1,receive,262794669749,10653851
262805360955,14,1,receive,262794650105,10710850
262805361430,542,1,receive,262794672968,10688462
262805361878,628,1,receive,262794676074,10685804
262805362340,52,1,receive,262794677035,10685305
262805362803,590,1,receive,262794679633,10683170
262805363278,170,1,receive,262794680405,10682873
262805363738,226,1,receive,262794680969,10682769
262805398583,364,1,receive,262794682340,10716243
262805399031,10,1,receive,262794651651,10747380
262805399480,88,1,receive,262794684352,10715128
262805399933,134,1,receive,262794684917,10715016
262805400397,358,1,receive,262794685038,10715359
262805400856,120,1,receive,262794685420,10715436
262805401321,758,1,receive,262794685979,10715342
262805401774,166,1,receive,262794688499,10713275
262805447700,208,1,receive,262794691855,10755845
262805448179,344,1,receive,262794693037,10755142
262805448633,832,1,receive,262794694048,10754585
262805449123,794,1,receive,262794695138,10753985
262805449590,442,1,receive,262794697452,10752138
262805450054,450,1,receive,262794698023,10752031
262805450516,162,1,receive,262794700773,10749743
262805450967,802,1,receive,262794702973,10747994
262805491457,812,1,receive,262794703956,10787501
262805491911,834,1,receive,262794704045,10787866
262805492373,126,1,receive,262794705053,10787320
262805492825,824,1,receive,262794709244,10783581
262805493291,818,1,receive,262794710825,10782466
262805493747,552,1,receive,262794712774,10780973
262805494216,752,1,receive,262794715035,10779181
262805494671,274,1,receive,262794718059,10776612
262805536811,830,1,receive,262794719284,10817527
262805537309,480,1,receive,262794719296,10818013
262805537773,822,1,receive,262794719860,10817913
262805538256,618,1,receive,262794721795,10816461
262805538724,520,1,receive,262794730338,10808386
262805539199,630,1,receive,262794730659,10808540
262805539656,500,1,receive,262794731099,10808557
262805578640,526,1,receive,262794732762,10845878
262805579115,348,1,receive,262794733707,10845408
262805579578,508,1,receive,262794734772,10844806
262805580043,836,1,receive,262794737218,10842825
262805580508,792,1,receive,262794738039,10842469
262805580968,762,1,receive,262794738054,10842914
262805598635,820,1,receive,262794738579,10860056
262805621487,168,1,receive,262794739068,10882419
262805621959,454,1,receive,262794739055,10882904
262805622450,354,1,receive,262794739204,10883246
262805622906,840,1,receive,262794739718,10883188
262805623378,388,1,receive,262794699467,10923911
262805623843,488,1,receive,262794741721,10882122
262805624311,92,1,receive,262794651844,10972467
262805624776,816,1,receive,262794745511,10879265
262805664052,202,1,receive,262794745539,10918513
262805664512,244,1,receive,262794745732,10918780
262805664971,212,1,receive,262794749217,10915754
262805665435,432,1,receive,262794657302,11008133
262805665887,178,1,receive,262794679202,10986685
262805666348,352,1,receive,262794747193,10919155
262805666802,610,1,receive,262794753207,10913595
262805712302,634,1,receive,262794756062,10956240
262805712758,540,1,receive,262794759061,10953697
262805713225,786,1,receive,262794759277,10953948
262805713689,494,1,receive,262794759442,10954247
262805714169,482,1,receive,262794759783,10954386
262805714621,838,1,receive,262794760973,10953648
262805753330,736,1,receive,262794761059,10992271
262805753763,712,1,receive,262794765916,10987847
262805754223,606,1,receive,262794767049,10987174
262805754671,594,1,receive,262794771037,10983634
262805755136,62,1,receive,262794771460,10983676
262805755578,236,1,receive,262794669024,11086554
262805756025,356,1,receive,262794775038,10980987
262805756470,724,1,receive,262794775084,10981386
262805794595,722,1,receive,262794775712,11018883
262805795051,788,1,receive,262794776734,11018317
262805795509,638,1,receive,262794777049,11018460
262805799350,466,1,receive,262794779063,11020287
262805799801,754,1,receive,262794779855,11019946
262805800273,744,1,receive,262794782098,11018175
262805800729,718,1,receive,262794784101,11016628
262805840627,58,1,receive,262794634580,11206047
262805841087,852,1,receive,262794785938,11055149
262805841546,842,1,receive,262794787098,11054448
262805842004,140,1,receive,262794705034,11136970
262805842469,874,1,receive,262794790712,11051757
262805842928,608,1,receive,262794791047,11051881
262805856839,740,1,receive,262794791185,11065654
262805885812,862,1,receive,262794791404,11094408
262805886278,586,1,receive,262794773034,11113244
262805886710,680,1,receive,262794800964,11085746
262805887179,556,1,receive,262794801210,11085969
262805887625,80,1,receive,262794753077,11134548
262805888084,810,1,receive,262794800687,11087397
262805888542,682,1,receive,262794803273,11085269
262805888992,848,1,receive,262794804357,11084635
262805930448,688,1,receive,262794805146,11125302
262805930889,670,1,receive,262794805425,11125464
262805931339,706,1,receive,262794805754,11125585
262805931782,532,1,receive,262794804039,11127743
262805932241,866,1,receive,262794807290,11124951
262805932681,846,1,receive,262794808433,11124248
262805933141,700,1,receive,262794808661,11124480
262805933586,666,1,receive,262794808832,11124754
262805980484,726,1,receive,262794809152,11171332
262805980945,886,1,receive,262794809654,11171291
262805981414,280,1,receive,262794804038,11177376
262805982032,534,1,receive,262794810019,11172013
262805982501,742,1,receive,262794810046,11172455
262805982954,734,1,receive,262794805975,11176979
262805983417,738,1,receive,262794804564,11178853
262805983866,578,1,receive,262794813571,11170295
262806034354,614,1,receive,262794818064,11216290
262806034794,766,1,receive,262794818592,11216202
262806035259,814,1,receive,262794819547,11215712
262806035727,760,1,receive,262794820818,11214909
262806036189,620,1,receive,262794817830,11218359
262806036645,864,1,receive,262794816273,11220372
262806037103,612,1,receive,262794824582,11212521
262806037556,768,1,receive,262794826059,11211497
262806086034,472,1,receive,262794824203,11261831
262806086488,890,1,receive,262794828041,11258447
262806086944,902,1,receive,262794828444,11258500
262806087418,878,1,receive,262794829373,11258045
262806087879,558,1,receive,262794826751,11261128
262806096715,882,1,receive,262794827769,11268946
262806097174,730,1,receive,262794831114,11266060
262806097630,780,1,receive,262794831798,11265832
262806139905,32,1,receive,262794664030,11475875
262806140380,174,1,receive,262794707028,11433352
262806140839,538,1,receive,262794831395,11309444
262806141318,774,1,receive,262794834551,11306767
262806141770,782,1,receive,262794831156,11310614
262806142233,636,1,receive,262794835757,11306476
262806142693,230,1,receive,262794836017,11306676
262806188969,568,1,receive,262794828903,11360066
262806189403,276,1,receive,262794718788,11470615
262806189819,184,1,receive,262794837518,11352301
262806231115,888,1,receive,262794838015,11393100
262806241655,708,1,receive,262794823509,11418146
262806242118,704,1,receive,262794836511,11405607
262806242563,536,1,receive,262794827439,11415124
262806243015,884,1,receive,262794818675,11424340
262806243477,880,1,receive,262794828803,11414674
262806243918,856,1,receive,262794841630,11402288
262806244378,674,1,receive,262794842731,11401647
262806244832,678,1,receive,262794849031,11395801
262806309347,868,1,receive,262794833809,11475538
262806309789,698,1,receive,262794848604,11461185
262806310240,806,1,receive,262794853081,11457159
262806310682,778,1,receive,262794855512,11455170
262806311136,720,1,receive,262794843242,11467894
262806311576,844,1,receive,262794842017,11469559
262806312019,900,1,receive,262794839300,11472719
262806379619,464,1,receive,262794827781,11551838
262806380085,804,1,receive,262794860983,11519102
262806380532,444,1,receive,262794861645,11518887
262806380969,790,1,receive,262794850137,11530832
262806381444,896,1,receive,262794858653,11522791
262806381884,870,1,receive,262794831029,11550855
262806390867,912,1,receive,262794858038,11532829
262806391321,116,1,receive,262794852130,11539191
262806391762,716,1,receive,262794853883,11537879
262806446261,876,1,receive,262794852260,11594001
262806446717,732,1,receive,262794852037,11594680
262806447172,854,1,receive,262794864460,11582712
262806447621,914,1,receive,262794874858,11572763
262806448078,828,1,receive,262794871988,11576090
262806448524,910,1,receive,262794873486,11575038
262806448967,892,1,receive,262794863422,11585545
262806449428,600,1,receive,262794874615,11574813
262806497944,124,2,receive,262794780600,11717344
262806498394,924,1,receive,262794879157,11619237
262806498829,918,1,receive,262794884191,11614638
262806499267,858,1,receive,262794875062,11624205
262806499703,628,2,receive,262794887482,11612221
262806500140,222,1,receive,262794858074,11642066
262806500573,826,1,receive,262794888886,11611687
262806551560,908,1,receive,262794887953,11663607
262806551997,916,1,receive,262794895909,11656088
262806552466,898,1,receive,262794897612,11654854
262806552919,206,1,receive,262794894084,11658835
262806553422,906,1,receive,262794896323,11657099
262806553861,176,1,receive,262794885163,11668698
262806554321,850,1,receive,262794880639,11673682
262806554767,702,1,receive,262794859037,11695730
262806602341,920,1,receive,262794906037,11696304
262806602784,904,1,receive,262794898967,11703817
262806603220,104,1,receive,262794693040,11910180
262806603647,894,1,receive,262794910035,11693612
262806604124,714,1,receive,262794869932,11734192
262806604555,432,2,receive,262794897567,11706988
262806604986,362,1,receive,262794890412,11714574
262806605454,74,2,receive,262794891949,11713505
262806605903,138,1,receive,262794906230,11699673
262806659848,872,1,receive,262794868647,11791201
262806660296,926,1,receive,262794922243,11738053
262806660725,860,1,receive,262794864783,11795942
262806661171,928,1,receive,262794926348,11734823
262806661625,922,1,receive,262794927383,11734242
262806662084,442,2,receive,262794921009,11741075
262806662533,172,1,receive,262794871811,11790722
262806662979,152,1,receive,262794921274,11741705
262806718032,820,2,receive,262794926445,11791587
262806718496,562,1,receive,262794948009,11770487
262806718956,378,1,receive,262794945663,11773293
262806719440,114,1,receive,262794899455,11819985
262806719904,758,2,receive,262794953280,11766624
262806720378,110,2,receive,262794921860,11798518
262806720844,148,1,receive,262794843310,11877534
262806772320,772,1,receive,262794960625,11811695
262806772750,212,2,receive,262794923249,11849501
262806773254,354,2,receive,262794884812,11888442
262806773704,938,1,receive,262794965518,11808186
262806783048,736,2,receive,262794901012,11882036
262806783496,934,1,receive,262794966837,11816659
262806783931,580,2,receive,262794955918,11828013
262806823208,888,2,receive,262794981489,11841719
262806823660,956,1,receive,262794984049,11839611
262806824130,508,2,receive,262794961472,11862658
262806824580,262,2,receive,262794986507,11838073
262806825042,962,1,receive,262794987230,11837812
262806835583,220,1,receive,262794979264,11856319
262806862463,838,2,receive,262794990251,11872212
262806862924,930,1,receive,262794990426,11872498
262806863385,700,2,receive,262794990760,11872625
262806863844,418,1,receive,262794895366,11968478
262806864319,12,2,receive,262794920545,11943774
262806864772,958,1,receive,262794999239,11865533
262806865235,964,1,receive,262795001085,11864150
262806915279,954,1,receive,262795002131,11913148
262806915727,948,1,receive,262795005276,11910451
262806918221,950,1,receive,262795006730,11911491
262806918693,944,1,receive,262795008940,11909753
262806919159,952,1,receive,262795010977,11908182
262806919616,358,2,receive,262795011078,11908538
262806960695,942,1,receive,262795012579,11948116
262806961156,20,2,receive,262794917166,12043990
262806961616,946,1,receive,262795013041,11948575
262806962091,404,1,receive,262795004819,11957272
262806962558,960,1,receive,262795017037,11945521
262806963025,162,2,receive,262795004120,11958905
262806963488,586,2,receive,262795027329,11936159
262806963951,98,2,receive,262794964568,11999383
262807021429,940,1,receive,262795036121,11985308
262807021871,210,2,receive,262794982172,12039699
262807022323,78,2,receive,262795022226,12000097
262807022766,830,2,receive,262794976027,12046739
262807023218,310,5,receive,262805252184,1771034
262807023661,468,5,receive,262805268571,1755090
262807065126,296,9,receive,262805268385,1796741
262807065569,650,1,receive,262805295838,1769731
262807065999,314,4,receive,262805280222,1785777
262807066459,498,4,receive,262805295946,1770513
262807066903,194,12,receive,262805294005,1772898
262807091799,512,2,receive,262805291636,1800163
262807092287,504,4,receive,262805300296,1791991
262807092762,332,10,receive,262805282670,1810092
262807093250,550,2,receive,262805315453,1777797
262807093723,292,1,receive,262805307930,1785793
262807094211,304,7,receive,262805307394,1786817
262807094685,642,2,receive,262805301806,1792879
262807111620,518,3,receive,262805294036,1817584
262807112101,322,4,receive,262805344801,1767300
262807112584,416,3,receive,262805350613,1761971
262807113057,644,1,receive,262805371488,1741569
262807113529,270,7,receive,262805384819,1728710
262807113990,346,1,receive,262805416711,1697279
262807114458,386,9,receive,262805398863,1715595
262807114920,518,4,receive,262805438335,1676585
262807155574,516,1,receive,262805438809,1716765
262807156047,250,2,receive,262805450472,1705575
262807156517,374,6,receive,262805446133,1710384
262807156974,238,8,receive,262805456699,1700275
262807157441,396,1,receive,262805450533,1706908
262807168182,664,3,receive,262805459394,1708788
262807168647,298,6,receive,262805458122,1710525
262807193374,514,4,receive,262805442693,1750681
262807193839,544,3,receive,262805458288,1735551
262807194320,410,7,receive,262805487390,1706930
262807194795,266,6,receive,262805488127,1706668
262807195273,370,5,receive,262805466631,1728642
262807195734,486,2,receive,262805510844,1684890
262807196210,390,18,receive,262805497928,1698282
262807196672,306,6,receive,262805502007,1694665
262807245294,130,3,receive,262805520501,1724793
262807245747,460,4,receive,262805458140,1787607
262807246216,462,2,receive,262805487011,1759205
262807246685,498,5,receive,262805493182,1753503
262807247155,510,5,receive,262805512126,1735029
262807247615,756,1,receive,262805530587,1717028
262807268635,284,6,receive,262805520061,1748574
262807293826,214,9,receive,262805441671,1852155
262807294278,550,3,receive,262805548354,1745924
262807294709,656,11,receive,262805552326,1742383
262807295249,240,1,receive,262805562225,1733024
262807295695,676,4,receive,262805536281,1759414
262807296146,312,8,receive,262805571334,1724812
262807296585,406,14,receive,262805556218,1740367
262807335629,296,10,receive,262805553935,1781694
262807336116,368,4,receive,262805552363,1783753
262807336583,528,1,receive,262805579475,1757108
262807337054,490,15,receive,262805554147,1782907
262807337526,192,7,receive,262805559144,1778382
262807337988,318,4,receive,262805547320,1790668
262807338456,524,3,receive,262805580014,1758442
262807384790,308,9,receive,262805581347,1803443
262807385270,180,10,receive,262805599423,1785847
262807385735,452,6,receive,262805592279,1793456
262807386211,522,3,receive,262805602304,1783907
262807386679,746,1,receive,262805617836,1768843
262807387148,370,6,receive,262805627983,1759165
262807387617,506,2,receive,262805592712,1794905
262807433602,504,5,receive,262805589006,1844596
262807434064,264,2,receive,262805617951,1816113
262807434538,204,2,receive,262805631120,1803418
262807435004,254,3,receive,262805640096,1794908
262807435467,456,2,receive,262805618226,1817241
262807435930,412,5,receive,262805654532,1781398
262807436408,484,3,receive,262805610010,1826398
262807436872,692,4,receive,262805654779,1782093
262807479952,478,6,receive,262805653538,1826414
262807480443,784,1,receive,262805674500,1805943
262807480915,292,2,receive,262805652444,1828471
262807481394,430,5,receive,262805662875,1818519
262807481866,414,14,receive,262805664270,1817596
262807482352,502,16,receive,262805669618,1812734
262807482821,696,8,receive,262805664809,1818012
262807530204,334,4,receive,262805651543,1878661
262807530666,492,5,receive,262805668411,1862255
262807531149,770,1,receive,262805703343,1827806
262807531631,408,3,receive,262805669221,1862410
262807541220,294,5,receive,262805710714,1830506
262807541658,396,2,receive,262805644295,1897363
262807572325,550,4,receive,262805681070,1891255
262807572765,200,3,receive,262805697750,1875015
262807573208,616,3,receive,262805698166,1875042
262807573646,798,1,receive,262805764047,1809599
262807574091,554,10,receive,262805725008,1849083
262807574528,514,5,receive,262805769787,1804741
262807574968,4,4,receive,262805783907,1791061
262807575437,584,1,receive,262805774020,1801417
262807575892,300,8,receive,262805751078,1824814
262807619371,338,7,receive,262805771590,1847781
262807619803,446,3,receive,262805780509,1839294
262807620269,296,11,receive,262805782010,1838259
262807620745,498,6,receive,262805813633,1807112
262807621213,272,12,receive,262805826186,1795027
262807621669,250,3,receive,262805827783,1793886
262807660658,286,2,receive,262805801329,1859329
262807661121,270,8,receive,262805819842,1841279
262807661554,572,2,receive,262805850008,1811546
262807662020,200,4,receive,262805850047,1811973
262807662476,530,2,receive,262805749324,1913152
262807662927,400,4,receive,262805848138,1814789
262807663393,748,1,receive,262805863930,1799463
262807663844,342,9,receive,262805854484,1809360
262807704577,330,5,receive,262805866447,1838130
262807705019,408,4,receive,262805863620,1841399
262807705474,800,1,receive,262805897540,1807934
262807705925,310,6,receive,262805829850,1876075
262807706383,672,5,receive,262805877126,1829257
262807706832,374,7,receive,262805823070,1883762
262807707293,566,1,receive,262805908526,1798767
262807707745,602,2,receive,262805830687,1877058
262807747703,256,7,receive,262805912007,1835696
262807748193,260,2,receive,262805924474,1823719
262807748644,350,4,receive,262805844856,1903788
262807749123,662,13,receive,262805922416,1826707
262807749577,336,8,receive,262805929478,1820099
262807750032,490,16,receive,262805935506,1814526
262807750495,750,1,receive,262805955878,1794617
262807750947,326,4,receive,262805960006,1790941
262807788431,130,4,receive,262805956306,1832125
262807788880,246,7,receive,262805928181,1860699
262807789341,518,5,receive,262805940815,1848526
262807789787,624,1,receive,262805991483,1798304
262807790246,528,2,receive,262805988246,1802000
262807790695,696,9,receive,262805976688,1814007
262807823215,268,9,receive,262805984007,1839208
262807823664,504,6,receive,262805997618,1826046
262807824128,332,11,receive,262805991648,1832480
262807824579,296,12,receive,262805964189,1860390
262807829386,264,3,receive,262806000906,1828480
262807829835,192,8,receive,262805996500,1833335
262807830305,564,2,receive,262806051516,1778789
262807830753,190,10,receive,262806041627,1789126
262807873222,426,4,receive,262806043068,1830154
262807873649,776,1,receive,262806067035,1806614
262807874118,462,3,receive,262806051403,1822715
262807874572,516,3,receive,262806070955,1803617
262807879941,492,6,receive,262806060684,1819257
262807880412,544,4,receive,262806089006,1791406
262807880879,650,2,receive,262806110503,1770376
262807909352,416,4,receive,262806110628,1798724
262807909815,522,4,receive,262806106497,1803318
262807910293,554,11,receive,262806108921,1801372
262807910769,690,3,receive,262806107006,1803763
262807911251,764,2,receive,262806118459,1792792
262807911720,216,3,receive,262806137007,1774713
262807912200,282,2,receive,262806127188,1785012
262807912669,242,12,receive,262806140075,1772594
262807967150,524,4,receive,262806163855,1803295
262807967581,642,3,receive,262806168315,1799266
262807968015,238,9,receive,262806175653,1792362
262807968473,298,7,receive,262806114009,1854464
262807968923,370,7,receive,262806203680,1765243
262807973220,406,15,receive,262806197581,1775639
262807973673,328,11,receive,262806205006,1768667
262808007693,548,3,receive,262806249996,1757697
262808008169,502,17,receive,262806205038,1803131
262808008633,798,2,receive,262806265086,1743547
262808009105,302,9,receive,262806245209,1763896
262808009585,512,3,receive,262806238960,1770625
262808010368,304,8,receive,262806269280,1741088
262808010841,322,5,receive,262806241006,1769835
262808035114,314,5,receive,262806264066,1771048
262808035564,570,2,receive,262806254616,1780948
262808036033,728,4,receive,262806246449,1789584
262808036500,326,5,receive,262806177124,1859376
262808036966,342,10,receive,262806291005,1745961
262808037449,470,16,receive,262806319571,1717878
262808037914,194,13,receive,262806308174,1729740
262808078399,662,15,receive,262806328382,1750017
262808078843,518,7,receive,262806340789,1738054
262808079308,664,5,receive,262806299315,1779993
262808079749,510,6,receive,262806335416,1744333
262808080233,330,7,receive,262806310016,1770217
262808094073,204,3,receive,262806383946,1710127
262808094539,200,5,receive,262806385702,1708837
262808124013,512,4,receive,262806399933,1724080
262808124475,448,11,receive,262806396118,1728357
262808124939,266,8,receive,262806404374,1720565
262808125424,504,7,receive,262806340091,1785333
262808125890,696,10,receive,262806446326,1679564
262808126365,530,3,receive,262806469609,1656756
262808126831,368,6,receive,262806476306,1650525
262808160302,272,14,receive,262806478468,1681834
262808160746,338,8,receive,262806463014,1697732
262808161362,412,6,receive,262806486135,1675227
262808161819,676,6,receive,262806461010,1700809
262808162290,340,5,receive,262806471991,1690299
262808162748,200,6,receive,262806552153,1610595
262808163215,264,4,receive,262806567438,1595777
262808163674,294,6,receive,262806541668,1622006
262808216627,598,3,receive,262806557209,1659418
262808217103,300,9,receive,262806581089,1636014
262808217566,430,7,receive,262806556010,1661556
262808218041,506,3,receive,262806549065,1668976
262808218515,710,5,receive,262806562680,1655835
262808218975,342,11,receive,262806542561,1676414
262808219448,602,3,receive,262806607366,1612082
262808219909,334,5,receive,262806613840,1606069
262808255382,746,2,receive,262806603755,1651627
262808255829,330,8,receive,262806590146,1665683
262808256316,130,5,receive,262806610280,1646036
262808256783,626,2,receive,262806575592,1681191
262808265211,796,3,receive,262806530435,1734776
262808265665,284,9,receive,262806611324,1654341
262808288548,386,11,receive,262806618012,1670536
262808289026,194,14,receive,262806634311,1654715
262808289512,530,4,receive,262806648892,1640620
262808289990,750,2,receive,262806638196,1651794
262808304029,336,9,receive,262806658311,1645718
262808304484,414,15,receive,262806642946,1661538
262808304932,196,4,receive,262806645188,1659744
262808329805,574,4,receive,262806625708,1704097
262808330288,412,7,receive,262806686750,1643538
262808330868,662,16,receive,262806695382,1635486
262808331321,474,3,receive,262806646886,1684435
262808331765,694,10,receive,262806723927,1607838
262808332227,300,10,receive,262806692986,1639241
262808332672,360,9,receive,262806737009,1595663
262808375664,190,11,receive,262806733591,1642073
262808376130,598,4,receive,262806747311,1628819
262808376591,522,5,receive,262806756567,1620024
262808377064,514,6,receive,262806729422,1647642
262808377531,616,5,receive,262806750067,1627464
262808377992,462,4,receive,262806708648,1669344
262808378463,440,3,receive,262806721004,1657459
262808378928,302,11,receive,262806744552,1634376
262808414807,642,4,receive,262806786006,1628801
262808415295,282,3,receive,262806779006,1636289
262808415760,516,4,receive,262806782611,1633149
262808416236,250,4,receive,262806765121,1651115
262808416706,400,6,receive,262806802588,1614118
262808417183,624,2,receive,262806785363,1631820
262808417650,286,4,receive,262806810005,1607645
262808461789,750,3,receive,262806770006,1691783
262808462274,492,7,receive,262806832084,1630190
262808462745,484,6,receive,262806838204,1624541
262808463261,690,4,receive,262806814849,1648412
262808463689,460,6,receive,262806850720,1612969
262808473110,360,10,receive,262806864716,1608394
262808473543,644,3,receive,262806840850,1632693
262808473986,296,15,receive,262806870022,1603964
262808489774,694,11,receive,262806868060,1621714
262808490257,770,3,receive,262806874964,1615293
262808490726,260,3,receive,262806885059,1605667
262808491202,566,4,receive,262806874270,1616932
262808511620,308,12,receive,262806894127,1617493
262808515655,544,5,receive,262806905485,1610170
262808541125,350,5,receive,262806881393,1659732
262808541592,518,8,receive,262806944005,1597587
262808542221,300,11,receive,262806959737,1582484
262808542690,196,5,receive,262806966432,1576258
262808543164,510,7,receive,262806972008,1571156
262808543624,272,15,receive,262806951493,1592131
262808544095,430,8,receive,262806961759,1582336
262808544554,448,12,receive,262806977128,1567426
262808592546,298,8,receive,262806985451,1607095
262808593055,386,12,receive,262806977481,1615574
262808593530,642,5,receive,262806967258,1626272
262808593993,756,3,receive,262807001882,1592111
262808594465,346,4,receive,262807003444,1591021
262808594929,602,4,receive,262807041076,1553853
262808595402,656,13,receive,262807050842,1544560
262808595867,300,12,receive,262807087482,1508385
262808633503,530,5,receive,262807082921,1550582
262808633942,266,9,receive,262807101238,1532704
262808634398,672,7,receive,262807066689,1567709
262808634853,548,4,receive,262807101070,1533783
262808635334,214,11,receive,262807092627,1542707
262808635795,328,12,receive,262807077914,1557881
262808636268,270,11,receive,262807078563,1557705
262808636730,808,3,receive,262807104021,1532709
262808681979,242,14,receive,262807085544,1596435
262808682449,498,8,receive,262807107277,1575172
262808682907,312,11,receive,262807097962,1584945
262808683372,456,4,receive,262807044538,1638834
262808683830,650,3,receive,262807110943,1572887
262808694357,470,17,receive,262807124349,1570008
262808694802,4,6,receive,262807138017,1556785
262808716853,194,16,receive,262807126843,1590010
262808717328,408,7,receive,262807094804,1622524
262808717792,664,6,receive,262807117007,1600785
262808718264,426,6,receive,262807075272,1642992
262808718726,326,6,receive,262807082430,1636296
262808719207,322,6,receive,262807124006,1595201
262808719670,204,4,receive,262807163006,1556664
262808747294,492,8,receive,262807137835,1609459
262808747741,416,5,receive,262807105010,1642731
262808748219,798,3,receive,262807165843,1582376
262808748680,458,7,receive,262807184976,1563704
262808758940,462,5,receive,262807176532,1582408
262808760089,406,16,receive,262807159033,1601056
262808760945,750,5,receive,262807164716,1596229
262808765137,284,10,receive,262807200071,1565066
262808820106,304,10,receive,262807194247,1625859
262808820541,524,6,receive,262807192883,1627658
262808820972,452,8,receive,262807194187,1626785
262808821443,192,10,receive,262807225011,1596432
262808821896,292,4,receive,262807185326,1636570
262808828487,566,5,receive,262807196078,1632409
262808833491,514,7,receive,262807191614,1641877
262808842435,576,3,receive,262807212076,1630359
262808842889,334,6,receive,262807255011,1587878
262808843335,696,11,receive,262807283413,1559922
262808858218,486,5,receive,262807281919,1576299
262808858671,250,5,receive,262807265265,1593406
262808859142,294,7,receive,262807269680,1589462
262808859584,322,7,receive,262807271670,1587914
262808860036,676,8,receive,262807244006,1616030
262808860484,512,5,receive,262807324262,1536222
262808860924,800,3,receive,262807333006,1527918
262808861381,204,5,receive,262807365240,1496141
262808861826,328,13,receive,262807357399,1504427
262808909181,190,13,receive,262807364503,1544678
262808909639,180,12,receive,262807346547,1563092
262808910114,550,6,receive,262807351005,1559109
262808910625,784,3,receive,262807341739,1568886
262808911098,764,4,receive,262807348537,1562561
262808911568,808,4,receive,262807335896,1575672
262808948069,626,3,receive,262807375126,1572943
262808948523,504,9,receive,262807374090,1574433
262808948973,350,6,receive,262807398253,1550720
262808949447,598,5,receive,262807371964,1577483
262808949899,650,4,receive,262807406115,1543784
262808950358,616,7,receive,262807394006,1556352
262808950809,242,15,receive,262807414006,1536803
262808977596,254,6,receive,262807438130,1539466
262808978056,510,8,receive,262807452186,1525870
262808978515,424,9,receive,262807428417,1550098
262808978954,446,5,receive,262807455318,1523636
262808979418,306,8,receive,262807435846,1543572
262808979864,214,12,receive,262807457689,1522175
262808980331,728,6,receive,262807442398,1537933
262809009768,322,8,receive,262807464123,1545645
262809010235,478,9,receive,262807440329,1569906
262809010680,528,4,receive,262807475118,1535562
262809011146,266,10,receive,262807470364,1540782
262809011593,530,6,receive,262807472317,1539276
262809012053,696,12,receive,262807505059,1506994
262809012497,748,3,receive,262807491741,1520756
262809012941,240,4,receive,262807500410,1512531
262809036482,784,4,receive,262807490269,1546213
262809036922,272,17,receive,262807524472,1512450
262809037374,770,4,receive,262807532370,1505004
262809037811,440,4,receive,262807526734,1511077
262809038261,308,13,receive,262807531879,1506382
262809048632,710,6,receive,262807539594,1509038
262809056796,260,4,receive,262807545253,1511543
262809057243,346,5,receive,262807548071,1509172
262809060574,460,7,receive,262807547635,1512939
262809068642,414,16,receive,262807526023,1542619
262809069101,486,6,receive,262807585446,1483655
262809069553,4,8,receive,262807593576,1475977
262809069997,800,4,receive,262807576254,1493743
262809070447,330,9,receive,262807616599,1453848
262809070891,462,6,receive,262807596507,1474384
262809086768,412,9,receive,262807621886,1464882
262809087827,204,6,receive,262807604352,1483475
262809089682,602,5,receive,262807612530,1477152
262809095497,570,4,receive,262807634853,1460644
262809097780,426,7,receive,262807630655,1467125
262809098224,468,8,receive,262807634513,1463711
262809098656,342,13,receive,262807633179,1465477
262809107737,624,3,receive,262807626074,1481663
262809108268,296,16,receive,262807609885,1498383
262809113894,516,5,receive,262807660673,1453221
262809115614,512,6,receive,262807654385,1461229
262809120532,746,3,receive,262807632698,1487834
262809121280,298,9,receive,262807654631,1466649
262809128554,368,8,receive,262807680974,1447580
262809130060,350,7,receive,262807640575,1489485
262809130491,374,9,receive,262807674117,1456374
262809130920,268,12,receive,262807669911,1461009
262809139450,322,9,receive,262807676019,1463431
262809139880,196,6,receive,262807709590,1430290
262809140334,302,12,receive,262807693525,1446809
262809156540,292,5,receive,262807730139,1426401
262809156980,644,4,receive,262807746400,1410580
262809157420,522,6,receive,262807721128,1436292
262809157874,412,10,receive,262807760515,1397359
262809158333,694,12,receive,262807755006,1403327
262809158774,416,6,receive,262807751478,1407296
262809171774,584,4,receive,262807764004,1407770
262809181790,304,11,receive,262807766073,1415717
262809182239,430,9,receive,262807742578,1439661
262809182666,564,4,receive,262807732370,1450296
262809183117,314,7,receive,262807738518,1444599
262809183564,544,6,receive,262807761088,1422476
262809184009,396,5,receive,262807759145,1424864
262809184454,574,6,receive,262807776805,1407649
262809184901,340,7,receive,262807779996,1404905
262809210759,256,9,receive,262807793118,1417641
262809211214,286,6,receive,262807792643,1418571
262809211657,190,14,receive,262807798679,1412978
262809216033,282,4,receive,262807802421,1413612
262809216967,298,10,receive,262807807621,1409346
262809217434,284,11,receive,262807816822,1400612
262809217876,498,9,receive,262807783344,1434532
262809238643,478,10,receive,262807830966,1407677
262809239112,642,6,receive,262807833868,1405244
262809239561,294,8,receive,262807844239,1395322
262809240026,326,7,receive,262807829873,1410153
262809240473,448,13,receive,262807856061,1384412
262809240939,370,9,receive,262807844950,1395989
262809241396,300,13,receive,262807861752,1379644
262809241849,296,17,receive,262807859134,1382715
262809266143,512,7,receive,262807877769,1388374
262809266578,506,5,receive,262807868599,1397979
262809267014,690,6,receive,262807873851,1393163
262809267467,130,7,receive,262807882129,1385338
262809267917,400,8,receive,262807902385,1365532
262809268380,396,6,receive,262807909269,1359111
262809268830,756,4,receive,262807897144,1371686
262809292769,216,5,receive,262807887365,1405404
262809293212,676,9,receive,262807914305,1378907
262809293644,650,5,receive,262807935264,1358380
262809294082,458,8,receive,262807938325,1355757
262809294514,338,10,receive,262807931713,1362801
262809294944,528,6,receive,262807936492,1358452
262809295396,504,11,receive,262807929515,1365881
262809319535,524,7,receive,262807959761,1359774
262809319980,474,5,receive,262807978563,1341417
262809320447,750,6,receive,262807966818,1353629
262809320902,240,5,receive,262807990693,1330209
262809321366,516,6,receive,262807977125,1344241
262809321803,548,5,receive,262807997980,1323823
262809322246,318,7,receive,262807971709,1350537
262809322676,514,8,receive,262808021844,1300832
262809336742,200,8,receive,262808019119,1317623
262809337240,204,7,receive,262807991777,1345463
262809337692,272,18,receive,262808030679,1307013
262809338153,672,9,receive,262808040943,1297210
262809338606,370,10,receive,262808039788,1298818
262809339068,518,10,receive,262808030126,1308942
262809339522,306,9,receive,262808054387,1285135
262809339974,644,5,receive,262808044070,1295904
262809365918,270,13,receive,262808034005,1331913
262809366390,196,7,receive,262808053007,1313383
262809366841,456,5,receive,262808060588,1306253
262809371525,570,5,receive,262808050007,1321518
262809372044,522,7,receive,262808083005,1289039
262809376032,492,9,receive,262808055166,1320866
262809384404,414,17,receive,262808106759,1277645
262809384848,692,7,receive,262808120440,1264408
262809385299,800,5,receive,262808127759,1257540
262809385763,664,8,receive,262808124746,1261017
262809386230,796,5,receive,262808121454,1264776
262809386690,260,5,receive,262808111328,1275362
262809387170,506,6,receive,262808103006,1284164
262809408296,572,5,receive,262808121798,1286498
262809408761,214,13,receive,262808134095,1274666
262809409229,334,8,receive,262808125069,1284160
262809409684,550,7,receive,262808122514,1287170
262809410155,386,15,receive,262808165010,1245145
262809410610,272,19,receive,262808153398,1257212
262809411081,410,11,receive,262808167570,1243511
262809411545,426,8,receive,262808131098,1280447
262809432320,408,8,receive,262808142069,1290251
262809432761,746,4,receive,262808184339,1248422
262809433209,576,4,receive,262808146798,1286411
262809433652,504,12,receive,262808185820,1247832
262809434119,284,12,receive,262808157836,1276283
262809434573,336,11,receive,262808223132,1211441
262809435031,400,9,receive,262808231306,1203725
262809435482,530,7,receive,262808236252,1199230
262809435934,798,5,receive,262808197082,1238852
262809458719,292,6,receive,262808198012,1260707
262809459165,512,8,receive,262808240710,1218455
262809459615,286,7,receive,262808243482,1216133
262809460077,264,8,receive,262808234119,1225958
262809460529,764,5,receive,262808251554,1208975
262809460980,256,10,receive,262808259358,1201622
262809461447,240,6,receive,262808258685,1202762
262809461896,808,6,receive,262808260517,1201379
262809482345,370,11,receive,262808274010,1208335
262809482810,694,13,receive,262808288009,1194801
262809483300,196,8,receive,262808296614,1186686
262809483763,626,4,receive,262808273417,1210346
262809484233,728,7,receive,262808276185,1208048
262809484711,322,10,receive,262808309125,1175586
262809504199,304,12,receive,262808316139,1188060
262809504653,308,15,receive,262808292463,1212190
262809505131,602,7,receive,262808307707,1197424
262809505591,266,11,receive,262808326193,1179398
262809506058,458,9,receive,262808318642,1187416
262809506513,528,7,receive,262808311602,1194911
262809506967,350,8,receive,262808214011,1292956
262809507441,254,7,receive,262808354334,1153107
262809532502,416,7,receive,262808345832,1186670
262809532943,424,10,receive,262808307073,1225870
262809533381,506,7,receive,262808381082,1152299
262809533814,462,7,receive,262808384235,1149579
262809534271,368,9,receive,262808376206,1158065
262809534721,282,5,receive,262808400008,1134713
262809535180,410,12,receive,262808408794,1126386
262809535631,690,7,receive,262808376138,1159493
262809553300,446,7,receive,262808398373,1154927
262809553739,570,6,receive,262808378757,1174982
262809554202,286,8,receive,262808426549,1127653
262809554650,190,15,receive,262808426476,1128174
262809555111,4,9,receive,262808394510,1160601
262809555571,318,8,receive,262808406007,1149564
262809570647,340,8,receive,262808434493,1136154
262809583135,616,8,receive,262808454190,1128945
262809583601,518,11,receive,262808457148,1126453
262809584097,408,9,receive,262808472405,1111692
262809584552,544,7,receive,262808489885,1094667
262809584998,314,8,receive,262808482241,1102757
262809596223,696,13,receive,262808499006,1097217
262809596733,498,10,receive,262808502607,1094126
262809611617,566,7,receive,262808515010,1096607
262809612058,504,13,receive,262808503010,1109048
262809612490,522,8,receive,262808507483,1105007
262809612920,346,6,receive,262808517006,1095914
262809613375,486,7,receive,262808484378,1128997
262809613827,200,9,receive,262808565005,1048822
262809614293,338,11,receive,262808554009,1060284
262809614744,260,6,receive,262808573010,1041734
262809643767,330,10,receive,262808588353,1055414
262809644237,440,6,receive,262808575158,1069079
262809644691,268,15,receive,262808564766,1079925
262809645154,624,5,receive,262808582133,1063021
262809645605,468,10,receive,262808557972,1087633
262809646066,756,5,receive,262808551881,1094185
262809646520,572,6,receive,262808604348,1042172
262809646981,396,7,receive,262808611640,1035341
262809671467,130,8,receive,262808604943,1066524
262809671923,530,8,receive,262808631005,1040918
262809672380,602,8,receive,262808620135,1052245
262809672836,412,11,receive,262808624734,1048102
262809673301,370,12,receive,262808602205,1071096
262809673751,448,14,receive,262808625410,1048341
262809697235,368,10,receive,262808644617,1052618
262809697680,478,11,receive,262808655430,1042250
262809698155,460,9,receive,262808652946,1045209
262809698617,336,12,receive,262808665497,1033120
262809699083,544,8,receive,262808682123,1016960
262809707027,342,14,receive,262808680698,1026329
262809707465,214,14,receive,262808685814,1021651
262809707890,416,8,receive,262808697626,1010264
262809724826,522,9,receive,262808679420,1045406
262809725265,266,12,receive,262808708854,1016411
262809725691,256,11,receive,262808694207,1031484
262809726134,430,11,receive,262808706528,1019606
262809734208,302,15,receive,262808695008,1039200
262809738528,642,7,receive,262808683118,1055410
262809752053,298,11,receive,262808724009,1028044
262809752486,796,6,receive,262808712252,1040234
262809752931,284,13,receive,262808713062,1039869
262809753388,510,10,receive,262808738666,1014722
262809753834,564,5,receive,262808743837,1009997
262809754302,410,13,receive,262808730118,1024184
262809754749,728,8,receive,262808741722,1013027
262809755204,296,18,receive,262808697195,1058009
262809755656,326,8,receive,262808738847,1016809
262809793586,484,8,receive,262808742080,1051506
262809794052,456,6,receive,262808766183,1027869
262809794510,800,6,receive,262808702410,1092100
262809794960,746,5,receive,262808739501,1055459
262809795425,294,10,receive,262808764785,1030640
262809795872,584,5,receive,262808773868,1022004
262809804353,548,6,receive,262808759141,1045212
262809804808,338,12,receive,262808763855,1040953
262809824228,676,10,receive,262808745507,1078721
262809824666,216,6,receive,262808797705,1026961
262809825123,546,8,receive,262808825416,999707
262809825583,550,8,receive,262808799361,1026222
262809826050,576,5,receive,262808803858,1022192
262809826503,446,8,receive,262808795384,1031119
262809826950,240,7,receive,262808826005,1000945
262809853078,644,7,receive,262808827419,1025659
262809853530,574,8,receive,262808859010,994520
262809853991,650,7,receive,262808824619,1029372
262809854446,474,7,receive,262808789355,1065091
262809854901,642,8,receive,262808867535,987366
262809855359,748,5,receive,262808881008,974351
262809855803,548,7,receive,262808888918,966885
262809879267,648,6,receive,262808894118,985149
262809879692,514,9,receive,262808878654,1001038
262809880122,672,10,receive,262808874395,1005727
262809880546,310,11,receive,262808879583,1000963
262809880971,598,7,receive,262808908076,972895
262809881405,770,6,receive,262808887904,993501
262809881838,270,14,receive,262808902481,979357
262809882298,460,10,receive,262808899880,982418
262809882739,292,7,receive,262808920630,962109
262809915759,692,8,receive,262808891012,1024747
262809916230,448,15,receive,262808921873,994357
262809916681,200,10,receive,262808927129,989552
262809917164,308,16,receive,262808913203,1003961
262809917639,584,6,receive,262808926924,990715
262809918099,342,15,receive,262808956477,961622
262809918553,396,8,receive,262808957874,960679
262809941314,282,6,receive,262808945070,996244
262809941757,254,8,receive,262808965433,976324
262809942212,426,10,receive,262808968486,973726
262809942673,264,9,receive,262808968647,974026
262809943136,764,6,receive,262808979956,963180
262809943599,570,7,receive,262809006007,937592
262809944109,690,8,receive,262809000247,943862
262809944573,696,14,receive,262809001095,943478
262809977385,750,7,receive,262809006137,971248
262809977812,314,9,receive,262809005872,971940
262809978262,468,11,receive,262809029713,948549
262809978705,516,7,receive,262808993930,984775
262809979157,204,8,receive,262808995435,983722
262809979601,624,6,receive,262809034237,945364
262809980054,808,7,receive,262809046006,934048
262809980501,340,9,receive,262809070078,910423
262809980946,492,10,receive,262809055006,925940
262810011864,216,7,receive,262809079516,932348
262810012331,270,15,receive,262809051423,960908
262810012780,572,7,receive,262809049013,963767
262810017687,664,9,receive,262809087062,930625
262810018155,370,13,receive,262809109952,908203
262810018601,616,9,receive,262809113144,905457
262810039007,544,9,receive,262809133547,905460
262810039463,268,16,receive,262809130240,909223
262810039913,458,10,receive,262809130011,909902
262810040378,528,8,receive,262809146348,894030
262810040828,746,6,receive,262809148010,892818
262810041283,626,5,receive,262809134929,906354
262810041729,504,14,receive,262809126339,915390
262810064496,282,7,receive,262809166202,898294
262810064939,250,7,receive,262809179269,885670
262810065387,566,8,receive,262809185230,880157
262810065823,512,9,receive,262809166451,899372
262810066270,318,9,receive,262809172006,894264
262810066706,642,9,receive,262809195971,870735
262810067152,710,8,receive,262809189832,877320
262810067591,4,10,receive,262809185684,881907
262810090577,334,10,receive,262809203695,886882
262810091036,800,7,receive,262809210689,880347
262810091496,292,8,receive,262809206875,884621
262810091950,346,7,receive,262809175191,916759
262810092419,756,6,receive,262809223532,868887
262810092871,572,8,receive,262809244203,848668
262810102968,350,9,receive,262809237599,865369
262810118397,256,12,receive,262809238027,880370
262810118832,750,8,receive,262809263119,855713
262810119283,784,7,receive,262809258230,861053
262810119726,408,10,receive,262809275530,844196
262810120171,486,8,receive,262809275326,844845
262810120612,284,14,receive,262809247484,873128
262810121064,196,9,receive,262809243190,877874
262810121511,764,7,receive,262809271528,849983
262810121962,518,12,receive,262809288121,833841
262810142916,530,9,receive,262809320649,822267
262810143363,304,14,receive,262809315346,828017
262810143781,410,15,receive,262809319228,824553
262810144212,516,8,receive,262809295010,849202
262810152119,566,9,receive,262809329415,822704
262810152544,770,7,receive,262809337283,815261
262810152982,498,11,receive,262809359481,793501
262810166294,692,9,receive,262809357135,809159
262810166742,240,8,receive,262809362972,803770
262810167199,286,9,receive,262809382007,785192
262810167644,334,11,receive,262809358498,809146
262810175350,266,13,receive,262809360007,815343
262810175803,506,8,receive,262809392006,783797
262810176265,676,11,receive,262809393469,782796
262810176713,644,8,receive,262809378735,797978
262810195678,642,10,receive,262809407855,787823
262810196143,648,7,receive,262809385689,810454
262810196599,800,8,receive,262809390754,805845
262810197061,130,9,receive,262809411563,785498
262810197523,462,8,receive,262809410205,787318
262810197980,474,8,receive,262809426820,771160
262810212211,696,15,receive,262809442061,770150
262810212651,310,12,receive,262809426708,785943
262810222133,516,9,receive,262809443004,779129
262810222594,368,11,receive,262809438117,784477
262810223065,602,9,receive,262809453706,769359
262810223525,254,9,receive,262809459062,764463
262810223981,710,9,receive,262809437420,786561
262810224449,572,9,receive,262809463115,761334
262810224916,776,6,receive,262809462593,762323
262810246618,796,7,receive,262809448887,797731
262810247086,484,9,receive,262809444148,802938
262810247549,250,8,receive,262809475640,771909
262810248013,440,7,receive,262809450834,797179
262810248475,616,10,receive,262809488450,760025
262810263027,750,9,receive,262809500723,762304
262810270249,240,9,receive,262809478182,792067
262810270724,340,10,receive,262809516819,753905
262810271209,510,11,receive,262809525541,745668
262810271671,416,9,receive,262809508872,762799
262810272158,808,8,receive,262809532009,740149
262810272623,770,8,receive,262809549299,723324
262810273098,598,8,receive,262809526942,746156
262810273568,302,16,receive,262809554098,719470
262810304557,282,8,receive,262809533797,770760
262810305031,644,9,receive,262809543404,761627
262810305500,410,16,receive,262809545115,760385
262810305958,260,7,receive,262809548200,757758
262810312027,426,11,receive,262809547440,764587
262810312468,396,9,receive,262809513226,799242
262810312923,570,8,receive,262809572704,740219
262810313398,342,16,receive,262809576292,737106
262810313857,446,9,receive,262809581007,732850
262810337544,264,10,receive,262809575575,761969
262810338013,522,10,receive,262809589637,748376
262810338483,408,11,receive,262809596285,742198
262810338942,796,8,receive,262809605420,733522
262810339411,326,9,receive,262809610976,728435
262810339879,412,12,receive,262809617369,722510
262810340352,546,9,receive,262809626182,714170
262810340815,492,11,receive,262809624253,716562
262810376341,254,10,receive,262809619807,756534
262810376795,550,9,receive,262809633914,742881
262810377281,478,12,receive,262809603814,773467
262810377739,350,10,receive,262809636010,741729
262810378209,566,10,receive,262809638006,740203
262810378666,330,12,receive,262809653377,725289
262810379131,650,9,receive,262809658139,720992
262810379590,298,12,receive,262809668316,711274
262810408648,462,9,receive,262809648292,760356
262810409131,410,17,receive,262809663673,745458
262810409590,304,15,receive,262809678005,731585
262810410066,468,12,receive,262809664290,745776
262810411324,576,6,receive,262809673219,738105
262810415657,338,13,receive,262809690183,725474
262810420587,798,7,receive,262809697021,723566
262810439542,346,8,receive,262809709865,729677
262810439977,746,7,receive,262809707569,732408
262810440429,270,16,receive,262809708372,732057
262810440881,284,15,receive,262809722132,718749
262810441336,294,11,receive,262809714007,727329
262810441762,728,9,receive,262809726369,715393
262810442200,524,9,receive,262809717422,724778
262810442635,456,7,receive,262809737595,705040
262810470784,368,12,receive,262809703005,767779
262810471250,282,9,receive,262809746960,724290
262810471693,310,13,receive,262809752596,719097
262810472145,626,6,receive,262809733702,738443
262810473530,572,10,receive,262809762116,711414
262810473964,624,7,receive,262809750012,723952
262810474420,200,11,receive,262809746635,727785
262810483349,474,9,receive,262809768771,714578
262810483800,564,6,receive,262809777006,706794
262810496865,314,10,receive,262809759793,737072
262810497313,528,9,receive,262809793957,703356
262810497758,318,10,receive,262809781840,715918
262810498212,770,9,receive,262809792229,705983
262810498658,584,7,receive,262809804752,693906
262810499113,546,10,receive,262809805709,693404
262810499562,250,9,receive,262809796411,703151
262810526425,292,9,receive,262809784708,741717
262810526861,748,6,receive,262809790777,736084
262810527301,672,11,receive,262809818068,709233
262810527749,690,9,receive,262809815071,712678
262810528205,196,10,receive,262809823743,704462
262810528654,256,13,receive,262809832581,696073
262810529114,460,11,receive,262809822006,707108
262810529565,204,9,receive,262809810367,719198
262810556078,240,10,receive,262809806293,749785
262810556522,776,7,receive,262809839071,717451
262810556966,458,11,receive,262809852756,704210
262810557428,498,12,receive,262809830686,726742
262810557880,800,9,receive,262809854362,703518
262810558339,566,11,receive,262809838954,719385
262810558791,576,7,receive,262809858125,700666
262810559264,4,11,receive,262809852005,707259
262810586345,728,10,receive,262809843351,742994
262810586784,270,17,receive,262809867177,719607
262810587241,710,10,receive,262809886987,700254
262810587693,514,10,receive,262809860336,727357
262810588153,548,8,receive,262809904477,683676
262810588604,254,11,receive,262809914495,674109
262810589093,584,8,receive,262809931834,657259
262810589552,650,10,receive,262809925765,663787
262810614823,570,9,receive,262809936012,678811
262810615294,400,11,receive,262809952007,663287
262810615743,808,9,receive,262809953390,662353
262810616200,478,13,receive,262809952204,663996
262810617195,784,8,receive,262809942792,674403
262810617647,572,11,receive,262809961443,656204
262810618107,644,10,receive,262809996101,622006
262810618558,574,10,receive,262810001616,616942
262810650508,346,9,receive,262810007902,642606
262810650945,462,10,receive,262810007006,643939
262810651403,504,15,receive,262810038007,613396
262810651851,284,16,receive,262810053309,598542
262810652311,216,8,receive,262810035181,617130
262810652753,524,10,receive,262810053308,599445
262810653210,510,12,receive,262810059298,593912
262810653654,664,10,receive,262810060613,593041
262810673454,408,12,receive,262810061293,612161
262810673874,598,9,receive,262810064007,609867
262810674305,692,10,receive,262810071758,602547
262810674725,544,10,receive,262810077705,597020
262810675155,690,10,receive,262810070897,604258
262810675576,566,12,receive,262810076473,599103
262810676004,254,12,receive,262810084859,591145
262810676432,584,9,receive,262810091626,584806
262810706114,396,10,receive,262810058432,647682
262810706545,784,9,receive,262810078049,628496
262810707017,302,17,receive,262810092967,614050
262810707464,516,10,receive,262810100640,606824
262810707914,204,10,receive,262810117824,590090
262810708369,770,10,receive,262810124943,583426
262810708820,440,8,receive,262810131888,576932
262810709282,564,7,receive,262810142071,567211
262810709728,800,10,receive,262810116450,593278
262810732526,260,8,receive,262810144136,588390
262810732967,292,10,receive,262810147012,585955
262810733415,412,13,receive,262810154953,578462
262810733854,458,12,receive,262810106541,627313
262810734317,294,12,receive,262810149908,584409
262810734756,426,12,receive,262810179468,555288
262810735210,196,11,receive,262810171953,563257
262810735654,504,16,receive,262810183848,551806
262810760886,550,10,receive,262810166836,594050
262810761343,342,17,receive,262810196131,565212
262810761784,282,10,receive,262810191515,570269
262810762238,286,10,receive,262810214559,547679
262810762684,748,7,receive,262810210190,552494
262810763141,676,12,receive,262810222431,540710
262810763581,756,7,receive,262810224759,538822
262810785772,784,10,receive,262810219007,566765
262810786236,410,18,receive,262810221006,565230
262810786682,548,9,receive,262810212231,574451
262810787148,506,9,receive,262810233670,553478
262810794189,130,10,receive,262810227955,566234
262810794625,304,16,receive,262810238304,556321
262810795070,408,13,receive,262810224426,570644
262810807791,460,12,receive,262810241260,566531
262810808260,216,9,receive,262810247128,561132
262810808709,764,8,receive,262810232988,575721
262810809174,516,11,receive,262810251827,557347
262810809623,650,11,receive,262810250648,558975
262810810096,330,13,receive,262810243872,566224
262810810559,484,10,receive,262810244455,566104
262810836446,310,14,receive,262810269011,567435
262810836886,486,9,receive,262810251332,585554
262810837344,492,12,receive,262810279063,558281
262810838423,514,11,receive,262810278538,559885
262810842467,416,10,receive,262810306006,536461
262810846397,292,11,receive,262810321647,524750
262810847861,254,13,receive,262810347007,500854
262810863606,314,11,receive,262810352201,511405
262810864058,410,19,receive,262810350769,513289
262810864507,458,13,receive,262810352329,512178
262810864948,624,8,receive,262810352241,512707
262810865390,648,8,receive,262810366131,499259
262810865827,310,15,receive,262810381010,484817
262810866271,334,12,receive,262810379773,486498
262810866707,750,10,receive,262810397006,469701
262810888364,318,11,receive,262810407119,481245
262810888778,800,11,receive,262810412005,476773
262810889216,574,11,receive,262810415014,474202
262810889655,396,11,receive,262810422723,466932
262810898041,342,18,receive,262810421537,476504
262810898606,544,11,receive,262810414397,484209
262810899066,570,10,receive,262810435555,463511
262810899514,200,12,receive,262810445578,453936
262810918280,474,10,receive,262810428839,489441
262810918717,650,12,receive,262810452957,465760
262810919155,784,11,receive,262810458682,460473
262810919589,426,13,receive,262810475475,444114
262810920038,264,11,receive,262810482516,437522
262810928507,286,11,receive,262810484338,444169
262810929093,510,13,receive,262810483138,445955
262810941027,676,13,receive,262810485643,455384
262810941471,626,7,receive,262810461793,479678
262810941914,522,11,receive,262810465128,476786
262810942357,4,12,receive,262810489537,452820
262810942788,672,12,receive,262810480210,462578
262810948762,130,11,receive,262810488618,460144
262810949213,796,9,receive,262810484302,464911
262810949649,624,9,receive,262810495260,454389
262810968819,644,11,receive,262810506420,462399
262810969280,498,13,receive,262810501064,468216
262810969723,284,17,receive,262810519943,449780
262810970169,440,9,receive,262810524275,445894
262810970605,690,11,receive,262810545785,424820
262810971045,798,8,receive,262810527658,443387
262810971482,350,11,receive,262810557964,413518
262810971914,412,14,receive,262810571558,400356
262810988209,292,12,receive,262810574717,413492
262810995197,304,17,receive,262810584632,410565
262810995694,200,13,receive,262810591696,403998
262811000425,468,13,receive,262810607005,393420
262811005326,400,12,receive,262810604840,400486
262811010026,764,9,receive,262810582432,427594
262811014307,492,13,receive,262810615306,399001
262811014783,564,8,receive,262810647189,367594
262811015244,572,12,receive,262810633005,382239
262811015693,808,10,receive,262810663006,352687
262811016151,710,11,receive,262810663981,352170
262811016597,800,12,receive,262810682004,334593
262811017050,746,8,receive,262810667513,349537
262811017505,648,9,receive,262810698567,318938
262811017956,250,10,receive,262810693926,324030
262811048413,544,12,receive,262810715011,333402
262811048864,576,8,receive,262810722556,326308
262811049334,750,11,receive,262810728476,320858
262811054028,522,12,receive,262810692906,361122
262811054457,342,19,receive,262810737005,317452
262811059266,546,11,receive,262810751723,307543
262811063578,286,12,receive,262810752768,310810
262811064035,462,11,receive,262810744666,319369
262811064482,644,12,receive,262810754588,309894
262811069819,412,15,receive,262810772905,296914
262811074951,510,14,receive,262810736601,338350
262811075935,240,11,receive,262810746952,328983
262811080144,776,8,receive,262810794896,285248
262811085908,770,11,receive,262810810469,275439
262811086436,550,11,receive,262810847762,238674
262811090351,492,14,receive,262810857127,233224
262811091399,314,12,receive,262810864606,226793
262811095033,204,11,receive,262810873283,221750
262811099549,548,10,receive,262810865978,233571
262811105150,728,11,receive,262810875010,230140
262811107466,644,13,receive,262810875700,231766
262811107899,764,10,receive,262810873454,234445
262811108360,498,14,receive,262810884938,223422
262811108808,346,10,receive,262810902810,205998
262811109262,572,13,receive,262810914648,194614
262811109715,748,8,receive,262810935330,174385
262811120710,664,11,receive,262810922337,198373
262811129638,746,9,receive,262810944965,184673
262811130092,756,8,receive,262810941017,189075
262811130629,514,12,receive,262810948729,181900
262811131083,650,13,receive,262810973758,157325
262811131531,784,12,receive,262810971176,160355
262811131976,410,20,receive,262810988530,143446
262811132437,294,13,receive,262810991186,141251
262811132882,282,11,receive,262810999826,133056
262811150647,546,12,receive,262811005686,144961
262811151112,260,9,receive,262810993079,158033
262811154231,416,11,receive,262811012385,141846
262811161124,486,10,receive,262811005065,156059
262811161617,644,14,receive,262811005169,156448
262811162076,342,20,receive,262811017729,144347
262811162564,566,13,receive,262811020905,141659
262811171197,440,10,receive,262811042006,129191
262811171687,302,18,receive,262811052010,119677
262811172150,570,11,receive,262811060195,111955
262811172598,692,11,receive,262811046061,126537
262811173056,776,9,receive,262811073571,99485
262811173512,492,15,receive,262811056803,116709
262811173965,484,11,receive,262811079005,94960
262811174425,264,12,receive,262811034567,139858
262811174871,240,12,receive,262811110172,64699
262811189782,318,12,receive,262811119009,70773
262811190272,196,12,receive,262811120779,69493
262811190751,710,12,receive,262811087067,103684
262811197387,304,18,receive,262811147241,50146
262811199210,626,8,receive,262811151339,47871
262811199664,310,16,receive,262811150748,48916
262811202770,408,14,receive,262811157611,45159
262811203246,576,9,receive,262811152308,50938
262811203701,4,13,receive,262811170469,33232
262811204166,396,12,receive,262811170040,34126
262811208602,650,14,receive,262811183685,24917
262811209055,570,12,receive,262811190919,18136
262811209511,796,10,receive,262811189348,20163
262811209973,292,13,receive,262811194548,15425
262811215635,572,14,receive,262811185170,30465
262811216102,462,12,receive,262811209988,6114
262811220035,440,11,receive,262811214694,5341
262811220566,516,12,receive,262811207124,13442
262811226860,746,10,receive,262811223727,3133
262811233972,216,10,receive,262811233646,326
262811254730,546,13,receive,262811254401,329
262811255798,474,11,receive,262811246354,9444
262811260017,334,13,receive,262811250060,9957
262811264486,648,10,receive,262811259551,4935
262811273364,544,13,receive,262811272841,523
262811281377,458,14,receive,262811271633,9744
262811284108,330,14,receive,262811280075,4033
262811284732,342,21,receive,262811283062,1670
262811294145,798,9,receive,262811292742,1403
262811309372,574,12,receive,262811301459,7913
262811309889,284,18,receive,262811299776,10113
262811310425,510,15,receive,262811297622,12803
262811346563,676,14,receive,262811341045,5518
262811347041,492,16,receive,262811334612,12429
262811351496,416,12,receive,262811337525,13971
262811351927,240,13,receive,262811336539,15388
262811358247,292,14,receive,262811355887,2360
262811360376,204,12,receive,262811359556,820
262811378883,462,13,receive,262811366987,11896
262811397874,576,10,receive,262811397475,399
262811409450,624,10,receive,262811407964,1486
262811410799,396,13,receive,262811396294,14505
262811420743,400,13,receive,262811412861,7882
262811424151,672,13,receive,262811420026,4125
262811438324,318,13,receive,262811437125,1199
262811454270,808,11,receive,262811448343,5927
262811461303,644,15,receive,262811455418,5885
262811462043,440,12,receive,262811455394,6649
262811475054,294,14,receive,262811466791,8263
262811475724,314,13,receive,262811472502,3222
262811489232,626,9,receive,262811479539,9693
262811495344,302,19,receive,262811489886,5458
262811508309,544,14,receive,262811504010,4299
262811515063,130,12,receive,262811506482,8581
262811520376,800,13,receive,262811514582,5794
262811528112,548,11,receive,262811522006,6106
262811533356,486,11,receive,262811526388,6968
262811534008,468,14,receive,262811527672,6336
262811544747,746,11,receive,262811541882,2865
262811545401,510,16,receive,262811527010,18391
262811584403,484,12,receive,262811577696,6707
262811592039,748,9,receive,262811591564,475
262811592737,676,15,receive,262811592004,733
262811607103,260,10,receive,262811599320,7783
262811607749,574,13,receive,262811601133,6616
262811608416,570,13,receive,262811602730,5686
262811618142,784,13,receive,262811599006,19136
262811626050,286,13,receive,262811622719,3331
262811626750,294,15,receive,262811625895,855
262811644335,240,14,receive,262811633316,11019
262811672283,798,10,receive,262811663503,8780
262811676413,204,13,receive,262811669179,7234
262811704889,710,13,receive,262811703008,1881
262811705541,522,13,receive,262811702918,2623
262811706188,514,13,receive,262811698773,7415
262811719259,410,21,receive,262811710627,8632
262811719907,302,20,receive,262811714067,5840
262811742612,400,14,receive,262811735266,7346
262811756640,216,11,receive,262811754492,2148
262811779500,468,15,receive,262811774684,4816
262811781321,550,12,receive,262811772117,9204
262811813403,748,10,receive,262811812577,826
262811814705,570,14,receive,262811814308,397
262811816893,458,15,receive,262811812120,4773
262811820048,294,16,receive,262811817038,3010
262811853452,474,12,receive,262811852981,471
262811854737,486,12,receive,262811850005,4732
262811856827,784,14,receive,262811854334,2493
262811865432,522,14,receive,262811864495,937
262811889217,550,13,receive,262811887950,1267
262811891483,334,14,receive,262811890870,613
262811920780,240,15,receive,262811918005,2775
262811948081,264,13,receive,262811947011,1070
262811951917,292,15,receive,262811950592,1325
262811964376,626,10,receive,262811963897,479
262811969147,284,19,receive,262811966386,2761
262811980684,516,13,receive,262811980133,551
262811983258,400,15,receive,262811982844,414
262811987766,796,11,receive,262811987268,498
262812013388,566,14,receive,262812012652,736
262812018037,492,17,receive,262812017079,958
262812022492,216,12,receive,262812019999,2493
262812034081,576,11,receive,262812033427,654
262812038915,458,16,receive,262812038454,461
262812042979,748,11,receive,262812042518,461
262812055394,624,11,receive,262812054749,645
262812063068,462,14,receive,262812062510,558
262812072458,486,13,receive,262812071461,997
262812092173,776,10,receive,262812091475,698
262812096469,546,14,receive,262812093640,2829
262812101256,676,16,receive,262812098924,2332
262812102881,572,15,receive,262812102022,859
262812121810,260,11,receive,262812120005,1805
262812122989,4,14,receive,262812122348,641
262812151633,648,11,receive,262812149018,2615
262812175768,484,13,receive,262812173059,2709
262812181769,784,15,receive,262812179889,1880
262812183240,240,16,receive,262812182148,1092
262812187117,548,12,receive,262812184204,2913
262812190179,574,14,receive,262812188608,1571
262812194703,550,14,receive,262812194094,609
262812211144,672,14,receive,262812208822,2322
