receive_timestamp,source_vehicle,message_id,event_type,send_timestamp,latency_us
373559397,122,1,receive,373296841,262556
373559885,158,1,receive,373304081,255804
373560319,230,2,receive,373326675,233644
373560729,320,2,receive,373327062,233667
373561152,98,3,receive,373323391,237761
373561565,384,2,receive,373330017,231548
373561975,252,1,receive,373331018,230957
373564363,634,2,receive,373331441,232922
373841478,632,1,receive,373332263,509215
373841893,118,1,receive,373332253,509640
373842362,6,4,receive,373278304,564058
373842827,90,3,receive,373332855,509972
373843410,818,1,receive,373332891,510519
373843858,90,4,receive,373333221,510637
373844303,400,2,receive,373333307,510996
373844746,44,5,receive,373273715,571031
373845224,150,3,receive,373334297,510927
374060238,154,2,receive,373334689,725549
374060809,486,2,receive,373334774,726035
374061385,758,1,receive,373334743,726642
374061841,182,3,receive,373296292,765549
374062306,206,2,receive,373335639,726667
374062781,972,1,receive,373336349,726432
374063288,798,2,receive,373336605,726683
374063748,728,1,receive,373337175,726573
374064192,152,4,receive,373321810,742382
374064649,58,4,receive,373280331,784318
374342235,670,1,receive,373337448,1004787
374342721,132,1,receive,373337427,1005294
374343291,766,1,receive,373337608,1005683
374343817,84,3,receive,373324172,1019645
374344247,312,1,receive,373339142,1005105
374344857,312,2,receive,373339616,1005241
374345305,100,1,receive,373257727,1087578
374345739,188,2,receive,373340656,1005083
374346167,96,3,receive,373340772,1005395
374346631,274,1,receive,373342284,1004347
374586636,204,1,receive,373342449,1244187
374587105,18,3,receive,373343300,1243805
374587674,426,2,receive,373343822,1243852
374588168,408,3,receive,373344177,1243991
374588632,338,1,receive,373344313,1244319
374849183,12,5,receive,373315677,1533506
374849758,138,1,receive,373345262,1504496
374850227,626,1,receive,373345494,1504733
374850697,110,3,receive,373345744,1504953
374851176,590,5,receive,373345797,1505379
374851642,782,1,receive,373346124,1505518
374852156,160,3,receive,373346421,1505735
374852637,290,1,receive,373311159,1541478
374853106,964,1,receive,373346825,1506281
375062379,96,4,receive,373346856,1715523
375063167,432,2,receive,373347684,1715483
375063744,670,2,receive,373349026,1714718
375064218,632,2,receive,373350024,1714194
375064667,106,3,receive,373351343,1713324
375065135,708,1,receive,373351772,1713363
375065591,158,2,receive,373351916,1713675
375066040,150,4,receive,373352784,1713256
375066494,284,1,receive,373353815,1712679
375302841,70,5,receive,373288342,2014499
375303419,426,3,receive,373354781,1948638
375303880,868,2,receive,373354805,1949075
375304335,730,1,receive,373355393,1948942
375304837,206,3,receive,373355353,1949484
375305408,1000,1,receive,373355649,1949759
375305879,382,1,receive,373356097,1949782
375306327,320,3,receive,373357048,1949279
375306797,80,2,receive,373357455,1949342
375307275,36,2,receive,373357977,1949298
375545771,56,3,receive,373241375,2304396
375546239,490,1,receive,373358269,2187970
375546798,400,3,receive,373358854,2187944
375547269,554,1,receive,373359320,2187949
375547730,598,1,receive,373359649,2188081
375548198,104,5,receive,373360476,2187722
375548654,212,1,receive,373360429,2188225
375549128,818,2,receive,373360893,2188235
375549577,128,5,receive,373361359,2188218
375550044,764,1,receive,373362713,2187331
375803011,190,1,receive,373362713,2440298
375803491,210,2,receive,373363083,2440408
375804071,230,3,receive,373364522,2439549
375804550,778,4,receive,373364429,2440121
375805066,592,1,receive,373364608,2440458
375805525,488,1,receive,373367149,2438376
375805993,426,4,receive,373367583,2438410
375806454,332,1,receive,373367726,2438728
375806940,354,1,receive,373368455,2438485
375807410,114,5,receive,373368894,2438516
376050155,582,1,receive,373368957,2681198
376050640,86,4,receive,373369044,2681596
376051206,640,1,receive,373369448,2681758
376051714,166,2,receive,373358761,2692953
376052169,300,1,receive,373370044,2682125
376052653,192,1,receive,373370182,2682471
376053113,712,1,receive,373370313,2682800
376053580,486,3,receive,373371338,2682242
376054048,130,3,receive,373309045,2745003
376054514,524,1,receive,373374149,2680365
376290142,130,4,receive,373373933,2916209
376290649,530,1,receive,373374600,2916049
376291246,436,1,receive,373374829,2916417
376291752,130,5,receive,373375029,2916723
376292218,636,2,receive,373376013,2916205
376292686,90,5,receive,373376866,2915820
376293167,508,1,receive,373376887,2916280
376293631,972,2,receive,373377276,2916355
376294127,130,6,receive,373376476,2917651
376294610,426,5,receive,373377644,2916966
376537431,634,3,receive,373378345,3159086
376537938,918,1,receive,373378463,3159475
376538538,618,1,receive,373379066,3159472
376539022,166,3,receive,373380013,3159009
376539491,112,2,receive,373285041,3254450
376539966,8,5,receive,373278178,3261788
376540450,196,6,receive,373381922,3158528
376540927,868,3,receive,373382063,3158864
376541495,90,6,receive,373382316,3159179
376541953,340,1,receive,373296934,3245019
376797550,400,4,receive,373382781,3414769
376798013,432,3,receive,373383008,3415005
376798618,486,4,receive,373383975,3414643
376799093,126,2,receive,373305048,3494045
376799564,222,1,receive,373375932,3423632
376800048,316,1,receive,373386209,3413839
376800515,486,5,receive,373386787,3413728
376800987,730,2,receive,373387278,3413709
376801455,2,5,receive,373273391,3528064
376801938,154,3,receive,373388709,3413229
377045285,734,1,receive,373389539,3655746
377045671,444,1,receive,373334200,3711471
377046169,436,2,receive,373390018,3656151
377046603,638,1,receive,373371725,3674878
377046983,492,2,receive,373390020,3656963
377047366,366,1,receive,373390145,3657221
377047742,618,2,receive,373390437,3657305
377048145,62,4,receive,373250337,3797808
377048616,774,1,receive,373390624,3657992
377049016,756,1,receive,373390885,3658131
377049419,554,2,receive,373391272,3658147
377287713,196,7,receive,373391318,3896395
377288203,678,1,receive,373391717,3896486
377288764,964,2,receive,373391772,3896992
377289239,724,1,receive,373392160,3897079
377289758,64,4,receive,373354344,3935414
377290253,488,2,receive,373393759,3896494
377290705,798,3,receive,373393968,3896737
377291157,320,4,receive,373394395,3896762
377291627,222,2,receive,373395466,3896161
377503165,778,5,receive,373395541,4107624
377503714,778,6,receive,373395881,4107833
377504166,32,3,receive,373285087,4219079
377504610,206,4,receive,373396720,4107890
377505071,336,1,receive,373396941,4108130
377505514,2,6,receive,373393761,4111753
377505972,766,2,receive,373397603,4108369
377506415,352,1,receive,373355333,4151082
377506860,164,2,receive,373287511,4219349
377507299,434,1,receive,373398867,4108432
377745442,804,1,receive,373398932,4346510
377745896,456,2,receive,373399942,4345954
377746444,612,2,receive,373391742,4354702
377746910,858,1,receive,373343766,4403144
377747363,150,5,receive,373400589,4346774
377747819,560,1,receive,373401198,4346621
377748264,330,1,receive,373400981,4347283
377748745,204,2,receive,373401651,4347094
377749189,564,1,receive,373401672,4347517
377948506,222,3,receive,373402437,4546069
377949086,778,7,receive,373402673,4546413
377949531,230,4,receive,373403215,4546316
377949983,586,1,receive,373403229,4546754
377950450,670,3,receive,373403888,4546562
377950900,982,1,receive,373404064,4546836
377951345,592,2,receive,373404299,4547046
377951795,994,1,receive,373404655,4547140
377952245,554,3,receive,373404704,4547541
377952707,634,4,receive,373405133,4547574
378188194,634,5,receive,373405599,4782595
378188654,426,6,receive,373405950,4782704
378189217,964,3,receive,373407361,4781856
378189673,316,2,receive,373407547,4782126
378190158,844,1,receive,373407892,4782266
378190624,586,2,receive,373408806,4781818
378191145,566,1,receive,373360373,4830772
378191593,482,1,receive,373410119,4781474
378192065,370,1,receive,373410438,4781627
378388906,836,1,receive,373411253,4977653
378389393,836,2,receive,373411872,4977521
378389912,54,2,receive,373411868,4978044
378390338,150,6,receive,373412059,4978279
378390744,252,2,receive,373415349,4975395
378391141,312,3,receive,373415998,4975143
378391596,448,2,receive,373327134,5064462
378392028,238,1,receive,373416159,4975869
378392488,312,4,receive,373416340,4976148
378392883,396,1,receive,373416732,4976151
378393333,868,4,receive,373416750,4976583
378605588,640,2,receive,373417199,5188389
378606257,318,1,receive,373417412,5188845
378606761,746,1,receive,373420030,5186731
378607231,530,2,receive,373420076,5187155
378607692,192,2,receive,373420126,5187566
378608141,810,1,receive,373420516,5187625
378608630,502,1,receive,373422960,5185670
378609078,888,1,receive,373423157,5185921
378609540,892,1,receive,373424788,5184752
378803927,896,1,receive,373425194,5378733
378804471,244,1,receive,373425208,5379263
378804938,924,1,receive,373425571,5379367
378805388,82,3,receive,373387972,5417416
378805832,964,4,receive,373427070,5378762
378806311,300,2,receive,373427165,5379146
378806769,492,3,receive,373427954,5378815
378807214,166,4,receive,373430014,5377200
378807657,332,2,receive,373417168,5390489
378995679,428,1,receive,373430101,5565578
378996089,792,1,receive,373430663,5565426
378996680,450,1,receive,373431662,5565018
378997078,582,2,receive,373432544,5564534
378997483,506,1,receive,373432861,5564622
378997869,538,1,receive,373433495,5564374
378998316,478,1,receive,373433985,5564331
378998782,230,5,receive,373434750,5564032
378999318,498,1,receive,373436296,5563022
378999705,964,5,receive,373438204,5561501
379000140,166,5,receive,373438419,5561721
379198059,300,3,receive,373438927,5759132
379198574,224,1,receive,373439255,5759319
379199183,124,1,receive,373430406,5768777
379199635,486,6,receive,373440016,5759619
379200137,860,1,receive,373336252,5863885
379200591,136,1,receive,373374011,5826580
379201089,258,1,receive,373440131,5760958
379201557,788,1,receive,373440383,5761174
379202022,584,1,receive,373440677,5761345
379202474,860,2,receive,373442319,5760155
379411268,972,3,receive,373442573,5968695
379411768,352,2,receive,373443173,5968595
