receive_timestamp,source_vehicle,message_id,event_type,send_timestamp,latency_us
373574700,98,3,receive,373323391,251309
373575205,384,2,receive,373330017,245188
373575696,252,1,receive,373331018,244678
373576155,634,2,receive,373331441,244714
373576625,632,1,receive,373332263,244362
373577034,118,1,receive,373332253,244781
373577494,6,4,receive,373278304,299190
373577908,90,3,receive,373332855,245053
373578341,818,1,receive,373332891,245450
373578733,90,4,receive,373333221,245512
373579153,400,2,receive,373333307,245846
373580233,44,5,receive,373273715,306518
373580654,150,3,receive,373334297,246357
373581093,154,2,receive,373334689,246404
373581506,486,2,receive,373334774,246732
373581941,758,1,receive,373334743,247198
373900794,182,3,receive,373296292,604502
373901263,206,2,receive,373335639,565624
373901727,972,1,receive,373336349,565378
373902308,798,2,receive,373336605,565703
373902886,152,4,receive,373321810,581076
373903404,728,1,receive,373337175,566229
373903875,58,4,receive,373280331,623544
373904334,670,1,receive,373337448,566886
373905009,132,1,receive,373337427,567582
373905579,766,1,receive,373337608,567971
374120230,84,3,receive,373324172,796058
374120729,312,1,receive,373339142,781587
374121175,312,2,receive,373339616,781559
374189632,100,1,receive,373257727,931905
374190143,96,3,receive,373340772,849371
374190599,188,2,receive,373340656,849943
374191054,274,1,receive,373342284,848770
374191502,204,1,receive,373342449,849053
374191961,18,3,receive,373343300,848661
374192408,426,2,receive,373343822,848586
374192855,408,3,receive,373344177,848678
374193299,338,1,receive,373344313,848986
374193743,12,5,receive,373315677,878066
374420917,138,1,receive,373345262,1075655
374421428,626,1,receive,373345494,1075934
374422252,110,3,receive,373345744,1076508
374422804,590,5,receive,373345797,1077007
374423276,782,1,receive,373346124,1077152
374423739,160,3,receive,373346421,1077318
374424245,290,1,receive,373311159,1113086
374424904,964,1,receive,373346825,1078079
374425397,96,4,receive,373346856,1078541
374425920,432,2,receive,373347684,1078236
374662460,670,2,receive,373349026,1313434
374663076,632,2,receive,373350024,1313052
374663760,106,3,receive,373351343,1312417
374664599,708,1,receive,373351772,1312827
374665222,158,2,receive,373351916,1313306
374665847,150,4,receive,373352784,1313063
374666410,284,1,receive,373353815,1312595
374666964,70,5,receive,373288342,1378622
374667680,868,2,receive,373354805,1312875
374890517,426,3,receive,373354781,1535736
374890973,730,1,receive,373355393,1535580
374891454,206,3,receive,373355353,1536101
374892259,1000,1,receive,373355649,1536610
374892812,382,1,receive,373356097,1536715
374893309,320,3,receive,373357048,1536261
374893830,80,2,receive,373357455,1536375
374894399,36,2,receive,373357977,1536422
374894905,56,3,receive,373241375,1653530
375125619,490,1,receive,373358269,1767350
375126085,400,3,receive,373358854,1767231
375126568,554,1,receive,373359320,1767248
375127041,598,1,receive,373359649,1767392
375127506,104,5,receive,373360476,1767030
375128036,212,1,receive,373360429,1767607
375128735,818,2,receive,373360893,1767842
375129248,128,5,receive,373361359,1767889
375129764,764,1,receive,373362713,1767051
375130302,190,1,receive,373362713,1767589
375360116,210,2,receive,373363083,1997033
375360589,230,3,receive,373364522,1996067
375361043,778,4,receive,373364429,1996614
375361534,592,1,receive,373364608,1996926
375362020,488,1,receive,373367149,1994871
375362474,426,4,receive,373367583,1994891
375362928,332,1,receive,373367726,1995202
375363401,354,1,receive,373368455,1994946
375363871,582,1,receive,373368957,1994914
375364345,114,5,receive,373368894,1995451
375591866,86,4,receive,373369044,2222822
375592498,640,1,receive,373369448,2223050
375593140,166,2,receive,373358761,2234379
375593635,300,1,receive,373370044,2223591
375594124,192,1,receive,373370182,2223942
375595386,712,1,receive,373370313,2225073
375595885,486,3,receive,373371338,2224547
375596381,130,3,receive,373309045,2287336
375596889,524,1,receive,373374149,2222740
375841053,130,4,receive,373373933,2467120
375841528,530,1,receive,373374600,2466928
375841993,436,1,receive,373374829,2467164
375842493,130,5,receive,373375029,2467464
375842967,636,2,receive,373376013,2466954
375843427,90,5,receive,373376866,2466561
375843894,508,1,receive,373376887,2467007
375844372,972,2,receive,373377276,2467096
375844849,130,6,receive,373376476,2468373
375845316,426,5,receive,373377644,2467672
376075295,634,3,receive,373378345,2696950
376075775,918,1,receive,373378463,2697312
376076249,618,1,receive,373379066,2697183
376076723,166,3,receive,373380013,2696710
376077217,112,2,receive,373285041,2792176
376077688,8,5,receive,373278178,2799510
376078156,868,3,receive,373382063,2696093
376078623,196,6,receive,373381922,2696701
376079104,90,6,receive,373382316,2696788
376079568,340,1,receive,373296934,2782634
376313663,400,4,receive,373382781,2930882
376314145,432,3,receive,373383008,2931137
376314604,486,4,receive,373383975,2930629
376315071,126,2,receive,373305048,3010023
376315522,222,1,receive,373375932,2939590
376315979,316,1,receive,373386209,2929770
376316461,486,5,receive,373386787,2929674
376316932,730,2,receive,373387278,2929654
376317414,2,5,receive,373273391,3044023
376317887,154,3,receive,373388709,2929178
376546485,734,1,receive,373389539,3156946
376546966,444,1,receive,373334200,3212766
376547435,492,2,receive,373390020,3157415
376547909,436,2,receive,373390018,3157891
376548376,638,1,receive,373371725,3176651
376548836,366,1,receive,373390145,3158691
376549308,618,2,receive,373390437,3158871
376549768,62,4,receive,373250337,3299431
376550251,774,1,receive,373390624,3159627
376550719,756,1,receive,373390885,3159834
376773832,554,2,receive,373391272,3382560
376774319,196,7,receive,373391318,3383001
376774812,678,1,receive,373391717,3383095
376775347,964,2,receive,373391772,3383575
376775811,724,1,receive,373392160,3383651
376776300,64,4,receive,373354344,3421956
376776785,488,2,receive,373393759,3383026
376777250,798,3,receive,373393968,3383282
376777732,320,4,receive,373394395,3383337
376983693,222,2,receive,373395466,3588227
376984171,778,5,receive,373395541,3588630
376984639,778,6,receive,373395881,3588758
376985079,32,3,receive,373285087,3699992
376985521,206,4,receive,373396720,3588801
376985977,336,1,receive,373396941,3589036
376986418,2,6,receive,373393761,3592657
376986875,766,2,receive,373397603,3589272
376987315,352,1,receive,373355333,3631982
376987780,164,2,receive,373287511,3700269
377206796,434,1,receive,373398867,3807929
377207271,804,1,receive,373398932,3808339
377207724,456,2,receive,373399942,3807782
377208156,612,2,receive,373391742,3816414
377208597,858,1,receive,373343766,3864831
377209044,150,5,receive,373400589,3808455
377209480,330,1,receive,373400981,3808499
377209954,560,1,receive,373401198,3808756
377210415,204,2,receive,373401651,3808764
377210885,564,1,receive,373401672,3809213
377439541,222,3,receive,373402437,4037104
377440026,778,7,receive,373402673,4037353
377440463,230,4,receive,373403215,4037248
377440900,586,1,receive,373403229,4037671
377441359,670,3,receive,373403888,4037471
377441862,982,1,receive,373404064,4037798
377442487,592,2,receive,373404299,4038188
377443042,994,1,receive,373404655,4038387
377443528,554,3,receive,373404704,4038824
377444012,634,4,receive,373405133,4038879
377636062,634,5,receive,373405599,4230463
377636534,426,6,receive,373405950,4230584
377636991,964,3,receive,373407361,4229630
377637441,316,2,receive,373407547,4229894
377637923,844,1,receive,373407892,4230031
377638367,586,2,receive,373408806,4229561
377638828,566,1,receive,373360373,4278455
377639278,482,1,receive,373410119,4229159
377639724,370,1,receive,373410438,4229286
377856864,836,1,receive,373411253,4445611
377857326,54,2,receive,373411868,4445458
377857798,836,2,receive,373411872,4445926
377858255,150,6,receive,373412059,4446196
377858704,252,2,receive,373415349,4443355
377859155,312,3,receive,373415998,4443157
377859628,448,2,receive,373327134,4532494
377860100,238,1,receive,373416159,4443941
377860552,312,4,receive,373416340,4444212
378062692,396,1,receive,373416732,4645960
378063203,868,4,receive,373416750,4646453
378063789,640,2,receive,373417199,4646590
378064327,318,1,receive,373417412,4646915
378064810,746,1,receive,373420030,4644780
378065348,530,2,receive,373420076,4645272
378325365,192,2,receive,373420126,4905239
378325822,810,1,receive,373420516,4905306
378326278,502,1,receive,373422960,4903318
378326756,888,1,receive,373423157,4903599
378327229,892,1,receive,373424788,4902441
378327674,896,1,receive,373425194,4902480
378328137,244,1,receive,373425208,4902929
378328579,924,1,receive,373425571,4903008
378329022,82,3,receive,373387972,4941050
378329471,964,4,receive,373427070,4902401
378524869,300,2,receive,373427165,5097704
378525328,492,3,receive,373427954,5097374
378525779,166,4,receive,373430014,5095765
378526241,332,2,receive,373417168,5109073
378526682,428,1,receive,373430101,5096581
378527132,792,1,receive,373430663,5096469
378527627,450,1,receive,373431662,5095965
378528101,582,2,receive,373432544,5095557
378528553,506,1,receive,373432861,5095692
378529003,538,1,receive,373433495,5095508
378734462,478,1,receive,373433985,5300477
378734918,230,5,receive,373434750,5300168
378735365,498,1,receive,373436296,5299069
378735810,964,5,receive,373438204,5297606
378736273,166,5,receive,373438419,5297854
378736714,300,3,receive,373438927,5297787
378737165,224,1,receive,373439255,5297910
378737633,124,1,receive,373430406,5307227
378738108,486,6,receive,373440016,5298092
378738560,860,1,receive,373336252,5402308
378945555,136,1,receive,373374011,5571544
378946045,258,1,receive,373440131,5505914
378946517,788,1,receive,373440383,5506134
378946973,584,1,receive,373440677,5506296
378947444,860,2,receive,373442319,5505125
378947906,972,3,receive,373442573,5505333
378948363,352,2,receive,373443173,5505190
378948822,598,2,receive,373443786,5505036
378949313,312,5,receive,373444006,5505307
378949815,612,3,receive,373444252,5505563
379146711,868,5,receive,373446264,5700447
379147230,150,7,receive,373447583,5699647
379147689,730,3,receive,373448020,5699669
379148163,964,6,receive,373450038,5698125
379148622,358,1,receive,373450130,5698492
379149102,364,1,receive,373450269,5698833
379149560,430,1,receive,373450892,5698668
379150033,240,1,receive,373451132,5698901
379150506,312,6,receive,373451246,5699260
379326368,656,1,receive,373452049,5874319
379326864,284,2,receive,373428397,5898467
379327322,696,1,receive,373453421,5873901
379327809,362,1,receive,373453682,5874127
379328272,320,5,receive,373453829,5874443
379328730,252,3,receive,373455163,5873567
379329187,274,2,receive,373407508,5921679
379329655,338,2,receive,373455536,5874119
379330194,510,1,receive,373456262,5873932
379330681,730,4,receive,373457374,5873307
379499072,868,6,receive,373457618,6041454
379499540,420,1,receive,373457777,6041763
379499989,456,3,receive,373458002,6041987
379500458,240,2,receive,373458406,6042052
379500964,228,1,receive,373458664,6042300
379501617,404,1,receive,373458775,6042842
379502069,766,3,receive,373459094,6042975
379502539,606,1,receive,373459342,6043197
379503015,356,1,receive,373459582,6043433
379503495,908,1,receive,373460048,6043447
379660214,304,1,receive,373460382,6199832
379660669,236,1,receive,373460929,6199740
379661122,178,1,receive,373391181,6269941
379661595,500,1,receive,373461772,6199823
379662049,598,3,receive,373462312,6199737
379662511,616,1,receive,373463550,6198961
379662960,334,1,receive,373464651,6198309
379663406,360,1,receive,373465058,6198348
379663868,634,6,receive,373465210,6198658
379806060,252,4,receive,373467636,6338424
379806548,418,4,receive,373573976,6232572
379806998,522,1,receive,373574845,6232153
379807455,390,4,receive,373575419,6232036
379807956,400,7,receive,373575596,6232360
379808407,774,3,receive,373575763,6232644
379808865,150,11,receive,373575853,6233012
379809319,492,8,receive,373575797,6233522
379809790,750,2,receive,373576598,6233192
379962140,370,3,receive,373576761,6385379
379962620,804,6,receive,373576765,6385855
379963088,544,2,receive,373576599,6386489
379963573,478,4,receive,373577014,6386559
379964074,408,6,receive,373577728,6386346
379964544,972,6,receive,373577886,6386658
379965010,724,2,receive,373578587,6386423
379965501,682,1,receive,373578927,6386574
379965972,688,1,receive,373579110,6386862
379966446,634,10,receive,373579551,6386895
380126960,348,3,receive,373579720,6547240
380127439,312,9,receive,373579909,6547530
380127909,374,1,receive,373579869,6548040
380128377,654,1,receive,373580044,6548333
380128859,314,5,receive,373580059,6548800
380129426,660,1,receive,373581123,6548303
380129959,676,1,receive,373581305,6548654
380130424,498,5,receive,373581455,6548969
380130929,972,7,receive,373582048,6548881
380277117,690,2,receive,373582136,6694981
380277592,128,7,receive,373583338,6694254
380278050,656,2,receive,373554570,6723480
380278507,612,7,receive,373583542,6694965
380278964,270,2,receive,373584090,6694874
380279417,14,8,receive,373335093,6944324
380279891,400,8,receive,373586052,6693839
380280357,948,1,receive,373521118,6759239
380280813,880,1,receive,373533517,6747296
380281341,368,2,receive,373569498,6711843
380406860,826,2,receive,373794891,6611969
380407321,472,2,receive,373638383,6768938
380407774,710,2,receive,373834303,6573471
380408209,136,3,receive,373775557,6632652
380408637,288,4,receive,373694943,6713694
380409127,714,4,receive,373723306,6685821
380409553,574,9,receive,373836936,6572617
380410033,844,2,receive,373777536,6632497
380410467,700,1,receive,373613443,6797024
380410909,516,4,receive,373687317,6723592
380520223,956,3,receive,373785481,6734742
380520680,594,7,receive,373838782,6681898
380521345,962,1,receive,373708808,6812537
380521908,450,5,receive,373762824,6759084
380522411,266,11,receive,373815105,6707306
380522854,132,3,receive,373774999,6747855
380523329,748,3,receive,373747821,6775508
380523781,568,1,receive,373575024,6948757
380524241,172,3,receive,373334251,7189990
380524692,978,1,receive,373658662,6866030
380636499,732,6,receive,373810985,6825514
380637108,160,5,receive,373703481,6933627
380637603,334,3,receive,373679227,6958376
380638152,416,9,receive,373865968,6772184
380638769,424,6,receive,373937894,6700875
380639228,968,3,receive,373910713,6728515
380639762,890,3,receive,373998522,6641240
380643709,886,4,receive,374010844,6632865
380756168,720,3,receive,373942994,6813174
380756722,330,7,receive,373982298,6774424
380757209,188,5,receive,373973959,6783250
380757702,562,2,receive,374000150,6757552
380758193,976,3,receive,373937988,6820205
380758666,356,7,receive,373999657,6759009
380759157,82,7,receive,373955179,6803978
380759705,740,6,receive,373956476,6803229
380760329,188,6,receive,374226720,6533609
380868549,588,2,receive,374099476,6769073
380869016,496,8,receive,374207284,6661732
380869492,266,13,receive,374192474,6677018
380870017,730,11,receive,374422511,6447506
380870913,192,7,receive,374250925,6619988
380871394,762,8,receive,374223195,6648199
380871850,800,5,receive,374207854,6663996
380872321,368,13,receive,374100879,6771442
380872781,130,9,receive,374160011,6712770
380983757,384,8,receive,374485452,6498305
380984256,342,8,receive,374491197,6493059
380984768,758,6,receive,374458790,6525978
380985426,834,4,receive,374475277,6510149
380985971,576,4,receive,374301662,6684309
380986474,738,5,receive,374486350,6500124
380986985,996,6,receive,374438724,6548261
380987571,280,5,receive,374475500,6512071
380988170,206,9,receive,374673407,6314763
381095975,384,9,receive,374697584,6398391
381096460,342,9,receive,374709522,6386938
381096928,896,9,receive,374661402,6435526
381097405,196,14,receive,374626920,6470485
381097920,896,10,receive,374893493,6204427
381098397,576,6,receive,374893650,6204747
381098904,344,9,receive,374679428,6419476
381220875,692,7,receive,374733142,6487733
381221736,736,7,receive,374921811,6299925
381222305,996,8,receive,374890438,6331867
381223025,730,12,receive,374462593,6760432
381223570,760,7,receive,374911696,6311874
381224113,290,7,receive,374905062,6319051
381224899,342,10,receive,374937990,6286909
381331877,570,8,receive,374864919,6466958
381332361,106,9,receive,374882132,6450229
381333151,562,7,receive,374907225,6425926
381334025,966,13,receive,374923536,6410489
381334538,178,8,receive,374925651,6408887
381335152,192,11,receive,375176886,6158266
381335983,382,12,receive,375132843,6203140
381428449,930,8,receive,375176746,6251703
381428877,86,11,receive,375122072,6306805
381429352,178,9,receive,375155687,6273665
381429848,462,5,receive,375050961,6378887
381432583,162,9,receive,375114658,6317925
381530040,510,11,receive,374817027,6713013
381530488,930,9,receive,375365236,6165252
381531116,296,15,receive,375148469,6382647
381531688,736,10,receive,375591989,5939699
381532164,162,10,receive,375381805,6150359
381532618,786,12,receive,375400492,6132126
381533118,104,13,receive,375377366,6155752
381533595,512,8,receive,375380428,6153167
381534092,758,11,receive,375393718,6140374
381534596,910,8,receive,375307391,6227205
381622599,192,12,receive,375400950,6221649
381623085,192,13,receive,375627294,5995791
381623560,734,18,receive,375620461,6003099
381624101,240,13,receive,375632213,5991888
381624581,388,11,receive,375665589,5958992
381625106,948,9,receive,375599737,6025369
381625583,910,9,receive,375631146,5994437
381626061,820,10,receive,375659622,5966439
381626551,104,15,receive,375634855,5991696
381627023,252,17,receive,375620802,6006221
381714574,786,13,receive,375631362,6083212
381715060,786,14,receive,375846352,5868708
381715832,572,14,receive,375852806,5863026
381716306,504,13,receive,375866652,5849654
381716791,878,14,receive,375792131,5924660
381717265,704,12,receive,375840087,5877178
381717750,252,18,receive,375865986,5851764
381718260,574,20,receive,375888519,5829741
381718716,102,13,receive,375849421,5869295
381719157,20,16,receive,375906281,5812876
381719644,50,12,receive,375875255,5844389
381808442,252,19,receive,376080550,5727892
381808907,386,16,receive,376096548,5712359
381809353,966,19,receive,376094908,5714445
381809799,56,14,receive,376074347,5735452
381810289,102,14,receive,376085929,5724360
381810822,772,11,receive,376056621,5754201
381811306,74,18,receive,376110481,5700825
381811764,252,20,receive,376103620,5708144
381812240,824,15,receive,376110738,5701502
381812719,286,14,receive,376100127,5712592
381813192,574,21,receive,376110902,5702290
381893179,706,11,receive,376339491,5553688
381894057,890,10,receive,376331280,5562777
381894546,134,15,receive,376547264,5347282
381895035,650,14,receive,376311942,5583093
381895516,524,23,receive,376299151,5596365
381896024,504,15,receive,376352953,5543071
381896521,62,17,receive,376363608,5532913
381897322,226,16,receive,376337176,5560146
381992051,604,15,receive,376355044,5637007
381992488,674,15,receive,376568379,5424109
381992958,892,17,receive,376541466,5451492
381993496,746,22,receive,376577728,5415768
381993970,288,16,receive,376570203,5423767
381994470,62,18,receive,376562698,5431772
381994973,390,16,receive,376600013,5394960
381995648,114,17,receive,376574092,5421556
381996340,330,18,receive,376562876,5433464
382074211,410,15,receive,376571858,5502353
382075071,580,17,receive,376556601,5518470
382075527,762,19,receive,376789819,5285708
382076013,542,13,receive,376712100,5363913
382076512,270,19,receive,376984457,5092055
382076984,922,15,receive,376780474,5296510
382077485,746,23,receive,376796848,5280637
382078010,304,16,receive,376760016,5317994
382078524,500,15,receive,376813789,5264735
382079011,286,17,receive,376772002,5307009
382161851,842,20,receive,376987649,5174202
382162341,286,18,receive,376988339,5174002
382162867,638,15,receive,376983652,5179215
382163364,580,19,receive,377042823,5120541
382163868,752,16,receive,377012206,5151662
382164359,244,13,receive,376903488,5260871
382164859,904,18,receive,377024173,5140686
382165372,898,18,receive,377012308,5153064
382165947,270,20,receive,376990266,5175681
382166443,180,18,receive,377016360,5150083
382166960,758,19,receive,377008442,5158518
382239472,328,14,receive,377008831,5230641
382239976,422,21,receive,377249846,4990130
382240482,366,23,receive,377265797,4974685
382240993,206,21,receive,377440400,4800593
382241487,702,25,receive,377220859,5020628
382242002,76,20,receive,377227465,5014537
382242516,904,19,receive,377242373,5000143
382243359,250,21,receive,377234208,5009151
382243865,530,17,receive,377241395,5002470
382244380,304,18,receive,377250538,4993842
382318981,10,19,receive,377412173,4906808
382319498,178,20,receive,377459650,4859848
382320006,898,20,receive,377446684,4873322
382320490,160,21,receive,377431108,4889382
382321027,326,20,receive,377430565,4890462
382321573,868,29,receive,377423518,4898055
382322115,446,18,receive,377435516,4886599
382322598,194,21,receive,377415256,4907342
382323151,172,21,receive,377449951,4873200
382323624,364,19,receive,377447004,4876620
382364686,364,20,receive,377652666,4712020
382365174,106,20,receive,377659282,4705892
382365746,858,18,receive,377634823,4730923
382366247,292,21,receive,377685371,4680876
382367026,752,19,receive,377697594,4669432
382367608,78,25,receive,377674517,4693091
382368106,642,18,receive,377679517,4688589
382368736,86,22,receive,377630713,4738023
382369263,70,26,receive,377663967,4705296
382387339,520,24,receive,377876361,4510978
382390085,726,23,receive,377878933,4511152
382394986,712,25,receive,377864508,4530478
382398869,188,20,receive,377879488,4519381
382404356,572,25,receive,377889165,4515191
382407691,632,24,receive,378120979,4286712
382414427,426,23,receive,378073268,4341159
382417271,144,24,receive,378141569,4275702
382420203,934,28,receive,378161649,4258554
382422785,190,22,receive,378144130,4278655
382428469,394,22,receive,378112419,4316050
382430882,538,22,receive,378111911,4318971
382434012,214,21,receive,378150138,4283874
382436747,536,21,receive,378119527,4317220
382440309,458,25,receive,378133280,4307029
382443926,344,25,receive,378376068,4067858
382446832,98,24,receive,378343911,4102921
382450170,804,37,receive,378525022,3925148
382453518,716,25,receive,378342846,4110672
382457014,590,25,receive,378368550,4088464
382460230,596,17,receive,378356486,4103744
382463192,270,27,receive,378367615,4095577
382466689,866,20,receive,378353228,4113461
382469733,398,22,receive,378391298,4078435
382472547,912,25,receive,378374448,4098099
382477158,238,24,receive,378370748,4106410
382481043,536,23,receive,378565889,3915154
382484270,306,25,receive,378561834,3922436
382487750,34,29,receive,378547895,3939855
382491322,758,27,receive,378564513,3926809
382493868,758,28,receive,378737312,3756556
382497431,678,33,receive,378575709,3921722
382501206,460,28,receive,378572239,3928967
382503807,584,30,receive,378738079,3765728
382507459,128,28,receive,378545707,3961752
382510908,220,23,receive,378593156,3917752
382513371,944,24,receive,378802823,3710548
382516171,98,26,receive,378754760,3761411
382519767,596,19,receive,378783499,3736268
382523390,28,27,receive,378797531,3725859
382526590,474,23,receive,378793526,3733064
382528495,448,27,receive,378790225,3738270
382531721,906,26,receive,378755967,3775754
382537407,562,25,receive,378762874,3774533
382541737,964,32,receive,378797633,3744104
382544600,404,26,receive,378767729,3776871
382547303,448,29,receive,378998652,3548651
382551082,842,30,receive,378995169,3555913
382555158,596,20,receive,378957052,3598106
382558267,134,28,receive,378963292,3594975
382562216,996,28,receive,379003925,3558291
382564426,802,31,receive,379035415,3529011
382567400,450,30,receive,378983522,3583878
382570642,996,29,receive,379151665,3418977
382573934,318,26,receive,378963655,3610279
382578017,156,29,receive,379131613,3446404
382581861,630,29,receive,379169073,3412788
382584985,420,29,receive,379219720,3365265
382588360,824,31,receive,379175817,3412543
382590454,370,28,receive,379151916,3438538
382593804,28,29,receive,379162073,3431731
382596756,446,27,receive,379163158,3433598
382603315,436,41,receive,379203966,3399349
382606040,330,31,receive,379191511,3414529
382609824,38,30,receive,379173772,3436052
382612296,892,30,receive,379374948,3237348
382616530,644,20,receive,379350156,3266374
382619634,852,37,receive,379350074,3269560
382622580,478,40,receive,379349600,3272980
382625197,34,33,receive,379369128,3256069
382629018,52,34,receive,379385574,3243444
382639831,22,32,receive,379340159,3299672
382640360,98,29,receive,379353166,3287194
382640858,156,30,receive,379339868,3300990
382641373,264,36,receive,379532029,3109344
382641867,182,30,receive,379536637,3105230
382642363,400,34,receive,379536309,3106054
382642850,22,33,receive,379506727,3136123
382643350,524,40,receive,379541488,3101862
382643832,182,31,receive,379662793,2981039
382678246,708,33,receive,379509005,3169241
382678746,156,31,receive,379527210,3151536
382679249,710,21,receive,379628220,3051029
382679759,52,35,receive,379534717,3145042
382680262,922,32,receive,379641655,3038607
382681200,862,32,receive,379672302,3008898
382681924,30,31,receive,379712127,2969797
382682423,892,32,receive,379697679,2984744
382718873,32,34,receive,379656062,3062811
382719434,192,33,receive,379641503,3077931
382720172,166,39,receive,379709562,3010610
382720676,796,31,receive,379692667,3028009
382721260,22,34,receive,379687265,3033995
382721758,52,37,receive,379825777,2895981
382722256,64,38,receive,379817662,2904594
382722798,724,28,receive,379843552,2879246
382723283,286,33,receive,379825825,2897458
382757545,830,31,receive,379839151,2918394
382758023,836,38,receive,379847193,2910830
382758780,182,33,receive,379862272,2896508
382759400,286,34,receive,379966661,2792739
382760019,532,31,receive,379835654,2924365
382760606,738,33,receive,379870360,2890246
382761107,370,33,receive,380022550,2738557
382761561,612,42,receive,380042877,2718684
382761967,366,38,receive,380021154,2740813
382762400,64,39,receive,380012615,2749785
382798202,32,36,receive,380019414,2778788
382799066,550,32,receive,379997163,2801903
382799708,470,33,receive,380039280,2760428
382800233,722,32,receive,380013895,2786338
382800976,238,35,receive,380040218,2760758
382801792,806,39,receive,380130236,2671556
382802297,620,38,receive,380182092,2620205
382830509,584,42,receive,380206068,2624441
382831006,72,38,receive,380127652,2703354
382831507,252,42,receive,380160833,2670674
382831997,266,41,receive,380185867,2646130
382832482,332,37,receive,380163050,2669432
382833639,256,39,receive,380153835,2679804
382834131,602,36,receive,380141322,2692809
382834723,622,26,receive,380145189,2689534
382868400,364,34,receive,380294165,2574235
382868995,366,41,receive,380306098,2562897
382870018,354,37,receive,380312137,2557881
382870503,722,34,receive,380300895,2569608
382871004,898,37,receive,380326970,2544034
382871695,512,32,receive,380344988,2526707
382872209,340,37,receive,380231427,2640782
382872743,754,36,receive,380333454,2539289
382873259,612,44,receive,380315642,2557617
382873776,642,37,receive,380410909,2462867
382874261,30,38,receive,380461275,2412986
382874758,366,42,receive,380427928,2446830
382875252,738,38,receive,380416998,2458254
382908594,218,36,receive,380482339,2426255
382909018,354,38,receive,380440117,2468901
382909420,20,39,receive,380429281,2480139
382909827,166,46,receive,380427356,2482471
382910263,694,36,receive,380448811,2461452
382910662,912,38,receive,380443952,2466710
382911057,642,38,receive,380542659,2368398
382911447,668,36,receive,380533080,2378367
382912063,484,34,receive,380555094,2356969
382912555,962,36,receive,380565191,2347364
382913071,304,37,receive,380530606,2382465
382913490,722,36,receive,380562643,2350847
382913896,870,33,receive,380519246,2394650
382952643,738,39,receive,380531843,2420800
382953090,572,41,receive,380530331,2422759
382953560,870,34,receive,380682271,2271289
382953985,220,39,receive,380664050,2289935
382954399,38,41,receive,380652164,2302235
382954808,962,37,receive,380660514,2294294
382955207,470,38,receive,380660218,2294989
382955750,976,36,receive,380708071,2247679
382956217,144,43,receive,380692762,2263455
382956636,912,40,receive,380663718,2292918
382957037,128,42,receive,380666145,2290892
382986348,858,38,receive,380770451,2215897
382986853,694,39,receive,380774536,2212317
382987333,194,44,receive,380869944,2117389
382987996,364,38,receive,380771917,2216079
382988463,366,45,receive,380793180,2195283
382988975,520,43,receive,380760611,2228364
382989456,650,39,receive,380803939,2185517
382989934,304,40,receive,380759319,2230615
382990424,678,49,receive,380809981,2180443
382990955,394,38,receive,380888597,2102358
382991508,72,45,receive,380906729,2084779
383026780,962,39,receive,380876849,2149931
383027194,136,44,receive,380891543,2135651
383028238,330,44,receive,380885867,2142371
383028679,394,39,receive,380987379,2041300
383029378,790,48,receive,380924757,2104621
383029811,678,51,receive,380925358,2104453
383030281,850,42,receive,380902684,2127597
383030850,720,36,receive,381007724,2023126
383031290,446,41,receive,380998863,2032427
383031798,712,45,receive,381003577,2028221
383032258,796,43,receive,381097011,1935247
383076485,72,46,receive,381011892,2064593
383076978,850,43,receive,381007389,2069589
383077467,952,38,receive,381022995,2054472
383077979,156,45,receive,381160836,1917143
383078466,886,47,receive,381152622,1925844
383078968,720,37,receive,381132220,1946748
383079456,220,43,receive,381125171,1954285
383080049,876,43,receive,381154597,1925452
383080557,304,43,receive,381133006,1947551
383081246,716,43,receive,381132135,1949111
383081754,684,49,receive,381223537,1858217
383082265,672,48,receive,381243093,1839172
383082764,716,44,receive,381244864,1837900
383125952,446,44,receive,381285090,1840862
383126480,340,46,receive,381239679,1886801
383126974,572,47,receive,381251948,1875026
383127456,768,45,receive,381259286,1868170
383127971,796,46,receive,381338074,1789897
383128466,804,57,receive,381388128,1740338
383128954,996,49,receive,381413971,1714983
383129441,504,46,receive,381386215,1743226
383129946,34,50,receive,381380933,1749013
383130466,62,52,receive,381514815,1615651
383130962,804,58,receive,381468445,1662517
383131801,684,51,receive,381435158,1696643
383170300,106,45,receive,381431258,1739042
383170970,736,46,receive,381488320,1682650
383171599,612,55,receive,381472768,1698831
383172140,712,49,receive,381441411,1730729
383172594,214,45,receive,381513799,1658795
383173035,80,47,receive,381498321,1674714
383173465,446,47,receive,381535031,1638434
383173888,734,54,receive,381584555,1589333
383174451,120,48,receive,381558592,1615859
383210203,550,47,receive,381559584,1650619
383210705,876,49,receive,381601509,1609196
383211228,692,53,receive,381591350,1619878
383212101,702,54,receive,381557507,1654594
383212587,976,48,receive,381586066,1626521
383213249,978,43,receive,381595132,1618117
383214200,978,44,receive,381629819,1584381
383254577,356,49,receive,381594721,1659856
383255027,996,54,receive,381715717,1539310
383255472,68,52,receive,381660022,1595450
383255881,638,45,receive,381666637,1589244
383256302,808,57,receive,381663771,1592531
383256722,136,52,receive,381655118,1601604
383257186,226,49,receive,381658215,1598971
383257628,120,49,receive,381648340,1609288
383258027,522,53,receive,381661776,1596251
383258428,248,51,receive,381663995,1594433
383258842,908,54,receive,381653024,1605818
383259314,764,49,receive,381648622,1610692
383259746,902,46,receive,381760012,1499734
383260190,38,52,receive,381774484,1485706
383260615,796,51,receive,381779750,1480865
383261064,676,47,receive,381772430,1488634
383261506,908,55,receive,381748976,1512530
383295123,994,50,receive,381755661,1539462
383295562,512,46,receive,381763173,1532389
383295968,946,54,receive,381745341,1550627
383296370,446,52,receive,381780817,1515553
383296851,330,53,receive,381741782,1555069
383297264,330,54,receive,381856356,1440908
383297673,886,55,receive,381863946,1433727
383298175,214,50,receive,381832837,1465338
383298615,770,51,receive,381851800,1446815
383299058,672,55,receive,381856084,1442974
383299464,878,48,receive,381843386,1456078
383299974,994,51,receive,381848119,1451855
383319040,512,47,receive,381827448,1491592
383321098,964,59,receive,381845348,1475750
383323054,984,52,receive,381935387,1387667
383325235,876,54,receive,381956361,1368874
383327529,490,53,receive,381938380,1389149
383329322,670,63,receive,381969965,1359357
