receive_timestamp,source_vehicle,message_id,event_type,send_timestamp,latency_us
373470207,320,1,receive,373296620,173587
373470664,108,2,receive,373288603,182061
373471066,84,1,receive,373282609,188457
373471431,302,1,receive,373297189,174242
373471901,84,2,receive,373297268,174633
373472257,612,1,receive,373297315,174942
373472596,150,2,receive,373297382,175214
373472932,974,1,receive,373292613,180319
373473268,674,1,receive,373297959,175309
373473630,106,2,receive,373298141,175489
373473979,778,3,receive,373298369,175610
373474327,104,3,receive,373300144,174183
373803100,98,2,receive,373301015,502085
373803635,152,3,receive,373301213,502422
373804176,384,1,receive,373301901,502275
373804571,86,2,receive,373303095,501476
373804967,448,1,receive,373303372,501595
373805348,486,1,receive,373304542,500806
373805723,42,3,receive,373242320,563403
373806183,426,1,receive,373306585,499598
373806587,160,2,receive,373306687,499900
373806965,634,1,receive,373308105,498860
373807330,870,1,receive,373309486,497844
374069639,210,1,receive,373310039,759600
374070215,26,4,receive,373245006,825209
374070621,114,4,receive,373311673,758948
374071027,64,3,receive,373282318,788709
374071527,30,1,receive,373312619,758908
374071945,196,4,receive,373313394,758551
374072354,974,2,receive,373314787,757567
374072798,140,2,receive,373316070,756728
374073211,104,4,receive,373316474,756737
374073730,184,4,receive,373316662,757068
374074139,166,1,receive,373316885,757254
374319705,128,4,receive,373317077,1002628
374320176,50,1,receive,373318434,1001742
374320758,790,1,receive,373318464,1002294
374321207,798,1,receive,373318566,1002641
374321654,196,5,receive,373318774,1002880
374322095,54,1,receive,373318997,1003098
374322529,18,2,receive,373320016,1002513
374322992,202,3,receive,373294291,1028701
374323439,80,1,receive,373322157,1001282
374323885,86,3,receive,373322441,1001444
374563957,400,1,receive,373323456,1240501
374564493,122,1,receive,373296841,1267652
374565217,158,1,receive,373304081,1261136
374565637,230,2,receive,373326675,1238962
374566139,320,2,receive,373327062,1239077
374566560,98,3,receive,373323391,1243169
374566977,384,2,receive,373330017,1236960
374567392,252,1,receive,373331018,1236374
374567842,634,2,receive,373331441,1236401
374568295,632,1,receive,373332263,1236032
374568738,118,1,receive,373332253,1236485
374823608,6,4,receive,373278304,1545304
374824024,90,3,receive,373332855,1491169
374824551,818,1,receive,373332891,1491660
374824946,90,4,receive,373333221,1491725
374825431,400,2,receive,373333307,1492124
374825830,150,3,receive,373334297,1491533
374826225,44,5,receive,373273715,1552510
374826675,154,2,receive,373334689,1491986
374827105,486,2,receive,373334774,1492331
374827500,758,1,receive,373334743,1492757
374827890,182,3,receive,373296292,1531598
374828270,206,2,receive,373335639,1492631
375095441,972,1,receive,373336349,1759092
375095998,798,2,receive,373336605,1759393
375096399,728,1,receive,373337175,1759224
375096793,152,4,receive,373321810,1774983
375097191,58,4,receive,373280331,1816860
375097679,670,1,receive,373337448,1760231
375098096,132,1,receive,373337427,1760669
375098792,766,1,receive,373337608,1761184
375099210,84,3,receive,373324172,1775038
375099913,312,1,receive,373339142,1760771
375332894,312,2,receive,373339616,1993278
375333355,100,1,receive,373257727,2075628
375333908,96,3,receive,373340772,1993136
375334357,274,1,receive,373342284,1992073
375334762,188,2,receive,373340656,1994106
375335190,204,1,receive,373342449,1992741
375335591,426,2,receive,373343822,1991769
375335991,338,1,receive,373344313,1991678
375336480,18,3,receive,373343300,1993180
375336884,12,5,receive,373315677,2021207
375337346,138,1,receive,373345262,1992084
375589358,626,1,receive,373345494,2243864
375589779,110,3,receive,373345744,2244035
375590444,590,5,receive,373345797,2244647
375590884,782,1,receive,373346124,2244760
375591284,160,3,receive,373346421,2244863
375591672,290,1,receive,373311159,2280513
375592120,964,1,receive,373346825,2245295
375592520,96,4,receive,373346856,2245664
375592923,432,2,receive,373347684,2245239
375593327,670,2,receive,373349026,2244301
375593736,632,2,receive,373350024,2243712
375850288,106,3,receive,373351343,2498945
375850706,708,1,receive,373351772,2498934
375851253,158,2,receive,373351916,2499337
375851718,150,4,receive,373352784,2498934
375852131,284,1,receive,373353815,2498316
375852631,70,5,receive,373288342,2564289
375853158,426,3,receive,373354781,2498377
375853593,868,2,receive,373354805,2498788
375853993,730,1,receive,373355393,2498600
375854394,206,3,receive,373355353,2499041
375854803,1000,1,receive,373355649,2499154
376087145,382,1,receive,373356097,2731048
376087551,320,3,receive,373357048,2730503
376089688,80,2,receive,373357455,2732233
376090100,36,2,receive,373357977,2732123
376090483,56,3,receive,373241375,2849108
376090860,490,1,receive,373358269,2732591
376091323,400,3,receive,373358854,2732469
376091794,554,1,receive,373359320,2732474
376092185,598,1,receive,373359649,2732536
376092565,104,5,receive,373360476,2732089
376092976,212,1,receive,373360429,2732547
376093433,818,2,receive,373360893,2732540
376341743,128,5,receive,373361359,2980384
376342221,190,1,receive,373362713,2979508
376342761,764,1,receive,373362713,2980048
376343148,210,2,receive,373363083,2980065
376343538,230,3,receive,373364522,2979016
376343942,778,4,receive,373364429,2979513
376344363,592,1,receive,373364608,2979755
376344759,488,1,receive,373367149,2977610
376345156,426,4,receive,373367583,2977573
376345550,332,1,receive,373367726,2977824
376345978,354,1,receive,373368455,2977523
376580662,582,1,receive,373368957,3211705
376581086,114,5,receive,373368894,3212192
376581632,86,4,receive,373369044,3212588
376582064,640,1,receive,373369448,3212616
376582523,166,2,receive,373358761,3223762
376582967,300,1,receive,373370044,3212923
376583569,192,1,receive,373370182,3213387
376584026,712,1,receive,373370313,3213713
376584435,486,3,receive,373371338,3213097
376584839,130,3,receive,373309045,3275794
376585239,524,1,receive,373374149,3211090
376814142,130,4,receive,373373933,3440209
376814631,530,1,receive,373374600,3440031
376815211,436,1,receive,373374829,3440382
376815676,130,5,receive,373375029,3440647
376816148,636,2,receive,373376013,3440135
376816626,90,5,receive,373376866,3439760
376817108,508,1,receive,373376887,3440221
376817582,130,6,receive,373376476,3441106
376818060,972,2,receive,373377276,3440784
377055114,426,5,receive,373377644,3677470
377055519,634,3,receive,373378345,3677174
377056071,918,1,receive,373378463,3677608
377056447,618,1,receive,373379066,3677381
377056827,166,3,receive,373380013,3676814
377057224,112,2,receive,373285041,3772183
377057596,196,6,receive,373381922,3675674
377058047,868,3,receive,373382063,3675984
377058475,8,5,receive,373278178,3780297
377058886,90,6,receive,373382316,3676570
377059274,400,4,receive,373382781,3676493
377280666,340,1,receive,373296934,3983732
377281104,486,4,receive,373383975,3897129
377281819,432,3,receive,373383008,3898811
377282277,126,2,receive,373305048,3977229
377282682,222,1,receive,373375932,3906750
377283080,316,1,receive,373386209,3896871
377283492,486,5,receive,373386787,3896705
377283941,730,2,receive,373387278,3896663
377284352,2,5,receive,373273391,4010961
377284752,154,3,receive,373388709,3896043
377285144,734,1,receive,373389539,3895605
377535048,444,1,receive,373334200,4200848
377535525,436,2,receive,373390018,4145507
377536093,492,2,receive,373390020,4146073
377536486,638,1,receive,373371725,4164761
377536873,366,1,receive,373390145,4146728
377537258,618,2,receive,373390437,4146821
377537702,62,4,receive,373250337,4287365
377539148,774,1,receive,373390624,4148524
377755291,756,1,receive,373390885,4364406
377755722,554,2,receive,373391272,4364450
377756332,196,7,receive,373391318,4365014
377756738,678,1,receive,373391717,4365021
377757142,964,2,receive,373391772,4365370
377757530,724,1,receive,373392160,4365370
377757944,64,4,receive,373354344,4403600
377758344,488,2,receive,373393759,4364585
377758736,798,3,receive,373393968,4364768
377759123,320,4,receive,373394395,4364728
377759512,222,2,receive,373395466,4364046
377980222,778,5,receive,373395541,4584681
377980682,778,6,receive,373395881,4584801
377981244,32,3,receive,373285087,4696157
377981708,206,4,receive,373396720,4584988
377982167,336,1,receive,373396941,4585226
377982619,2,6,receive,373393761,4588858
377983071,766,2,receive,373397603,4585468
377983528,352,1,receive,373355333,4628195
377983987,164,2,receive,373287511,4696476
377984445,434,1,receive,373398867,4585578
378235290,804,1,receive,373398932,4836358
378235747,456,2,receive,373399942,4835805
378236308,858,1,receive,373343766,4892542
378236755,612,2,receive,373391742,4845013
378237229,150,5,receive,373400589,4836640
378237673,560,1,receive,373401198,4836475
378238127,330,1,receive,373400981,4837146
378238580,204,2,receive,373401651,4836929
378239064,564,1,receive,373401672,4837392
378239524,222,3,receive,373402437,4837087
378239994,778,7,receive,373402673,4837321
378443623,230,4,receive,373403215,5040408
378444138,586,1,receive,373403229,5040909
