receive_timestamp,source_vehicle,message_id,event_type,send_timestamp,latency_us
262794656133,28,1,receive,262794628420,27713
262794656672,20,1,receive,262794628394,28278
262794875138,46,1,receive,262794628724,246414
262794875719,18,1,receive,262794628617,247102
262794876302,8,1,receive,262794629046,247256
262794876891,34,1,receive,262794629216,247675
262794877483,6,1,receive,262794629238,248245
262794878104,38,1,receive,262794629609,248495
262794878698,36,1,receive,262794629900,248798
262794989632,26,1,receive,262794630269,359363
262794990262,66,1,receive,262794630369,359893
262794990874,24,1,receive,262794629183,361691
262794991495,160,1,receive,262794631212,360283
262794992129,42,1,receive,262794631194,360935
262794992754,2,1,receive,262794630980,361774
262795141752,94,1,receive,262794631350,510402
262795142416,112,1,receive,262794631361,511055
262795143065,60,1,receive,262794631516,511549
262795143600,122,1,receive,262794631680,511920
262795144223,74,1,receive,262794631891,512332
262795144875,30,1,receive,262794631961,512914
262795270139,70,1,receive,262794632065,638074
262795270770,22,1,receive,262794632578,638192
262795271440,84,1,receive,262794632626,638814
262795272127,68,1,receive,262794632820,639307
262795272701,48,1,receive,262794632867,639834
262795394315,100,1,receive,262794633176,761139
262795394984,64,1,receive,262794634708,760276
262795395643,102,1,receive,262794636161,759482
262795408332,56,1,receive,262794636706,771626
262795409013,128,1,receive,262794636741,772272
262795409687,72,1,receive,262794637042,772645
262795530778,98,1,receive,262794638100,892678
262795531439,366,1,receive,262794638294,893145
262795532121,398,1,receive,262794638396,893725
262795532795,54,1,receive,262794638424,894371
262795533481,78,1,receive,262794638451,895030
262795672863,118,1,receive,262794639252,1033611
262795673528,40,1,receive,262794639832,1033696
262795674209,108,1,receive,262794640838,1033371
262795674892,86,1,receive,262794641071,1033821
262795675572,234,1,receive,262794641428,1034144
262795793276,106,1,receive,262794641533,1151743
262795793969,428,1,receive,262794641957,1152012
262795794675,392,1,receive,262794641371,1153304
262795795363,136,1,receive,262794642655,1152708
262795880495,422,1,receive,262794642630,1237865
262795881187,142,1,receive,262794643116,1238071
262795881866,90,1,receive,262794644062,1237804
262795882556,278,1,receive,262794645016,1237540
262795883248,132,1,receive,262794645162,1238086
262795883933,96,1,receive,262794645700,1238233
262796033902,262,1,receive,262794646137,1387765
262796034599,82,1,receive,262794647666,1386933
262796035288,110,1,receive,262794648198,1387090
262796035977,12,1,receive,262794651507,1384470
262796036669,372,1,receive,262794651592,1385077
262796147674,156,1,receive,262794652107,1495567
262796148346,198,1,receive,262794652771,1495575
262796149007,186,1,receive,262794653417,1495590
262796149692,16,1,receive,262794654371,1495321
262796150382,376,1,receive,262794656043,1494339
262796269391,582,1,receive,262794656105,1613286
262796270090,380,1,receive,262794656620,1613470
262796270782,210,1,receive,262794657065,1613717
262796271475,580,1,receive,262794657773,1613702
262796272170,218,1,receive,262794659052,1613118
262796358528,596,1,receive,262794659861,1698667
262796359225,50,1,receive,262794660037,1699188
262796359907,76,1,receive,262794660045,1699862
262796360583,44,1,receive,262794661029,1699554
262796361251,592,1,receive,262794664405,1696846
262796361918,420,1,receive,262794665047,1696871
262796489808,588,1,receive,262794665889,1823919
262796490488,150,1,receive,262794668319,1822169
262796491168,632,1,receive,262794668908,1822260
262796491855,164,1,receive,262794669151,1822704
262796492544,384,1,receive,262794669749,1822795
262796611570,14,1,receive,262794650105,1961465
262796612265,542,1,receive,262794672968,1939297
262796612953,628,1,receive,262794676074,1936879
262796613638,52,1,receive,262794677035,1936603
262796614321,590,1,receive,262794679633,1934688
262796728044,170,1,receive,262794680405,2047639
262796728708,226,1,receive,262794680969,2047739
262796731254,364,1,receive,262794682340,2048914
262796731938,10,1,receive,262794651651,2080287
262796732629,88,1,receive,262794684352,2048277
262796842551,134,1,receive,262794684917,2157634
262796843248,358,1,receive,262794685038,2158210
262796843942,120,1,receive,262794685420,2158522
262796844618,758,1,receive,262794685979,2158639
262796845316,166,1,receive,262794688499,2156817
262796936227,208,1,receive,262794691855,2244372
262796936931,344,1,receive,262794693037,2243894
262796964700,832,1,receive,262794694048,2270652
262796965400,794,1,receive,262794695138,2270262
262796966091,442,1,receive,262794697452,2268639
262796966742,450,1,receive,262794698023,2268719
262797066218,162,1,receive,262794700773,2365445
262797067213,802,1,receive,262794702973,2364240
262797087902,812,1,receive,262794703956,2383946
262797088581,834,1,receive,262794704045,2384536
262797164298,126,1,receive,262794705053,2459245
262797164971,824,1,receive,262794709244,2455727
262797165650,818,1,receive,262794710825,2454825
262797198025,552,1,receive,262794712774,2485251
262797209274,752,1,receive,262794715035,2494239
262797209929,274,1,receive,262794718059,2491870
262797262784,830,1,receive,262794719284,2543500
262797263483,480,1,receive,262794719296,2544187
262797301204,822,1,receive,262794719860,2581344
262797317181,618,1,receive,262794721795,2595386
262797376033,520,1,receive,262794730338,2645695
262797376703,630,1,receive,262794730659,2646044
262797377704,500,1,receive,262794731099,2646605
262797401027,526,1,receive,262794732762,2668265
262797421199,348,1,receive,262794733707,2687492
262797465637,508,1,receive,262794734772,2730865
262797466333,836,1,receive,262794737218,2729115
262797467025,792,1,receive,262794738039,2728986
262797484432,762,1,receive,262794738054,2746378
262797485118,820,1,receive,262794738579,2746539
262797485789,168,1,receive,262794739068,2746721
262797586573,454,1,receive,262794739055,2847518
262797587266,354,1,receive,262794739204,2848062
262797587949,840,1,receive,262794739718,2848231
262797588639,388,1,receive,262794699467,2889172
262797670014,488,1,receive,262794741721,2928293
262797670704,92,1,receive,262794651844,3018860
262797671384,202,1,receive,262794745539,2925845
262797709420,816,1,receive,262794745511,2963909
262797744328,244,1,receive,262794745732,2998596
262797744992,212,1,receive,262794749217,2995775
262797806890,432,1,receive,262794657302,3149588
262797807583,178,1,receive,262794679202,3128381
262797808274,352,1,receive,262794747193,3061081
262797808962,610,1,receive,262794753207,3055755
262797890026,634,1,receive,262794756062,3133964
262797890722,540,1,receive,262794759061,3131661
262797891421,786,1,receive,262794759277,3132144
262797892115,494,1,receive,262794759442,3132673
262797892799,482,1,receive,262794759783,3133016
262798028500,838,1,receive,262794760973,3267527
262798029187,736,1,receive,262794761059,3268128
262798029851,712,1,receive,262794765916,3263935
262798030519,606,1,receive,262794767049,3263470
262798107917,594,1,receive,262794771037,3336880
262798108596,62,1,receive,262794771460,3337136
262798109269,236,1,receive,262794669024,3440245
262798109950,356,1,receive,262794775038,3334912
262798110648,724,1,receive,262794775084,3335564
262798227376,722,1,receive,262794775712,3451664
262798228072,788,1,receive,262794776734,3451338
262798228751,638,1,receive,262794777049,3451702
262798229438,466,1,receive,262794779063,3450375
262798230112,754,1,receive,262794779855,3450257
262798230774,744,1,receive,262794782098,3448676
262798368195,718,1,receive,262794784101,3584094
262798368883,58,1,receive,262794634580,3734303
262798369589,852,1,receive,262794785938,3583651
262798370284,842,1,receive,262794787098,3583186
262798370960,140,1,receive,262794705034,3665926
262798456859,874,1,receive,262794790712,3666147
262798471165,608,1,receive,262794791047,3680118
262798489363,740,1,receive,262794791185,3698178
262798500219,862,1,receive,262794791404,3708815
262798569388,586,1,receive,262794773034,3796354
262798570068,680,1,receive,262794800964,3769104
262798570734,556,1,receive,262794801210,3769524
262798571398,80,1,receive,262794753077,3818321
262798572096,810,1,receive,262794800687,3771409
262798665684,682,1,receive,262794803273,3862411
262798666424,848,1,receive,262794804357,3862067
262798667095,688,1,receive,262794805146,3861949
262798667759,670,1,receive,262794805425,3862334
262798668437,706,1,receive,262794805754,3862683
262798776755,532,1,receive,262794804039,3972716
262798781937,866,1,receive,262794807290,3974647
262798782637,846,1,receive,262794808433,3974204
262798783333,700,1,receive,262794808661,3974672
262798900543,666,1,receive,262794808832,4091711
262798901279,726,1,receive,262794809152,4092127
262798902386,886,1,receive,262794809654,4092732
262798903092,280,1,receive,262794804038,4099054
262798903794,534,1,receive,262794810019,4093775
262798996484,742,1,receive,262794810046,4186438
262798997165,734,1,receive,262794805975,4191190
262798997853,738,1,receive,262794804564,4193289
262798998548,578,1,receive,262794813571,4184977
262799105238,614,1,receive,262794818064,4287174
262799106020,766,1,receive,262794818592,4287428
262799106708,814,1,receive,262794819547,4287161
262799107373,760,1,receive,262794820818,4286555
262799108035,620,1,receive,262794817830,4290205
262799108699,864,1,receive,262794816273,4292426
262799238773,612,1,receive,262794824582,4414191
262799239544,768,1,receive,262794826059,4413485
262799240217,472,1,receive,262794824203,4416014
262799240901,890,1,receive,262794828041,4412860
262799241589,902,1,receive,262794828444,4413145
262799345116,878,1,receive,262794829373,4515743
262799345803,558,1,receive,262794826751,4519052
262799346486,882,1,receive,262794827769,4518717
262799347179,730,1,receive,262794831114,4516065
262799347868,780,1,receive,262794831798,4516070
262799466120,32,1,receive,262794664030,4802090
262799466807,174,1,receive,262794707028,4759779
262799467501,538,1,receive,262794831395,4636106
262799468196,774,1,receive,262794834551,4633645
262799468877,782,1,receive,262794831156,4637721
262799579102,636,1,receive,262794835757,4743345
262799579775,230,1,receive,262794836017,4743758
262799580440,568,1,receive,262794828903,4751537
262799581114,276,1,receive,262794718788,4862326
262799581799,184,1,receive,262794837518,4744281
262799715494,888,1,receive,262794838015,4877479
262799716162,708,1,receive,262794823509,4892653
262799716807,704,1,receive,262794836511,4880296
262799717475,536,1,receive,262794827439,4890036
262799789692,884,1,receive,262794818675,4971017
262799790378,880,1,receive,262794828803,4961575
262799803279,856,1,receive,262794841630,4961649
262799803962,674,1,receive,262794842731,4961231
262799804626,678,1,receive,262794849031,4955595
262799890296,868,1,receive,262794833809,5056487
262799890974,698,1,receive,262794848604,5042370
262799891654,806,1,receive,262794853081,5038573
262799915051,778,1,receive,262794855512,5059539
262799915724,720,1,receive,262794843242,5072482
262799985421,844,1,receive,262794842017,5143404
262799986092,900,1,receive,262794839300,5146792
262799986730,464,1,receive,262794827781,5158949
262799987366,804,1,receive,262794860983,5126383
262799987939,444,1,receive,262794861645,5126294
262800081974,790,1,receive,262794850137,5231837
262800082639,896,1,receive,262794858653,5223986
262800083286,870,1,receive,262794831029,5252257
262800083967,912,1,receive,262794858038,5225929
262800084649,116,1,receive,262794852130,5232519
262800175948,716,1,receive,262794853883,5322065
262800176612,876,1,receive,262794852260,5324352
262800177263,732,1,receive,262794852037,5325226
262800177895,854,1,receive,262794864460,5313435
262800178550,914,1,receive,262794874858,5303692
262800266444,828,1,receive,262794871988,5394456
262800267097,910,1,receive,262794873486,5393611
262800267745,892,1,receive,262794863422,5404323
262800268397,600,1,receive,262794874615,5393782
262800269053,924,1,receive,262794879157,5389896
262800269725,918,1,receive,262794884191,5385534
262800354761,858,1,receive,262794875062,5479699
262800355417,628,2,receive,262794887482,5467935
262800356053,222,1,receive,262794858074,5497979
262800373013,826,1,receive,262794888886,5484127
262800373561,908,1,receive,262794887953,5485608
262800425152,916,1,receive,262794895909,5529243
262800425831,898,1,receive,262794897612,5528219
262800426493,206,1,receive,262794894084,5532409
262800427148,906,1,receive,262794896323,5530825
262800427796,176,1,receive,262794885163,5542633
262800517398,850,1,receive,262794880639,5636759
262800518327,702,1,receive,262794859037,5659290
262800535339,920,1,receive,262794906037,5629302
262800555470,904,1,receive,262794898967,5656503
262800556111,104,1,receive,262794693040,5863071
262800556752,894,1,receive,262794910035,5646717
262800630477,714,1,receive,262794869932,5760545
262800631168,432,2,receive,262794897567,5733601
262800631834,362,1,receive,262794890412,5741422
262800632494,74,2,receive,262794891949,5740545
262800633147,138,1,receive,262794906230,5726917
262800633859,872,1,receive,262794868647,5765212
262800757544,926,1,receive,262794922243,5835301
262800758237,860,1,receive,262794864783,5893454
262800758921,928,1,receive,262794926348,5832573
262800774030,922,1,receive,262794927383,5846647
262800774695,442,2,receive,262794921009,5853686
262800866369,172,1,receive,262794871811,5994558
262800867026,152,1,receive,262794921274,5945752
262800867680,418,1,receive,262794895366,5972314
262800868349,12,2,receive,262794920545,5947804
262800869030,958,1,receive,262794999239,5869791
262800869695,964,1,receive,262795001085,5868610
262800974772,954,1,receive,262795002131,5972641
262800975437,948,1,receive,262795005276,5970161
262800976093,42,2,receive,262794953452,6022641
262800976748,594,2,receive,262795128109,5848639
262801059151,372,2,receive,262795117342,5941809
262801059834,936,1,receive,262795163022,5896812
262801060494,166,2,receive,262795160380,5900114
262801061156,274,2,receive,262795127683,5933473
262801061839,682,2,receive,262795174077,5887762
262801062525,76,2,receive,262795242141,5820384
262801178347,954,2,receive,262795186367,5991980
262801179047,80,2,receive,262795265363,5913684
262801179733,168,2,receive,262795223810,5955923
262801180385,344,2,receive,262795348014,5832371
262801181064,862,2,receive,262795319006,5862058
262801181755,638,2,receive,262795420640,5761115
262801294464,234,3,receive,262795361017,5933447
262801295146,422,3,receive,262795381926,5913220
262801295781,118,2,receive,262795369010,5926771
262801296391,382,2,receive,262795487989,5808402
262801297055,912,2,receive,262795505242,5791813
262801297717,206,2,receive,262795518078,5779639
262801394702,76,3,receive,262795473568,5921134
262801395336,838,3,receive,262795469159,5926177
262801395862,812,2,receive,262795552158,5843704
262801396491,914,2,receive,262795515185,5881306
262801397184,74,3,receive,262795547996,5849188
262801397870,364,3,receive,262795585828,5812042
262801520998,98,3,receive,262795668205,5852793
262801521698,66,2,receive,262795737012,5784686
262801522387,924,2,receive,262795771183,5751204
262801523076,930,3,receive,262795787136,5735940
262801523762,120,3,receive,262795770062,5753700
262801579453,156,2,receive,262795808692,5770761
262801580113,752,2,receive,262795724317,5855796
262801612023,220,2,receive,262795775077,5836946
262801629836,936,2,receive,262795890476,5739360
